Thrust#2,128,1,2.96875,1105820
Thrust#2,128,1,3.09375,170
Thrust#2,128,1,3.03125,146
Thrust#2,128,1,3.15625,145
Thrust#2,128,1,3.03125,134
Thrust#2,128,1,3.21875,134
Thrust#2,128,1,3.0625,135
Thrust#2,128,1,3.03125,138
Thrust#2,128,1,3.09375,137
Thrust#2,128,1,3,135
Thrust#2,128,1,3.0625,134
Thrust#2,128,1,3.15625,137
Thrust#2,128,1,3.25,134
Thrust#2,128,1,3.09375,134
Thrust#2,128,1,3.25,137
Thrust#2,128,1,3.3125,134
Thrust#2,128,1,2.9375,134
Thrust#2,128,1,2.875,133
Thrust#2,128,1,3.21875,135
Thrust#2,128,1,2.90625,134
Thrust#2,128,1,3.1875,136
Thrust#2,128,1,3.15625,133
Thrust#2,128,1,3.15625,135
Thrust#2,128,1,3.34375,135
Thrust#2,128,1,3.21875,133
Thrust#2,128,1,3.125,144
Thrust#2,128,1,3.1875,134
Thrust#2,128,1,3.28125,135
Thrust#2,128,1,3.15625,134
Thrust#2,128,1,3.3125,133
Thrust#2,128,1,3.09375,132
Thrust#2,128,1,2.9375,137
Thrust#2,128,1,2.78125,135
Thrust#2,128,1,3.28125,134
Thrust#2,128,1,3.46875,134
Thrust#2,128,1,3.1875,134
Thrust#2,128,1,3.25,135
Thrust#2,128,1,2.9375,133
Thrust#2,128,1,3.1875,133
Thrust#2,128,1,3,141
Thrust#2,128,1,3.0625,132
Thrust#2,128,1,3.125,133
Thrust#2,128,1,3.34375,146
Thrust#2,128,1,2.96875,137
Thrust#2,128,1,3.03125,133
Thrust#2,128,1,3.375,132
Thrust#2,128,1,3.15625,133
Thrust#2,128,1,3.3125,144
Thrust#2,128,1,3.03125,134
Thrust#2,128,1,2.90625,131
Thrust#2,128,1,2.71875,135
Thrust#2,128,1,3.0625,134
Thrust#2,128,1,3.03125,133
Thrust#2,128,1,3.09375,144
Thrust#2,128,1,3.0625,133
Thrust#2,128,1,3.3125,134
Thrust#2,128,1,3.09375,131
Thrust#2,128,1,2.96875,134
Thrust#2,128,1,2.78125,133
Thrust#2,128,1,3.09375,145
Thrust#2,128,1,3.15625,133
Thrust#2,128,1,3.03125,132
Thrust#2,128,1,3.125,133
Thrust#2,128,1,3.375,136
Thrust#2,128,1,3.09375,146
Thrust#2,128,1,3.4375,134
Thrust#2,128,1,3.09375,132
Thrust#2,128,1,3.21875,135
Thrust#2,128,1,3.28125,134
Thrust#2,128,1,2.96875,132
Thrust#2,128,1,3.125,136
Thrust#2,128,1,3.15625,134
Thrust#2,128,1,3.0625,132
Thrust#2,128,1,3,135
Thrust#2,128,1,3.1875,134
Thrust#2,128,1,3.40625,144
Thrust#2,128,1,3.125,133
Thrust#2,128,1,3.03125,132
Thrust#2,128,1,3.40625,132
Thrust#2,128,1,3.125,138
Thrust#2,128,1,3.4375,135
Thrust#2,128,1,3.15625,136
Thrust#2,128,1,3.03125,134
Thrust#2,128,1,3.34375,134
Thrust#2,128,1,2.71875,134
Thrust#2,128,1,3.09375,134
Thrust#2,128,1,3.03125,133
Thrust#2,128,1,3.1875,138
Thrust#2,128,1,2.96875,133
Thrust#2,128,1,3.09375,134
Thrust#2,128,1,3.15625,134
Thrust#2,128,1,3.1875,135
Thrust#2,128,1,3.125,144
Thrust#2,128,1,3.1875,133
Thrust#2,128,1,3.28125,134
Thrust#2,128,1,3.03125,136
Thrust#2,128,1,2.90625,133
Thrust#2,128,1,3.3125,131
Thrust#2,128,1,3.15625,138
Thrust#2,128,1,3.1875,134
Thrust#2,128,1,3.25,133
Thrust#2,128,2,3.125,131
Thrust#2,128,2,3,134
Thrust#2,128,2,3.09375,148
Thrust#2,128,2,3.03125,129
Thrust#2,128,2,3.1875,132
Thrust#2,128,2,3.1875,134
Thrust#2,128,2,3.34375,134
Thrust#2,128,2,3.15625,131
Thrust#2,128,2,3.21875,144
Thrust#2,128,2,3.1875,133
Thrust#2,128,2,2.78125,136
Thrust#2,128,2,3.09375,132
Thrust#2,128,2,3.09375,136
Thrust#2,128,2,3.21875,134
Thrust#2,128,2,3.125,146
Thrust#2,128,2,2.96875,133
Thrust#2,128,2,3.03125,133
Thrust#2,128,2,3.1875,134
Thrust#2,128,2,3.09375,135
Thrust#2,128,2,2.9375,143
Thrust#2,128,2,2.90625,134
Thrust#2,128,2,2.9375,134
Thrust#2,128,2,3.1875,135
Thrust#2,128,2,3.15625,132
Thrust#2,128,2,2.96875,132
Thrust#2,128,2,3.125,148
Thrust#2,128,2,3.03125,133
Thrust#2,128,2,3.21875,133
Thrust#2,128,2,3,132
Thrust#2,128,2,3.15625,137
Thrust#2,128,2,3.21875,136
Thrust#2,128,2,3.21875,137
Thrust#2,128,2,3.15625,135
Thrust#2,128,2,3.15625,135
Thrust#2,128,2,3.0625,132
Thrust#2,128,2,3.09375,132
Thrust#2,128,2,3.5625,143
Thrust#2,128,2,3.21875,135
Thrust#2,128,2,2.875,131
Thrust#2,128,2,3.3125,132
Thrust#2,128,2,3.09375,133
Thrust#2,128,2,3.21875,135
Thrust#2,128,2,3.09375,148
Thrust#2,128,2,3.34375,148
Thrust#2,128,2,3.34375,133
Thrust#2,128,2,3.15625,135
Thrust#2,128,2,3.21875,132
Thrust#2,128,2,2.6875,150
Thrust#2,128,2,3.25,133
Thrust#2,128,2,3.03125,134
Thrust#2,128,2,3.1875,131
Thrust#2,128,2,3.28125,132
Thrust#2,128,2,2.9375,134
Thrust#2,128,2,2.96875,146
Thrust#2,128,2,3.21875,132
Thrust#2,128,2,3.25,132
Thrust#2,128,2,3.09375,134
Thrust#2,128,2,3.21875,135
Thrust#2,128,2,3.15625,142
Thrust#2,128,2,3.25,133
Thrust#2,128,2,3.09375,155
Thrust#2,128,2,3.1875,136
Thrust#2,128,2,3.15625,133
Thrust#2,128,2,3.125,134
Thrust#2,128,2,3.03125,145
Thrust#2,128,2,3.21875,135
Thrust#2,128,2,3.3125,131
Thrust#2,128,2,3.15625,133
Thrust#2,128,2,3.09375,138
Thrust#2,128,2,3,149
Thrust#2,128,2,3.15625,156
Thrust#2,128,2,3.15625,139
Thrust#2,128,2,3.25,139
Thrust#2,128,2,2.84375,139
Thrust#2,128,2,3.21875,145
Thrust#2,128,2,3.46875,143
Thrust#2,128,2,3.03125,140
Thrust#2,128,2,2.90625,132
Thrust#2,128,2,2.96875,133
Thrust#2,128,2,3.1875,142
Thrust#2,128,2,3.15625,140
Thrust#2,128,2,3.53125,165
Thrust#2,128,2,3.25,1142
Thrust#2,128,2,3.125,238
Thrust#2,128,2,3.1875,343
Thrust#2,128,2,3.40625,214
Thrust#2,128,2,3.0625,444
Thrust#2,128,2,3,227
Thrust#2,128,2,3.1875,288
Thrust#2,128,2,3.3125,226
Thrust#2,128,2,3.09375,225
Thrust#2,128,2,3.0625,310
Thrust#2,128,2,3.40625,204
Thrust#2,128,2,3.09375,148
Thrust#2,128,2,3.1875,145
Thrust#2,128,2,3.25,146
Thrust#2,128,2,2.875,152
Thrust#2,128,2,3.125,152
Thrust#2,128,2,3.0625,154
Thrust#2,128,2,2.78125,133
Thrust#2,128,4,3.1875,150
Thrust#2,128,4,3.4375,140
Thrust#2,128,4,3,142
Thrust#2,128,4,3.25,144
Thrust#2,128,4,3.25,143
Thrust#2,128,4,3.15625,142
Thrust#2,128,4,3.28125,140
Thrust#2,128,4,3.15625,139
Thrust#2,128,4,3.21875,143
Thrust#2,128,4,2.9375,441
Thrust#2,128,4,3.03125,190
Thrust#2,128,4,3,165
Thrust#2,128,4,3,153
Thrust#2,128,4,2.9375,154
Thrust#2,128,4,2.96875,155
Thrust#2,128,4,3.28125,157
Thrust#2,128,4,3.125,157
Thrust#2,128,4,3.125,155
Thrust#2,128,4,3.09375,155
Thrust#2,128,4,2.84375,154
Thrust#2,128,4,2.90625,176
Thrust#2,128,4,3.1875,1130
Thrust#2,128,4,2.75,1077
Thrust#2,128,4,3.28125,1059
Thrust#2,128,4,3.03125,1057
Thrust#2,128,4,3.09375,296
Thrust#2,128,4,3.125,251
Thrust#2,128,4,3.375,231
Thrust#2,128,4,3.125,193
Thrust#2,128,4,2.84375,169
Thrust#2,128,4,3.1875,154
Thrust#2,128,4,3.03125,173
Thrust#2,128,4,3.0625,216
Thrust#2,128,4,3.25,189
Thrust#2,128,4,3,152
Thrust#2,128,4,3.21875,153
Thrust#2,128,4,3.375,1283
Thrust#2,128,4,3.375,195
Thrust#2,128,4,3,151
Thrust#2,128,4,3.1875,155
Thrust#2,128,4,2.6875,162
Thrust#2,128,4,3.25,149
Thrust#2,128,4,3.15625,166
Thrust#2,128,4,3.25,152
Thrust#2,128,4,3.28125,146
Thrust#2,128,4,3.0625,144
Thrust#2,128,4,3.0625,142
Thrust#2,128,4,3.25,151
Thrust#2,128,4,3,152
Thrust#2,128,4,3.03125,1376
Thrust#2,128,4,3,160
Thrust#2,128,4,3.125,157
Thrust#2,128,4,3.15625,160
Thrust#2,128,4,3.09375,1280
Thrust#2,128,4,3.25,285
Thrust#2,128,4,3.34375,316
Thrust#2,128,4,3,212
Thrust#2,128,4,3.3125,317
Thrust#2,128,4,3.34375,220
Thrust#2,128,4,3.03125,159
Thrust#2,128,4,3.15625,149
Thrust#2,128,4,2.75,172
Thrust#2,128,4,3.1875,163
Thrust#2,128,4,3.09375,167
Thrust#2,128,4,3.125,385
Thrust#2,128,4,3,240
Thrust#2,128,4,3.15625,167
Thrust#2,128,4,3.0625,163
Thrust#2,128,4,3.375,225
Thrust#2,128,4,3.0625,216
Thrust#2,128,4,3.4375,195
Thrust#2,128,4,3.21875,201
Thrust#2,128,4,3.34375,166
Thrust#2,128,4,3.09375,350
Thrust#2,128,4,3.34375,164
Thrust#2,128,4,3.28125,173
Thrust#2,128,4,3.125,372
Thrust#2,128,4,3.4375,277
Thrust#2,128,4,3.03125,198
Thrust#2,128,4,3.125,157
Thrust#2,128,4,3.15625,148
Thrust#2,128,4,3.15625,149
Thrust#2,128,4,3,143
Thrust#2,128,4,3.09375,142
Thrust#2,128,4,3.28125,149
Thrust#2,128,4,3.21875,150
Thrust#2,128,4,3.21875,153
Thrust#2,128,4,3.375,159
Thrust#2,128,4,3.03125,145
Thrust#2,128,4,3.03125,140
Thrust#2,128,4,3.15625,143
Thrust#2,128,4,3.09375,141
Thrust#2,128,4,3.125,139
Thrust#2,128,4,3.375,143
Thrust#2,128,4,3.09375,144
Thrust#2,128,4,3.1875,141
Thrust#2,128,4,3.15625,140
Thrust#2,128,4,3.03125,140
Thrust#2,128,4,3.0625,147
Thrust#2,128,4,3.1875,139
Thrust#2,128,8,3.125,145
Thrust#2,128,8,3.21875,146
Thrust#2,128,8,3.0625,145
Thrust#2,128,8,3.03125,140
Thrust#2,128,8,3.1875,152
Thrust#2,128,8,3.03125,141
Thrust#2,128,8,3.3125,141
Thrust#2,128,8,3.28125,139
Thrust#2,128,8,3.0625,139
Thrust#2,128,8,3.09375,144
Thrust#2,128,8,3.21875,142
Thrust#2,128,8,2.75,137
Thrust#2,128,8,3.25,139
Thrust#2,128,8,3.0625,140
Thrust#2,128,8,2.84375,141
Thrust#2,128,8,3.21875,143
Thrust#2,128,8,3.1875,139
Thrust#2,128,8,3.09375,139
Thrust#2,128,8,3.03125,141
Thrust#2,128,8,3.0625,139
Thrust#2,128,8,3.09375,139
Thrust#2,128,8,3.25,153
Thrust#2,128,8,3.1875,141
Thrust#2,128,8,3.03125,139
Thrust#2,128,8,3.125,138
Thrust#2,128,8,3,141
Thrust#2,128,8,3.21875,145
Thrust#2,128,8,2.90625,139
Thrust#2,128,8,3,140
Thrust#2,128,8,3.28125,140
Thrust#2,128,8,2.90625,143
Thrust#2,128,8,3.21875,138
Thrust#2,128,8,2.9375,150
Thrust#2,128,8,3.25,141
Thrust#2,128,8,3,140
Thrust#2,128,8,3,137
Thrust#2,128,8,3.1875,139
Thrust#2,128,8,3.34375,152
Thrust#2,128,8,3.0625,141
Thrust#2,128,8,3.03125,158
Thrust#2,128,8,3.21875,142
Thrust#2,128,8,3.1875,151
Thrust#2,128,8,3.0625,141
Thrust#2,128,8,3.21875,159
Thrust#2,128,8,2.875,140
Thrust#2,128,8,3.28125,146
Thrust#2,128,8,3.09375,139
Thrust#2,128,8,2.90625,157
Thrust#2,128,8,2.8125,140
Thrust#2,128,8,3.125,150
Thrust#2,128,8,3.46875,146
Thrust#2,128,8,3.1875,148
Thrust#2,128,8,2.875,140
Thrust#2,128,8,3.125,139
Thrust#2,128,8,3.40625,153
Thrust#2,128,8,3.46875,139
Thrust#2,128,8,3.375,152
Thrust#2,128,8,3.21875,144
Thrust#2,128,8,2.9375,154
Thrust#2,128,8,3.09375,140
Thrust#2,128,8,3.65625,144
Thrust#2,128,8,3.34375,140
Thrust#2,128,8,3.28125,148
Thrust#2,128,8,3.46875,139
Thrust#2,128,8,3.3125,140
Thrust#2,128,8,3.1875,151
Thrust#2,128,8,3.5,143
Thrust#2,128,8,3.1875,136
Thrust#2,128,8,3.0625,141
Thrust#2,128,8,3.40625,146
Thrust#2,128,8,3.0625,144
Thrust#2,128,8,3.15625,156
Thrust#2,128,8,3.125,142
Thrust#2,128,8,3.3125,141
Thrust#2,128,8,3.15625,147
Thrust#2,128,8,3.375,144
Thrust#2,128,8,2.875,140
Thrust#2,128,8,3.1875,153
Thrust#2,128,8,3.09375,190
Thrust#2,128,8,2.9375,153
Thrust#2,128,8,3.28125,139
Thrust#2,128,8,3.40625,144
Thrust#2,128,8,3.03125,228
Thrust#2,128,8,3.25,207
Thrust#2,128,8,3,197
Thrust#2,128,8,2.71875,1231
Thrust#2,128,8,3.1875,193
Thrust#2,128,8,3.0625,139
Thrust#2,128,8,3.28125,158
Thrust#2,128,8,2.9375,145
Thrust#2,128,8,3.28125,137
Thrust#2,128,8,3.125,138
Thrust#2,128,8,3.09375,141
Thrust#2,128,8,3.3125,152
Thrust#2,128,8,3.15625,138
Thrust#2,128,8,3.03125,137
Thrust#2,128,8,3.21875,140
Thrust#2,128,8,3.1875,140
Thrust#2,128,8,3.21875,136
Thrust#2,128,8,3.25,148
Thrust#2,128,16,3.21875,153
Thrust#2,128,16,3.21875,156
Thrust#2,128,16,3,156
Thrust#2,128,16,3.0625,153
Thrust#2,128,16,3.1875,156
Thrust#2,128,16,3.21875,160
Thrust#2,128,16,3.1875,155
Thrust#2,128,16,3.28125,153
Thrust#2,128,16,3,154
Thrust#2,128,16,3.1875,157
Thrust#2,128,16,3.03125,157
Thrust#2,128,16,3.3125,153
Thrust#2,128,16,3.34375,156
Thrust#2,128,16,3.28125,156
Thrust#2,128,16,3,157
Thrust#2,128,16,3.125,155
Thrust#2,128,16,2.84375,158
Thrust#2,128,16,3.4375,158
Thrust#2,128,16,3.0625,154
Thrust#2,128,16,2.96875,155
Thrust#2,128,16,3.21875,155
Thrust#2,128,16,3,159
Thrust#2,128,16,2.96875,154
Thrust#2,128,16,3.15625,156
Thrust#2,128,16,3.09375,164
Thrust#2,128,16,3.15625,181
Thrust#2,128,16,3.09375,196
Thrust#2,128,16,3.21875,1225
Thrust#2,128,16,3.25,267
Thrust#2,128,16,3.0625,197
Thrust#2,128,16,3.21875,165
Thrust#2,128,16,3.3125,161
Thrust#2,128,16,3.09375,169
Thrust#2,128,16,3.03125,249
Thrust#2,128,16,3.21875,204
Thrust#2,128,16,3.25,162
Thrust#2,128,16,3.125,164
Thrust#2,128,16,3.25,163
Thrust#2,128,16,3.375,155
Thrust#2,128,16,3.09375,162
Thrust#2,128,16,3.25,164
Thrust#2,128,16,3.21875,162
Thrust#2,128,16,2.9375,155
Thrust#2,128,16,3.09375,163
Thrust#2,128,16,3.21875,167
Thrust#2,128,16,3.125,161
Thrust#2,128,16,3.28125,154
Thrust#2,128,16,3,163
Thrust#2,128,16,3.1875,163
Thrust#2,128,16,3.34375,167
Thrust#2,128,16,3.34375,160
Thrust#2,128,16,3.28125,164
Thrust#2,128,16,3.28125,162
Thrust#2,128,16,3.15625,168
Thrust#2,128,16,3.09375,161
Thrust#2,128,16,3.09375,171
Thrust#2,128,16,3.34375,163
Thrust#2,128,16,3.09375,162
Thrust#2,128,16,3.15625,154
Thrust#2,128,16,3.1875,174
Thrust#2,128,16,3.21875,165
Thrust#2,128,16,3.09375,168
Thrust#2,128,16,2.875,158
Thrust#2,128,16,3.1875,163
Thrust#2,128,16,3.0625,158
Thrust#2,128,16,3.0625,173
Thrust#2,128,16,3.3125,161
Thrust#2,128,16,3.21875,155
Thrust#2,128,16,3.3125,155
Thrust#2,128,16,3.0625,164
Thrust#2,128,16,3.40625,160
Thrust#2,128,16,3.03125,155
Thrust#2,128,16,3.21875,158
Thrust#2,128,16,3,154
Thrust#2,128,16,3.28125,165
Thrust#2,128,16,2.96875,155
Thrust#2,128,16,3.125,155
Thrust#2,128,16,3.125,157
Thrust#2,128,16,3.25,158
Thrust#2,128,16,2.90625,154
Thrust#2,128,16,2.875,166
Thrust#2,128,16,3.09375,156
Thrust#2,128,16,3.1875,159
Thrust#2,128,16,3.15625,158
Thrust#2,128,16,2.96875,157
Thrust#2,128,16,3.21875,162
Thrust#2,128,16,3.0625,397
Thrust#2,128,16,3.28125,156
Thrust#2,128,16,3.03125,167
Thrust#2,128,16,3.125,158
Thrust#2,128,16,3.125,160
Thrust#2,128,16,3.28125,155
Thrust#2,128,16,2.96875,164
Thrust#2,128,16,3.15625,388
Thrust#2,128,16,3.125,240
Thrust#2,128,16,3.0625,207
Thrust#2,128,16,3.15625,162
Thrust#2,128,16,3.34375,171
Thrust#2,128,16,3.03125,167
Thrust#2,128,16,3.21875,162
Thrust#2,128,32,3.28125,195
Thrust#2,128,32,3.28125,188
Thrust#2,128,32,3.03125,199
Thrust#2,128,32,3.09375,187
Thrust#2,128,32,3.03125,194
Thrust#2,128,32,3.21875,188
Thrust#2,128,32,2.96875,194
Thrust#2,128,32,3.21875,182
Thrust#2,128,32,3.21875,187
Thrust#2,128,32,3.34375,188
Thrust#2,128,32,2.9375,190
Thrust#2,128,32,3.125,197
Thrust#2,128,32,3.28125,191
Thrust#2,128,32,3.40625,189
Thrust#2,128,32,3.03125,188
Thrust#2,128,32,3.0625,181
Thrust#2,128,32,3.25,194
Thrust#2,128,32,2.9375,195
Thrust#2,128,32,3.15625,188
Thrust#2,128,32,3.09375,189
Thrust#2,128,32,3.28125,194
Thrust#2,128,32,3.15625,195
Thrust#2,128,32,3.28125,189
Thrust#2,128,32,3.0625,222
Thrust#2,128,32,3.0625,188
Thrust#2,128,32,3.125,191
Thrust#2,128,32,3.3125,193
Thrust#2,128,32,3.0625,194
Thrust#2,128,32,3.0625,188
Thrust#2,128,32,3.1875,192
Thrust#2,128,32,3.1875,183
Thrust#2,128,32,3.125,196
Thrust#2,128,32,3.15625,188
Thrust#2,128,32,3,192
Thrust#2,128,32,3.125,190
Thrust#2,128,32,3.0625,195
Thrust#2,128,32,3.125,188
Thrust#2,128,32,2.96875,196
Thrust#2,128,32,3,182
Thrust#2,128,32,3.125,194
Thrust#2,128,32,3.4375,187
Thrust#2,128,32,3.28125,190
Thrust#2,128,32,3.09375,194
Thrust#2,128,32,2.90625,195
Thrust#2,128,32,3.09375,188
Thrust#2,128,32,3.09375,192
Thrust#2,128,32,3.21875,192
Thrust#2,128,32,3.15625,196
Thrust#2,128,32,3.4375,187
Thrust#2,128,32,3.03125,178
Thrust#2,128,32,3.09375,190
Thrust#2,128,32,3.03125,183
Thrust#2,128,32,3.28125,186
Thrust#2,128,32,2.9375,181
Thrust#2,128,32,3.125,180
Thrust#2,128,32,3.21875,183
Thrust#2,128,32,3.0625,184
Thrust#2,128,32,3.15625,186
Thrust#2,128,32,3.125,179
Thrust#2,128,32,3.15625,183
Thrust#2,128,32,3.21875,184
Thrust#2,128,32,3.15625,189
Thrust#2,128,32,3.34375,178
Thrust#2,128,32,3.34375,181
Thrust#2,128,32,3.15625,187
Thrust#2,128,32,3.1875,183
Thrust#2,128,32,3.375,180
Thrust#2,128,32,3,186
Thrust#2,128,32,3.15625,181
Thrust#2,128,32,3.03125,185
Thrust#2,128,32,3.0625,179
Thrust#2,128,32,3.28125,192
Thrust#2,128,32,3.25,335
Thrust#2,128,32,3.3125,320
Thrust#2,128,32,3,187
Thrust#2,128,32,2.96875,192
Thrust#2,128,32,3.125,204
Thrust#2,128,32,3.03125,184
Thrust#2,128,32,3.15625,189
Thrust#2,128,32,3.09375,188
Thrust#2,128,32,3.09375,194
Thrust#2,128,32,3.03125,191
Thrust#2,128,32,3.09375,188
Thrust#2,128,32,3.28125,189
Thrust#2,128,32,3.28125,190
Thrust#2,128,32,3.3125,195
Thrust#2,128,32,3.28125,186
Thrust#2,128,32,3,188
Thrust#2,128,32,3.25,191
Thrust#2,128,32,3.25,201
Thrust#2,128,32,3.40625,188
Thrust#2,128,32,2.84375,188
Thrust#2,128,32,3.03125,191
Thrust#2,128,32,3.1875,185
Thrust#2,128,32,3.25,190
Thrust#2,128,32,3.125,195
Thrust#2,128,32,3.03125,192
Thrust#2,128,32,3,183
Thrust#2,128,32,3.125,178
Thrust#2,128,32,3.15625,189
Thrust#2,128,64,3.1875,249
Thrust#2,128,64,3.1875,245
Thrust#2,128,64,3.34375,246
Thrust#2,128,64,2.90625,247
Thrust#2,128,64,2.96875,249
Thrust#2,128,64,3.40625,245
Thrust#2,128,64,2.96875,286
Thrust#2,128,64,3.28125,282
Thrust#2,128,64,3.3125,250
Thrust#2,128,64,2.9375,245
Thrust#2,128,64,3.1875,237
Thrust#2,128,64,3.21875,242
Thrust#2,128,64,3.09375,250
Thrust#2,128,64,3.28125,245
Thrust#2,128,64,3.25,237
Thrust#2,128,64,3.15625,241
Thrust#2,128,64,3.28125,250
Thrust#2,128,64,3.21875,246
Thrust#2,128,64,2.875,245
Thrust#2,128,64,3.34375,259
Thrust#2,128,64,3.15625,245
Thrust#2,128,64,3,247
Thrust#2,128,64,3.0625,244
Thrust#2,128,64,3.125,240
Thrust#2,128,64,3.0625,244
Thrust#2,128,64,2.84375,237
Thrust#2,128,64,3.03125,235
Thrust#2,128,64,3.0625,237
Thrust#2,128,64,3.03125,239
Thrust#2,128,64,2.90625,236
Thrust#2,128,64,3.34375,236
Thrust#2,128,64,3.09375,241
Thrust#2,128,64,3.1875,236
Thrust#2,128,64,3.375,238
Thrust#2,128,64,3.21875,238
Thrust#2,128,64,2.96875,241
Thrust#2,128,64,2.90625,236
Thrust#2,128,64,3.21875,237
Thrust#2,128,64,3.09375,238
Thrust#2,128,64,3.09375,240
Thrust#2,128,64,3.21875,240
Thrust#2,128,64,2.96875,236
Thrust#2,128,64,3.25,235
Thrust#2,128,64,3.1875,240
Thrust#2,128,64,3.125,289
Thrust#2,128,64,2.96875,1451
Thrust#2,128,64,3.0625,282
Thrust#2,128,64,3.09375,247
Thrust#2,128,64,3.3125,245
Thrust#2,128,64,3.25,239
Thrust#2,128,64,3.15625,243
Thrust#2,128,64,3.09375,246
Thrust#2,128,64,3.21875,237
Thrust#2,128,64,2.90625,239
Thrust#2,128,64,3.25,245
Thrust#2,128,64,3.125,243
Thrust#2,128,64,3.09375,247
Thrust#2,128,64,3.3125,238
Thrust#2,128,64,3.34375,243
Thrust#2,128,64,2.96875,247
Thrust#2,128,64,2.84375,281
Thrust#2,128,64,3.1875,242
Thrust#2,128,64,3.3125,238
Thrust#2,128,64,3.34375,245
Thrust#2,128,64,3.25,236
Thrust#2,128,64,2.96875,248
Thrust#2,128,64,2.9375,244
Thrust#2,128,64,3.03125,244
Thrust#2,128,64,3.25,247
Thrust#2,128,64,3.09375,245
Thrust#2,128,64,3.15625,247
Thrust#2,128,64,2.96875,242
Thrust#2,128,64,3.21875,287
Thrust#2,128,64,2.90625,244
Thrust#2,128,64,3.34375,246
Thrust#2,128,64,3.03125,237
Thrust#2,128,64,3.09375,244
Thrust#2,128,64,3.15625,247
Thrust#2,128,64,3.3125,245
Thrust#2,128,64,3.1875,246
Thrust#2,128,64,3.28125,241
Thrust#2,128,64,3.375,247
Thrust#2,128,64,3.15625,246
Thrust#2,128,64,3.34375,239
Thrust#2,128,64,3.0625,242
Thrust#2,128,64,3.25,246
Thrust#2,128,64,3.25,236
Thrust#2,128,64,3.03125,239
Thrust#2,128,64,3.1875,239
Thrust#2,128,64,3.25,235
Thrust#2,128,64,3.40625,239
Thrust#2,128,64,3.21875,237
Thrust#2,128,64,2.84375,238
Thrust#2,128,64,3.125,239
Thrust#2,128,64,3.28125,236
Thrust#2,128,64,2.84375,237
Thrust#2,128,64,3.09375,241
Thrust#2,128,64,3.25,236
Thrust#2,128,64,2.9375,237
Thrust#2,128,64,3.125,238
Thrust#2,128,128,3.0625,344
Thrust#2,128,128,2.96875,346
Thrust#2,128,128,3.40625,342
Thrust#2,128,128,3.375,349
Thrust#2,128,128,3.3125,344
Thrust#2,128,128,3.125,342
Thrust#2,128,128,3.1875,343
Thrust#2,128,128,3.0625,347
Thrust#2,128,128,3.15625,345
Thrust#2,128,128,3.09375,343
Thrust#2,128,128,3.1875,344
Thrust#2,128,128,3.1875,344
Thrust#2,128,128,3.34375,348
Thrust#2,128,128,3.375,350
Thrust#2,128,128,3.125,344
Thrust#2,128,128,3.3125,346
Thrust#2,128,128,3,343
Thrust#2,128,128,3.3125,342
Thrust#2,128,128,3.09375,347
Thrust#2,128,128,3.125,345
Thrust#2,128,128,3.09375,345
Thrust#2,128,128,3.34375,342
Thrust#2,128,128,3.3125,342
Thrust#2,128,128,3.1875,345
Thrust#2,128,128,3.09375,346
Thrust#2,128,128,2.8125,342
Thrust#2,128,128,3.28125,343
Thrust#2,128,128,3.1875,345
Thrust#2,128,128,3.125,410
Thrust#2,128,128,3.09375,346
Thrust#2,128,128,3.125,436
Thrust#2,128,128,2.96875,356
Thrust#2,128,128,3.03125,345
Thrust#2,128,128,3.21875,341
Thrust#2,128,128,3.28125,344
Thrust#2,128,128,3.25,348
Thrust#2,128,128,3.125,345
Thrust#2,128,128,3.21875,343
Thrust#2,128,128,3.1875,358
Thrust#2,128,128,3.28125,362
Thrust#2,128,128,3,363
Thrust#2,128,128,3.25,358
Thrust#2,128,128,2.9375,361
Thrust#2,128,128,3.25,363
Thrust#2,128,128,3.03125,368
Thrust#2,128,128,3.125,350
Thrust#2,128,128,3.3125,347
Thrust#2,128,128,3.1875,344
Thrust#2,128,128,3.1875,345
Thrust#2,128,128,3.46875,342
Thrust#2,128,128,2.90625,343
Thrust#2,128,128,2.78125,345
Thrust#2,128,128,3.0625,349
Thrust#2,128,128,3.3125,344
Thrust#2,128,128,3.125,342
Thrust#2,128,128,3.25,343
Thrust#2,128,128,3,344
Thrust#2,128,128,3.15625,347
Thrust#2,128,128,2.90625,343
Thrust#2,128,128,3.125,345
Thrust#2,128,128,3.1875,344
Thrust#2,128,128,3.03125,358
Thrust#2,128,128,3.21875,1590
Thrust#2,128,128,3.28125,431
Thrust#2,128,128,3.0625,359
Thrust#2,128,128,3.3125,363
Thrust#2,128,128,3.09375,350
Thrust#2,128,128,3.03125,341
Thrust#2,128,128,3.15625,353
Thrust#2,128,128,3.25,353
Thrust#2,128,128,3.1875,341
Thrust#2,128,128,2.75,343
Thrust#2,128,128,2.875,353
Thrust#2,128,128,3.21875,352
Thrust#2,128,128,3.21875,351
Thrust#2,128,128,3.3125,342
Thrust#2,128,128,3.25,353
Thrust#2,128,128,3.09375,355
Thrust#2,128,128,3.34375,349
Thrust#2,128,128,3.3125,351
Thrust#2,128,128,3.21875,360
Thrust#2,128,128,3.125,347
Thrust#2,128,128,3,347
Thrust#2,128,128,3.34375,345
Thrust#2,128,128,3.28125,342
Thrust#2,128,128,3.15625,346
Thrust#2,128,128,2.96875,342
Thrust#2,128,128,3.0625,347
Thrust#2,128,128,3.375,343
Thrust#2,128,128,2.96875,343
Thrust#2,128,128,3.03125,344
Thrust#2,128,128,3.1875,351
Thrust#2,128,128,3.15625,342
Thrust#2,128,128,2.84375,344
Thrust#2,128,128,3.25,343
Thrust#2,128,128,3.34375,346
Thrust#2,128,128,3,344
Thrust#2,128,128,3.3125,345
Thrust#2,128,128,3.3125,343
Thrust#2,128,128,2.9375,347
Thrust#2,256,1,3.07812,138
Thrust#2,256,1,3.26562,139
Thrust#2,256,1,3.28125,143
Thrust#2,256,1,3.07812,142
Thrust#2,256,1,3.1875,129
Thrust#2,256,1,3.07812,131
Thrust#2,256,1,3.01562,139
Thrust#2,256,1,2.98438,135
Thrust#2,256,1,2.96875,140
Thrust#2,256,1,3.17188,138
Thrust#2,256,1,2.98438,138
Thrust#2,256,1,3.20312,140
Thrust#2,256,1,3.3125,139
Thrust#2,256,1,3.32812,139
Thrust#2,256,1,3.07812,139
Thrust#2,256,1,3.07812,141
Thrust#2,256,1,3.125,130
Thrust#2,256,1,3.1875,137
Thrust#2,256,1,2.96875,130
Thrust#2,256,1,3.125,139
Thrust#2,256,1,3.09375,138
Thrust#2,256,1,3.17188,139
Thrust#2,256,1,3.15625,131
Thrust#2,256,1,3.10938,134
Thrust#2,256,1,3.17188,142
Thrust#2,256,1,3.1875,136
Thrust#2,256,1,3.01562,138
Thrust#2,256,1,3.17188,144
Thrust#2,256,1,3.15625,138
Thrust#2,256,1,3.26562,139
Thrust#2,256,1,3.35938,142
Thrust#2,256,1,3.29688,133
Thrust#2,256,1,3.32812,136
Thrust#2,256,1,3.17188,138
Thrust#2,256,1,3.07812,138
Thrust#2,256,1,3.21875,148
Thrust#2,256,1,3.28125,130
Thrust#2,256,1,3.07812,138
Thrust#2,256,1,3.1875,138
Thrust#2,256,1,3.26562,135
Thrust#2,256,1,2.85938,136
Thrust#2,256,1,3.28125,141
Thrust#2,256,1,3.1875,140
Thrust#2,256,1,2.98438,143
Thrust#2,256,1,3.10938,138
Thrust#2,256,1,3.21875,139
Thrust#2,256,1,3.1875,132
Thrust#2,256,1,3.15625,138
Thrust#2,256,1,3.09375,130
Thrust#2,256,1,3.07812,132
Thrust#2,256,1,3.10938,141
Thrust#2,256,1,3.125,141
Thrust#2,256,1,3.14062,140
Thrust#2,256,1,3.34375,131
Thrust#2,256,1,3.17188,131
Thrust#2,256,1,3.10938,134
Thrust#2,256,1,3.09375,140
Thrust#2,256,1,3.17188,132
Thrust#2,256,1,3.0625,143
Thrust#2,256,1,3.14062,143
Thrust#2,256,1,3.26562,138
Thrust#2,256,1,3.32812,138
Thrust#2,256,1,3.1875,140
Thrust#2,256,1,3.23438,147
Thrust#2,256,1,3.14062,139
Thrust#2,256,1,3.20312,138
Thrust#2,256,1,3.0625,131
Thrust#2,256,1,3.1875,135
Thrust#2,256,1,3.03125,131
Thrust#2,256,1,3.25,142
Thrust#2,256,1,3.21875,137
Thrust#2,256,1,3.17188,142
Thrust#2,256,1,3.07812,138
Thrust#2,256,1,3.32812,138
Thrust#2,256,1,3.0625,139
Thrust#2,256,1,3.1875,140
Thrust#2,256,1,3.07812,140
Thrust#2,256,1,3.1875,137
Thrust#2,256,1,3.04688,137
Thrust#2,256,1,2.85938,133
Thrust#2,256,1,3.03125,141
Thrust#2,256,1,3.15625,137
Thrust#2,256,1,3.28125,132
Thrust#2,256,1,3.3125,143
Thrust#2,256,1,3.03125,130
Thrust#2,256,1,3.25,137
Thrust#2,256,1,3,141
Thrust#2,256,1,3.0625,144
Thrust#2,256,1,3.21875,136
Thrust#2,256,1,3.15625,139
Thrust#2,256,1,3.10938,130
Thrust#2,256,1,3.07812,147
Thrust#2,256,1,3.15625,138
Thrust#2,256,1,3.20312,137
Thrust#2,256,1,3.21875,138
Thrust#2,256,1,3.125,142
Thrust#2,256,1,2.98438,138
Thrust#2,256,1,3.15625,143
Thrust#2,256,1,3.17188,140
Thrust#2,256,1,3.32812,141
Thrust#2,256,2,3.20312,129
Thrust#2,256,2,3.15625,130
Thrust#2,256,2,3.25,138
Thrust#2,256,2,3.17188,136
Thrust#2,256,2,3.125,130
Thrust#2,256,2,3.09375,138
Thrust#2,256,2,2.96875,138
Thrust#2,256,2,3,133
Thrust#2,256,2,3.0625,142
Thrust#2,256,2,3.21875,128
Thrust#2,256,2,3.10938,130
Thrust#2,256,2,3.23438,133
Thrust#2,256,2,3.125,138
Thrust#2,256,2,3.01562,130
Thrust#2,256,2,3.32812,143
Thrust#2,256,2,3.04688,133
Thrust#2,256,2,3.0625,131
Thrust#2,256,2,3.03125,130
Thrust#2,256,2,3.0625,131
Thrust#2,256,2,3.09375,147
Thrust#2,256,2,3.15625,139
Thrust#2,256,2,3.125,132
Thrust#2,256,2,2.79688,138
Thrust#2,256,2,3.01562,142
Thrust#2,256,2,3.04688,129
Thrust#2,256,2,3.23438,133
Thrust#2,256,2,3.17188,138
Thrust#2,256,2,3.20312,133
Thrust#2,256,2,3.07812,164
Thrust#2,256,2,3,129
Thrust#2,256,2,3.15625,149
Thrust#2,256,2,3.14062,1216
Thrust#2,256,2,3.03125,237
Thrust#2,256,2,2.96875,215
Thrust#2,256,2,3.01562,148
Thrust#2,256,2,3.125,146
Thrust#2,256,2,3.1875,184
Thrust#2,256,2,3.01562,143
Thrust#2,256,2,3.125,137
Thrust#2,256,2,3.0625,140
Thrust#2,256,2,3.17188,140
Thrust#2,256,2,3.28125,138
Thrust#2,256,2,3.01562,139
Thrust#2,256,2,3.14062,138
Thrust#2,256,2,3.04688,140
Thrust#2,256,2,3.09375,138
Thrust#2,256,2,3.29688,139
Thrust#2,256,2,3.25,149
Thrust#2,256,2,3.14062,141
Thrust#2,256,2,3.17188,144
Thrust#2,256,2,3.125,139
Thrust#2,256,2,3.25,139
Thrust#2,256,2,3.04688,140
Thrust#2,256,2,3.25,148
Thrust#2,256,2,3.25,139
Thrust#2,256,2,3.14062,138
Thrust#2,256,2,3.14062,142
Thrust#2,256,2,3.20312,137
Thrust#2,256,2,3.15625,137
Thrust#2,256,2,3.01562,141
Thrust#2,256,2,3.26562,139
Thrust#2,256,2,3.14062,136
Thrust#2,256,2,3.35938,139
Thrust#2,256,2,3.1875,140
Thrust#2,256,2,3.03125,147
Thrust#2,256,2,3.28125,138
Thrust#2,256,2,3.21875,140
Thrust#2,256,2,3.14062,138
Thrust#2,256,2,2.98438,142
Thrust#2,256,2,3.17188,139
Thrust#2,256,2,3.29688,132
Thrust#2,256,2,3.14062,130
Thrust#2,256,2,3.15625,140
Thrust#2,256,2,3.17188,133
Thrust#2,256,2,2.90625,132
Thrust#2,256,2,3.10938,140
Thrust#2,256,2,3.14062,138
Thrust#2,256,2,3.125,140
Thrust#2,256,2,2.98438,138
Thrust#2,256,2,3.29688,138
Thrust#2,256,2,3.10938,140
Thrust#2,256,2,3.01562,142
Thrust#2,256,2,3.03125,131
Thrust#2,256,2,3.07812,129
Thrust#2,256,2,3.25,133
Thrust#2,256,2,3.01562,141
Thrust#2,256,2,3.32812,131
Thrust#2,256,2,3.23438,140
Thrust#2,256,2,3.125,133
Thrust#2,256,2,3.21875,132
Thrust#2,256,2,3.23438,138
Thrust#2,256,2,3.3125,131
Thrust#2,256,2,3.23438,144
Thrust#2,256,2,3.0625,141
Thrust#2,256,2,3.125,139
Thrust#2,256,2,3.0625,138
Thrust#2,256,2,3.23438,140
Thrust#2,256,2,3.32812,457
Thrust#2,256,2,3.1875,142
Thrust#2,256,2,3.14062,131
Thrust#2,256,4,3.25,139
Thrust#2,256,4,3.0625,141
Thrust#2,256,4,3.1875,138
Thrust#2,256,4,3.23438,140
Thrust#2,256,4,3.07812,142
Thrust#2,256,4,3.1875,141
Thrust#2,256,4,2.98438,138
Thrust#2,256,4,3.07812,139
Thrust#2,256,4,3.03125,140
Thrust#2,256,4,3.07812,142
Thrust#2,256,4,3.01562,139
Thrust#2,256,4,3.03125,138
Thrust#2,256,4,3.04688,141
Thrust#2,256,4,3.34375,140
Thrust#2,256,4,3.17188,139
Thrust#2,256,4,3.09375,140
Thrust#2,256,4,3.07812,140
Thrust#2,256,4,3.14062,141
Thrust#2,256,4,3.09375,137
Thrust#2,256,4,3.15625,173
Thrust#2,256,4,3.07812,142
Thrust#2,256,4,3.09375,140
Thrust#2,256,4,3.23438,138
Thrust#2,256,4,3.1875,139
Thrust#2,256,4,2.95312,138
Thrust#2,256,4,2.95312,139
Thrust#2,256,4,3.0625,176
Thrust#2,256,4,3.20312,138
Thrust#2,256,4,3.04688,139
Thrust#2,256,4,3.125,150
Thrust#2,256,4,2.875,137
Thrust#2,256,4,2.9375,141
Thrust#2,256,4,3.09375,139
Thrust#2,256,4,3.21875,139
Thrust#2,256,4,3.21875,135
Thrust#2,256,4,3.14062,137
Thrust#2,256,4,3.26562,140
Thrust#2,256,4,3.375,144
Thrust#2,256,4,3.28125,138
Thrust#2,256,4,3.03125,137
Thrust#2,256,4,3.1875,138
Thrust#2,256,4,3.03125,141
Thrust#2,256,4,3.0625,135
Thrust#2,256,4,3.03125,140
Thrust#2,256,4,3.14062,139
Thrust#2,256,4,3.20312,140
Thrust#2,256,4,3.29688,138
Thrust#2,256,4,3.28125,140
Thrust#2,256,4,3.10938,143
Thrust#2,256,4,3.04688,142
Thrust#2,256,4,3,139
Thrust#2,256,4,3.21875,138
Thrust#2,256,4,3.0625,139
Thrust#2,256,4,3.28125,139
Thrust#2,256,4,3.14062,142
Thrust#2,256,4,3.1875,137
Thrust#2,256,4,3.125,139
Thrust#2,256,4,3.10938,140
Thrust#2,256,4,3.0625,138
Thrust#2,256,4,3.17188,143
Thrust#2,256,4,3.21875,140
Thrust#2,256,4,3.25,140
Thrust#2,256,4,3.14062,138
Thrust#2,256,4,3.34375,138
Thrust#2,256,4,3.01562,139
Thrust#2,256,4,3.09375,143
Thrust#2,256,4,3.26562,139
Thrust#2,256,4,3.125,138
Thrust#2,256,4,3.01562,140
Thrust#2,256,4,3.21875,143
Thrust#2,256,4,3.14062,143
Thrust#2,256,4,3.26562,138
Thrust#2,256,4,3.03125,138
Thrust#2,256,4,3.14062,141
Thrust#2,256,4,3.29688,138
Thrust#2,256,4,3.26562,138
Thrust#2,256,4,3.1875,143
Thrust#2,256,4,3.3125,140
Thrust#2,256,4,3.09375,138
Thrust#2,256,4,3.21875,140
Thrust#2,256,4,3.10938,141
Thrust#2,256,4,3.23438,140
Thrust#2,256,4,3.04688,141
Thrust#2,256,4,3.07812,139
Thrust#2,256,4,3.0625,139
Thrust#2,256,4,3.07812,139
Thrust#2,256,4,3.07812,138
Thrust#2,256,4,3.28125,142
Thrust#2,256,4,3.20312,140
Thrust#2,256,4,3.09375,141
Thrust#2,256,4,3.15625,138
Thrust#2,256,4,3.125,137
Thrust#2,256,4,3.23438,139
Thrust#2,256,4,3.23438,143
Thrust#2,256,4,3.21875,138
Thrust#2,256,4,3.15625,137
Thrust#2,256,4,3.09375,141
Thrust#2,256,4,3.23438,139
Thrust#2,256,4,3.0625,141
Thrust#2,256,4,3.21875,138
Thrust#2,256,8,3.3125,147
Thrust#2,256,8,3,140
Thrust#2,256,8,3.09375,146
Thrust#2,256,8,3.21875,138
Thrust#2,256,8,3.14062,150
Thrust#2,256,8,3.10938,149
Thrust#2,256,8,3.20312,146
Thrust#2,256,8,3.32812,138
Thrust#2,256,8,3,141
Thrust#2,256,8,3,148
Thrust#2,256,8,3.0625,150
Thrust#2,256,8,3.17188,138
Thrust#2,256,8,3.20312,147
Thrust#2,256,8,3.09375,149
Thrust#2,256,8,3.09375,139
Thrust#2,256,8,3.21875,184
Thrust#2,256,8,3.26562,145
Thrust#2,256,8,3.07812,140
Thrust#2,256,8,3.4375,146
Thrust#2,256,8,3.1875,146
Thrust#2,256,8,3.07812,148
Thrust#2,256,8,2.98438,152
Thrust#2,256,8,3.04688,146
Thrust#2,256,8,3.15625,147
Thrust#2,256,8,3.20312,140
Thrust#2,256,8,3.1875,148
Thrust#2,256,8,3.125,149
Thrust#2,256,8,3.0625,144
Thrust#2,256,8,3.0625,138
Thrust#2,256,8,3.20312,149
Thrust#2,256,8,3.15625,147
Thrust#2,256,8,3.10938,139
Thrust#2,256,8,3.15625,150
Thrust#2,256,8,3.34375,140
Thrust#2,256,8,3.15625,138
Thrust#2,256,8,2.98438,143
Thrust#2,256,8,3.20312,148
Thrust#2,256,8,3.10938,140
Thrust#2,256,8,3.09375,157
Thrust#2,256,8,3.125,139
Thrust#2,256,8,3.15625,272
Thrust#2,256,8,3.17188,1452
Thrust#2,256,8,3.17188,225
Thrust#2,256,8,3.14062,180
Thrust#2,256,8,3.26562,158
Thrust#2,256,8,3.1875,146
Thrust#2,256,8,3.04688,152
Thrust#2,256,8,3.04688,143
Thrust#2,256,8,3.09375,156
Thrust#2,256,8,3.125,155
Thrust#2,256,8,3.125,149
Thrust#2,256,8,3.01562,144
Thrust#2,256,8,3.21875,147
Thrust#2,256,8,3.34375,148
Thrust#2,256,8,3.34375,149
Thrust#2,256,8,3.14062,143
Thrust#2,256,8,3.1875,147
Thrust#2,256,8,3.03125,148
Thrust#2,256,8,3.07812,150
Thrust#2,256,8,3.04688,143
Thrust#2,256,8,3.125,157
Thrust#2,256,8,3.15625,147
Thrust#2,256,8,3.0625,151
Thrust#2,256,8,3.20312,143
Thrust#2,256,8,3.10938,148
Thrust#2,256,8,3.26562,146
Thrust#2,256,8,3.0625,151
Thrust#2,256,8,3.10938,143
Thrust#2,256,8,3.125,148
Thrust#2,256,8,3.20312,147
Thrust#2,256,8,3.20312,150
Thrust#2,256,8,3.1875,150
Thrust#2,256,8,3.17188,149
Thrust#2,256,8,3.25,146
Thrust#2,256,8,3.0625,152
Thrust#2,256,8,3.01562,143
Thrust#2,256,8,3.23438,148
Thrust#2,256,8,3.23438,148
Thrust#2,256,8,3.0625,151
Thrust#2,256,8,3.09375,139
Thrust#2,256,8,2.96875,147
Thrust#2,256,8,3.17188,145
Thrust#2,256,8,3.125,154
Thrust#2,256,8,3.10938,146
Thrust#2,256,8,3.17188,138
Thrust#2,256,8,3.14062,146
Thrust#2,256,8,3.14062,143
Thrust#2,256,8,3.32812,138
Thrust#2,256,8,3.01562,150
Thrust#2,256,8,3.10938,138
Thrust#2,256,8,3.03125,143
Thrust#2,256,8,3.0625,147
Thrust#2,256,8,3.25,148
Thrust#2,256,8,3.17188,139
Thrust#2,256,8,3.04688,153
Thrust#2,256,8,3.10938,147
Thrust#2,256,8,3.04688,147
Thrust#2,256,8,3.09375,146
Thrust#2,256,8,3.10938,151
Thrust#2,256,8,3.125,149
Thrust#2,256,16,3.10938,155
Thrust#2,256,16,3.15625,156
Thrust#2,256,16,3.07812,161
Thrust#2,256,16,3.26562,155
Thrust#2,256,16,2.89062,156
Thrust#2,256,16,3.125,196
Thrust#2,256,16,3.17188,160
Thrust#2,256,16,3.26562,155
Thrust#2,256,16,3.09375,157
Thrust#2,256,16,3.04688,153
Thrust#2,256,16,3.26562,160
Thrust#2,256,16,3.15625,155
Thrust#2,256,16,3.25,157
Thrust#2,256,16,3.1875,156
Thrust#2,256,16,3.09375,158
Thrust#2,256,16,3.1875,157
Thrust#2,256,16,3.1875,156
Thrust#2,256,16,3.03125,158
Thrust#2,256,16,3.25,158
Thrust#2,256,16,3.15625,157
Thrust#2,256,16,3,154
Thrust#2,256,16,3.0625,154
Thrust#2,256,16,3.15625,160
Thrust#2,256,16,3.17188,153
Thrust#2,256,16,3.14062,157
Thrust#2,256,16,3,154
Thrust#2,256,16,3.14062,158
Thrust#2,256,16,3.15625,157
Thrust#2,256,16,3.09375,154
Thrust#2,256,16,3.01562,156
Thrust#2,256,16,3.35938,158
Thrust#2,256,16,3.1875,156
Thrust#2,256,16,3.20312,154
Thrust#2,256,16,3.28125,154
Thrust#2,256,16,3.14062,158
Thrust#2,256,16,3.21875,157
Thrust#2,256,16,3.3125,155
Thrust#2,256,16,3.35938,154
Thrust#2,256,16,3.28125,161
Thrust#2,256,16,3.1875,155
Thrust#2,256,16,3.07812,154
Thrust#2,256,16,3.26562,153
Thrust#2,256,16,3.10938,157
Thrust#2,256,16,3.09375,156
Thrust#2,256,16,3.14062,157
Thrust#2,256,16,3.03125,154
Thrust#2,256,16,3.25,158
Thrust#2,256,16,3.29688,155
Thrust#2,256,16,3.14062,154
Thrust#2,256,16,3.20312,155
Thrust#2,256,16,3.28125,161
Thrust#2,256,16,3.15625,155
Thrust#2,256,16,3.125,154
Thrust#2,256,16,3.26562,154
Thrust#2,256,16,3.21875,159
Thrust#2,256,16,3.23438,156
Thrust#2,256,16,3.29688,155
Thrust#2,256,16,3.125,157
Thrust#2,256,16,3.25,158
Thrust#2,256,16,3.39062,154
Thrust#2,256,16,3.35938,157
Thrust#2,256,16,2.90625,158
Thrust#2,256,16,3.15625,159
Thrust#2,256,16,3.0625,155
Thrust#2,256,16,3.10938,155
Thrust#2,256,16,3.07812,156
Thrust#2,256,16,3.07812,160
Thrust#2,256,16,3.1875,155
Thrust#2,256,16,3.10938,157
Thrust#2,256,16,2.90625,153
Thrust#2,256,16,3.15625,159
Thrust#2,256,16,3.1875,155
Thrust#2,256,16,3.14062,156
Thrust#2,256,16,3.01562,155
Thrust#2,256,16,3.0625,159
Thrust#2,256,16,3.28125,154
Thrust#2,256,16,3.04688,157
Thrust#2,256,16,3.20312,155
Thrust#2,256,16,3.25,161
Thrust#2,256,16,3.07812,157
Thrust#2,256,16,3.28125,155
Thrust#2,256,16,3.23438,156
Thrust#2,256,16,3.03125,160
Thrust#2,256,16,3.20312,158
Thrust#2,256,16,2.96875,156
Thrust#2,256,16,3.21875,153
Thrust#2,256,16,3.07812,159
Thrust#2,256,16,3.23438,156
Thrust#2,256,16,3.03125,156
Thrust#2,256,16,3.25,157
Thrust#2,256,16,3.1875,161
Thrust#2,256,16,2.98438,156
Thrust#2,256,16,3.0625,154
Thrust#2,256,16,3.07812,223
Thrust#2,256,16,3.01562,199
Thrust#2,256,16,3.20312,156
Thrust#2,256,16,3.21875,155
Thrust#2,256,16,3.01562,154
Thrust#2,256,16,3.20312,159
Thrust#2,256,16,3.21875,154
Thrust#2,256,32,2.92188,190
Thrust#2,256,32,3.01562,180
Thrust#2,256,32,3.28125,183
Thrust#2,256,32,3.34375,178
Thrust#2,256,32,3.03125,180
Thrust#2,256,32,3.23438,179
Thrust#2,256,32,3.17188,195
Thrust#2,256,32,3.29688,204
Thrust#2,256,32,3.125,226
Thrust#2,256,32,3.14062,194
Thrust#2,256,32,3,196
Thrust#2,256,32,3.1875,203
Thrust#2,256,32,3.125,193
Thrust#2,256,32,3.10938,191
Thrust#2,256,32,3.20312,199
Thrust#2,256,32,3.1875,191
Thrust#2,256,32,3.26562,193
Thrust#2,256,32,3.125,200
Thrust#2,256,32,3.07812,203
Thrust#2,256,32,3.01562,192
Thrust#2,256,32,3.125,187
Thrust#2,256,32,3.04688,181
Thrust#2,256,32,3.10938,195
Thrust#2,256,32,3.17188,179
Thrust#2,256,32,3,180
Thrust#2,256,32,3.10938,182
Thrust#2,256,32,3.23438,188
Thrust#2,256,32,3.15625,1390
Thrust#2,256,32,3.125,256
Thrust#2,256,32,3.21875,192
Thrust#2,256,32,3.17188,190
Thrust#2,256,32,3.1875,225
Thrust#2,256,32,3.14062,192
Thrust#2,256,32,3.04688,194
Thrust#2,256,32,3.01562,187
Thrust#2,256,32,3.20312,188
Thrust#2,256,32,3.17188,188
Thrust#2,256,32,2.95312,185
Thrust#2,256,32,3.17188,188
Thrust#2,256,32,3.20312,196
Thrust#2,256,32,3.15625,189
Thrust#2,256,32,3.125,186
Thrust#2,256,32,3.01562,187
Thrust#2,256,32,3.26562,188
Thrust#2,256,32,3.21875,189
Thrust#2,256,32,3,186
Thrust#2,256,32,3.04688,187
Thrust#2,256,32,3.03125,187
Thrust#2,256,32,3.20312,191
Thrust#2,256,32,3.125,187
Thrust#2,256,32,3.01562,195
Thrust#2,256,32,3.09375,195
Thrust#2,256,32,3.21875,191
Thrust#2,256,32,3.25,186
Thrust#2,256,32,3.03125,187
Thrust#2,256,32,3.14062,189
Thrust#2,256,32,3.1875,197
Thrust#2,256,32,3.25,186
Thrust#2,256,32,3.10938,187
Thrust#2,256,32,3.35938,188
Thrust#2,256,32,3.25,193
Thrust#2,256,32,3.0625,191
Thrust#2,256,32,3.26562,177
Thrust#2,256,32,3.04688,182
Thrust#2,256,32,3.21875,183
Thrust#2,256,32,3.0625,181
Thrust#2,256,32,3.14062,180
Thrust#2,256,32,3.26562,188
Thrust#2,256,32,3.01562,183
Thrust#2,256,32,3.1875,179
Thrust#2,256,32,3.14062,179
Thrust#2,256,32,3.125,180
Thrust#2,256,32,3.3125,182
Thrust#2,256,32,3.14062,181
Thrust#2,256,32,3.21875,180
Thrust#2,256,32,3.20312,177
Thrust#2,256,32,3.17188,184
Thrust#2,256,32,2.96875,178
Thrust#2,256,32,3.20312,190
Thrust#2,256,32,3.23438,181
Thrust#2,256,32,3.10938,182
Thrust#2,256,32,3.17188,180
Thrust#2,256,32,3.23438,180
Thrust#2,256,32,3.20312,181
Thrust#2,256,32,3.23438,221
Thrust#2,256,32,3.125,179
Thrust#2,256,32,3.1875,178
Thrust#2,256,32,3.29688,179
Thrust#2,256,32,3.10938,182
Thrust#2,256,32,3.25,191
Thrust#2,256,32,3.23438,178
Thrust#2,256,32,3.26562,180
Thrust#2,256,32,3.23438,183
Thrust#2,256,32,3.15625,180
Thrust#2,256,32,3.21875,180
Thrust#2,256,32,3.07812,190
Thrust#2,256,32,3,183
Thrust#2,256,32,3.20312,181
Thrust#2,256,32,3.04688,180
Thrust#2,256,32,2.9375,180
Thrust#2,256,64,3.1875,240
Thrust#2,256,64,3.17188,238
Thrust#2,256,64,3.03125,237
Thrust#2,256,64,3.14062,235
Thrust#2,256,64,3.14062,241
Thrust#2,256,64,3.1875,237
Thrust#2,256,64,3.15625,240
Thrust#2,256,64,3.15625,237
Thrust#2,256,64,3.03125,239
Thrust#2,256,64,3.3125,237
Thrust#2,256,64,3.09375,234
Thrust#2,256,64,3.25,236
Thrust#2,256,64,3.04688,245
Thrust#2,256,64,3.10938,237
Thrust#2,256,64,3.04688,237
Thrust#2,256,64,3.14062,238
Thrust#2,256,64,3.23438,240
Thrust#2,256,64,2.96875,240
Thrust#2,256,64,3.25,237
Thrust#2,256,64,3.10938,235
Thrust#2,256,64,3.26562,241
Thrust#2,256,64,3.07812,238
Thrust#2,256,64,3.17188,238
Thrust#2,256,64,3.14062,240
Thrust#2,256,64,3.21875,240
Thrust#2,256,64,3.1875,237
Thrust#2,256,64,3.3125,237
Thrust#2,256,64,3.14062,236
Thrust#2,256,64,3.10938,240
Thrust#2,256,64,3.09375,239
Thrust#2,256,64,3.07812,237
Thrust#2,256,64,3.15625,236
Thrust#2,256,64,3.14062,242
Thrust#2,256,64,3.34375,237
Thrust#2,256,64,3.09375,239
Thrust#2,256,64,3.21875,236
Thrust#2,256,64,3.21875,240
Thrust#2,256,64,3.17188,238
Thrust#2,256,64,3.17188,237
Thrust#2,256,64,3.28125,237
Thrust#2,256,64,3.04688,242
Thrust#2,256,64,3.1875,238
Thrust#2,256,64,3.14062,235
Thrust#2,256,64,3.07812,237
Thrust#2,256,64,3.03125,241
Thrust#2,256,64,3.04688,240
Thrust#2,256,64,3.1875,238
Thrust#2,256,64,3.17188,240
Thrust#2,256,64,3.09375,241
Thrust#2,256,64,3.10938,238
Thrust#2,256,64,3.03125,239
Thrust#2,256,64,3.20312,238
Thrust#2,256,64,3.10938,241
Thrust#2,256,64,3.10938,554
Thrust#2,256,64,3.375,254
Thrust#2,256,64,3.17188,242
Thrust#2,256,64,3.14062,242
Thrust#2,256,64,3.09375,244
Thrust#2,256,64,3.3125,238
Thrust#2,256,64,3.0625,239
Thrust#2,256,64,3.25,240
Thrust#2,256,64,3.29688,240
Thrust#2,256,64,3.28125,241
Thrust#2,256,64,3.09375,237
Thrust#2,256,64,2.9375,239
Thrust#2,256,64,3.10938,237
Thrust#2,256,64,3.21875,237
Thrust#2,256,64,3.14062,238
Thrust#2,256,64,3.10938,246
Thrust#2,256,64,3.0625,239
Thrust#2,256,64,3.14062,236
Thrust#2,256,64,3.17188,249
Thrust#2,256,64,3.3125,1393
Thrust#2,256,64,3.0625,450
Thrust#2,256,64,3.10938,260
Thrust#2,256,64,3.07812,260
Thrust#2,256,64,3.17188,243
Thrust#2,256,64,3.17188,246
Thrust#2,256,64,3.15625,243
Thrust#2,256,64,3.20312,245
Thrust#2,256,64,3.25,244
Thrust#2,256,64,2.95312,246
Thrust#2,256,64,3.1875,244
Thrust#2,256,64,3.23438,237
Thrust#2,256,64,3.125,244
Thrust#2,256,64,3.375,246
Thrust#2,256,64,3.0625,244
Thrust#2,256,64,3.15625,241
Thrust#2,256,64,3.20312,250
Thrust#2,256,64,3.17188,246
Thrust#2,256,64,3.10938,244
Thrust#2,256,64,3.15625,236
Thrust#2,256,64,3.23438,245
Thrust#2,256,64,3.20312,246
Thrust#2,256,64,3.07812,244
Thrust#2,256,64,3.0625,238
Thrust#2,256,64,3.28125,248
Thrust#2,256,64,3.21875,239
Thrust#2,256,64,3.28125,239
Thrust#2,256,64,3.04688,235
Thrust#2,256,128,3.20312,342
Thrust#2,256,128,3.1875,357
Thrust#2,256,128,3.39062,347
Thrust#2,256,128,3.09375,343
Thrust#2,256,128,3.20312,342
Thrust#2,256,128,3.0625,345
Thrust#2,256,128,3.14062,345
Thrust#2,256,128,3.29688,356
Thrust#2,256,128,3.17188,351
Thrust#2,256,128,3.26562,352
Thrust#2,256,128,3.04688,345
Thrust#2,256,128,3.10938,343
Thrust#2,256,128,3.29688,345
Thrust#2,256,128,3.1875,348
Thrust#2,256,128,3.14062,353
Thrust#2,256,128,3.15625,342
Thrust#2,256,128,3.125,349
Thrust#2,256,128,3.1875,343
Thrust#2,256,128,3.03125,358
Thrust#2,256,128,3.23438,352
Thrust#2,256,128,3.0625,342
Thrust#2,256,128,3.14062,342
Thrust#2,256,128,3.09375,353
Thrust#2,256,128,3.01562,343
Thrust#2,256,128,3.09375,350
Thrust#2,256,128,3.0625,344
Thrust#2,256,128,3.14062,353
Thrust#2,256,128,3.10938,342
Thrust#2,256,128,3.1875,350
Thrust#2,256,128,3.23438,355
Thrust#2,256,128,3.23438,345
Thrust#2,256,128,3.15625,344
Thrust#2,256,128,3.03125,349
Thrust#2,256,128,3.1875,353
Thrust#2,256,128,3.34375,346
Thrust#2,256,128,3.15625,355
Thrust#2,256,128,3.375,344
Thrust#2,256,128,3.21875,343
Thrust#2,256,128,3.0625,344
Thrust#2,256,128,3.34375,342
Thrust#2,256,128,3.04688,341
Thrust#2,256,128,3.1875,356
Thrust#2,256,128,3.1875,345
Thrust#2,256,128,3.07812,343
Thrust#2,256,128,3.01562,342
Thrust#2,256,128,3.125,352
Thrust#2,256,128,3.14062,358
Thrust#2,256,128,3.26562,344
Thrust#2,256,128,3.28125,344
Thrust#2,256,128,3.01562,352
Thrust#2,256,128,3.26562,345
Thrust#2,256,128,3.26562,344
Thrust#2,256,128,3.03125,354
Thrust#2,256,128,3.21875,343
Thrust#2,256,128,3.23438,344
Thrust#2,256,128,3.17188,342
Thrust#2,256,128,3.26562,351
Thrust#2,256,128,3.17188,356
Thrust#2,256,128,3,345
Thrust#2,256,128,3.14062,351
Thrust#2,256,128,3.17188,350
Thrust#2,256,128,3.09375,348
Thrust#2,256,128,3.0625,352
Thrust#2,256,128,3.09375,390
Thrust#2,256,128,2.96875,342
Thrust#2,256,128,3.20312,347
Thrust#2,256,128,3.25,1623
Thrust#2,256,128,3.14062,400
Thrust#2,256,128,3.04688,351
Thrust#2,256,128,2.9375,359
Thrust#2,256,128,3.17188,361
Thrust#2,256,128,2.98438,360
Thrust#2,256,128,3.07812,357
Thrust#2,256,128,3.09375,351
Thrust#2,256,128,3.32812,363
Thrust#2,256,128,3.01562,358
Thrust#2,256,128,3.26562,358
Thrust#2,256,128,3.125,351
Thrust#2,256,128,3.25,353
Thrust#2,256,128,3.26562,352
Thrust#2,256,128,2.98438,360
Thrust#2,256,128,2.98438,348
Thrust#2,256,128,3.32812,360
Thrust#2,256,128,3.17188,351
Thrust#2,256,128,3.07812,357
Thrust#2,256,128,3.1875,351
Thrust#2,256,128,3.15625,354
Thrust#2,256,128,3.09375,354
Thrust#2,256,128,3.35938,353
Thrust#2,256,128,3.03125,342
Thrust#2,256,128,3.25,343
Thrust#2,256,128,3.1875,356
Thrust#2,256,128,2.98438,353
Thrust#2,256,128,3.0625,344
Thrust#2,256,128,3.17188,344
Thrust#2,256,128,2.98438,354
Thrust#2,256,128,3.15625,356
Thrust#2,256,128,3.28125,352
Thrust#2,256,128,2.98438,352
Thrust#2,256,128,2.98438,353
Thrust#2,256,256,3.25,567
Thrust#2,256,256,2.98438,565
Thrust#2,256,256,3.03125,567
Thrust#2,256,256,3.125,565
Thrust#2,256,256,3.01562,567
Thrust#2,256,256,3.20312,565
Thrust#2,256,256,3.34375,565
Thrust#2,256,256,3.23438,567
Thrust#2,256,256,3.25,570
Thrust#2,256,256,3.10938,566
Thrust#2,256,256,3,564
Thrust#2,256,256,3.10938,578
Thrust#2,256,256,3.04688,578
Thrust#2,256,256,3.09375,578
Thrust#2,256,256,3.1875,577
Thrust#2,256,256,3.10938,576
Thrust#2,256,256,3.15625,578
Thrust#2,256,256,3.29688,575
Thrust#2,256,256,3.10938,577
Thrust#2,256,256,3.125,579
Thrust#2,256,256,3.1875,578
Thrust#2,256,256,3.09375,577
Thrust#2,256,256,3.15625,577
Thrust#2,256,256,3.3125,577
Thrust#2,256,256,3,579
Thrust#2,256,256,3.07812,576
Thrust#2,256,256,3.07812,576
Thrust#2,256,256,2.96875,577
Thrust#2,256,256,3.1875,578
Thrust#2,256,256,3.20312,575
Thrust#2,256,256,3.25,580
Thrust#2,256,256,3.20312,667
Thrust#2,256,256,3.23438,587
Thrust#2,256,256,3.03125,567
Thrust#2,256,256,3.25,565
Thrust#2,256,256,3.26562,573
Thrust#2,256,256,3,574
Thrust#2,256,256,3.21875,566
Thrust#2,256,256,3.09375,564
Thrust#2,256,256,3.14062,567
Thrust#2,256,256,3.07812,567
Thrust#2,256,256,3.15625,567
Thrust#2,256,256,3.0625,566
Thrust#2,256,256,3.125,565
Thrust#2,256,256,3.23438,576
Thrust#2,256,256,3.125,574
Thrust#2,256,256,3.0625,566
Thrust#2,256,256,3.17188,569
Thrust#2,256,256,3.17188,569
Thrust#2,256,256,3.25,564
Thrust#2,256,256,3.14062,564
Thrust#2,256,256,3,567
Thrust#2,256,256,3.125,611
Thrust#2,256,256,3.125,564
Thrust#2,256,256,3.20312,566
Thrust#2,256,256,3.35938,566
Thrust#2,256,256,3.17188,568
Thrust#2,256,256,3.20312,563
Thrust#2,256,256,3.21875,565
Thrust#2,256,256,3.14062,565
Thrust#2,256,256,3.07812,568
Thrust#2,256,256,3,565
Thrust#2,256,256,3.15625,564
Thrust#2,256,256,3.01562,566
Thrust#2,256,256,3.10938,572
Thrust#2,256,256,3.21875,1791
Thrust#2,256,256,3.26562,626
Thrust#2,256,256,3.09375,569
Thrust#2,256,256,3.09375,565
Thrust#2,256,256,3.20312,577
Thrust#2,256,256,3,561
Thrust#2,256,256,3.29688,572
Thrust#2,256,256,3.25,566
Thrust#2,256,256,3,569
Thrust#2,256,256,3.10938,562
Thrust#2,256,256,3.09375,571
Thrust#2,256,256,3.20312,564
Thrust#2,256,256,3.21875,567
Thrust#2,256,256,3.21875,565
Thrust#2,256,256,3.26562,563
Thrust#2,256,256,3.15625,567
Thrust#2,256,256,2.9375,567
Thrust#2,256,256,3.04688,564
Thrust#2,256,256,3,566
Thrust#2,256,256,3.03125,565
Thrust#2,256,256,3.0625,567
Thrust#2,256,256,3.04688,567
Thrust#2,256,256,3.20312,564
Thrust#2,256,256,3.26562,564
Thrust#2,256,256,3.0625,570
Thrust#2,256,256,3.07812,564
Thrust#2,256,256,3.03125,564
Thrust#2,256,256,3.21875,567
Thrust#2,256,256,3.10938,568
Thrust#2,256,256,3.125,567
Thrust#2,256,256,3.17188,570
Thrust#2,256,256,3.20312,565
Thrust#2,256,256,3.04688,572
Thrust#2,256,256,3.23438,563
Thrust#2,256,256,3.1875,565
Thrust#2,512,1,3.13281,138
Thrust#2,512,1,3.15625,143
Thrust#2,512,1,3.13281,139
Thrust#2,512,1,3.22656,140
Thrust#2,512,1,3.19531,138
Thrust#2,512,1,3.14062,143
Thrust#2,512,1,3.15625,140
Thrust#2,512,1,3.21094,137
Thrust#2,512,1,3.14062,140
Thrust#2,512,1,3.15625,143
Thrust#2,512,1,3.16406,137
Thrust#2,512,1,3.14062,137
Thrust#2,512,1,3.3125,139
Thrust#2,512,1,3.00781,142
Thrust#2,512,1,3.13281,141
Thrust#2,512,1,3.14844,137
Thrust#2,512,1,3.23438,138
Thrust#2,512,1,3.16406,143
Thrust#2,512,1,3.21875,138
Thrust#2,512,1,3.16406,136
Thrust#2,512,1,3.21094,141
Thrust#2,512,1,3.125,142
Thrust#2,512,1,3.09375,139
Thrust#2,512,1,3.14062,137
Thrust#2,512,1,3.13281,138
Thrust#2,512,1,3.11719,147
Thrust#2,512,1,3.15625,136
Thrust#2,512,1,3.17969,137
Thrust#2,512,1,3.125,138
Thrust#2,512,1,3.10156,142
Thrust#2,512,1,3.25781,138
Thrust#2,512,1,3.21094,141
Thrust#2,512,1,3.17188,138
Thrust#2,512,1,3.10156,142
Thrust#2,512,1,3.11719,137
Thrust#2,512,1,3.125,138
Thrust#2,512,1,3.125,142
Thrust#2,512,1,3.09375,142
Thrust#2,512,1,3.17188,136
Thrust#2,512,1,3.14062,138
Thrust#2,512,1,3.15625,138
Thrust#2,512,1,3.10156,141
Thrust#2,512,1,3.21875,177
Thrust#2,512,1,3.09375,137
Thrust#2,512,1,3.14062,138
Thrust#2,512,1,3.19531,142
Thrust#2,512,1,3.13281,138
Thrust#2,512,1,3.00781,137
Thrust#2,512,1,3.28125,149
Thrust#2,512,1,3.08594,202
Thrust#2,512,1,3.20312,137
Thrust#2,512,1,3.08594,138
Thrust#2,512,1,3.02344,138
Thrust#2,512,1,3.1875,145
Thrust#2,512,1,3.11719,140
Thrust#2,512,1,3.125,140
Thrust#2,512,1,3.11719,139
Thrust#2,512,1,3.20312,141
Thrust#2,512,1,3.125,138
Thrust#2,512,1,3.08594,140
Thrust#2,512,1,3.125,138
Thrust#2,512,1,3.14062,141
Thrust#2,512,1,3.03125,140
Thrust#2,512,1,3.28125,139
Thrust#2,512,1,3.17188,141
Thrust#2,512,1,3.08594,143
Thrust#2,512,1,3.07812,137
Thrust#2,512,1,3.0625,137
Thrust#2,512,1,3.01562,139
Thrust#2,512,1,3.25,142
Thrust#2,512,1,2.99219,145
Thrust#2,512,1,3.10156,139
Thrust#2,512,1,3.28125,140
Thrust#2,512,1,3.07812,143
Thrust#2,512,1,3.21094,143
Thrust#2,512,1,3.08594,137
Thrust#2,512,1,3.13281,139
Thrust#2,512,1,3.125,142
Thrust#2,512,1,3.04688,140
Thrust#2,512,1,3.14844,146
Thrust#2,512,1,3.11719,140
Thrust#2,512,1,3.15625,2209
Thrust#2,512,1,3.05469,739
Thrust#2,512,1,3.25,161
Thrust#2,512,1,3.27344,159
Thrust#2,512,1,3.08594,154
Thrust#2,512,1,3.23438,148
Thrust#2,512,1,3.20312,156
Thrust#2,512,1,3.17969,152
Thrust#2,512,1,3.19531,148
Thrust#2,512,1,3.14844,148
Thrust#2,512,1,3.10938,149
Thrust#2,512,1,3.17188,153
Thrust#2,512,1,3.13281,154
Thrust#2,512,1,3.23438,148
Thrust#2,512,1,3,149
Thrust#2,512,1,3.1875,154
Thrust#2,512,1,3.11719,147
Thrust#2,512,1,3.05469,148
Thrust#2,512,1,3.10938,149
Thrust#2,512,2,3.11719,144
Thrust#2,512,2,3.15625,138
Thrust#2,512,2,3.10156,148
Thrust#2,512,2,3.15625,149
Thrust#2,512,2,3.125,146
Thrust#2,512,2,3.17969,137
Thrust#2,512,2,3.1875,149
Thrust#2,512,2,3.125,149
Thrust#2,512,2,3.20312,144
Thrust#2,512,2,3.11719,144
Thrust#2,512,2,3.13281,140
Thrust#2,512,2,3.03906,144
Thrust#2,512,2,3.21875,139
Thrust#2,512,2,3.17969,138
Thrust#2,512,2,3.17188,139
Thrust#2,512,2,3.19531,149
Thrust#2,512,2,3.1875,140
Thrust#2,512,2,3.21875,138
Thrust#2,512,2,3.23438,139
Thrust#2,512,2,3.125,143
Thrust#2,512,2,3.10156,144
Thrust#2,512,2,3.17188,138
Thrust#2,512,2,3.25,137
Thrust#2,512,2,3.21094,141
Thrust#2,512,2,3.20312,138
Thrust#2,512,2,3.17188,140
Thrust#2,512,2,3.16406,142
Thrust#2,512,2,3.14062,143
Thrust#2,512,2,3.10938,139
Thrust#2,512,2,3.04688,140
Thrust#2,512,2,3.07031,139
Thrust#2,512,2,3.07031,142
Thrust#2,512,2,3.17969,175
Thrust#2,512,2,3.10156,139
Thrust#2,512,2,3.20312,139
Thrust#2,512,2,3.08594,145
Thrust#2,512,2,3.17969,139
Thrust#2,512,2,3.07031,143
Thrust#2,512,2,3.14844,139
Thrust#2,512,2,3.125,142
Thrust#2,512,2,3.16406,137
Thrust#2,512,2,3.30469,139
Thrust#2,512,2,3.05469,138
Thrust#2,512,2,3.17188,147
Thrust#2,512,2,3.17969,137
Thrust#2,512,2,3.10156,141
Thrust#2,512,2,3.21094,142
Thrust#2,512,2,3.14844,143
Thrust#2,512,2,3.03125,141
Thrust#2,512,2,3.15625,137
Thrust#2,512,2,3.09375,138
Thrust#2,512,2,3.13281,141
Thrust#2,512,2,3.11719,140
Thrust#2,512,2,3.14844,138
Thrust#2,512,2,2.96875,142
Thrust#2,512,2,3.10938,142
Thrust#2,512,2,3.14844,138
Thrust#2,512,2,3.21094,142
Thrust#2,512,2,3.16406,138
Thrust#2,512,2,3.24219,148
Thrust#2,512,2,3.16406,139
Thrust#2,512,2,3.19531,140
Thrust#2,512,2,3.20312,142
Thrust#2,512,2,3.10938,143
Thrust#2,512,2,3.13281,139
Thrust#2,512,2,3.11719,141
Thrust#2,512,2,3.09375,140
Thrust#2,512,2,3.10156,140
Thrust#2,512,2,3.19531,142
Thrust#2,512,2,3.17188,137
Thrust#2,512,2,3.08594,142
Thrust#2,512,2,3.09375,146
Thrust#2,512,2,3.15625,144
Thrust#2,512,2,3.15625,140
Thrust#2,512,2,3.33594,139
Thrust#2,512,2,3.21094,142
Thrust#2,512,2,3.14062,144
Thrust#2,512,2,3,140
Thrust#2,512,2,3.20312,136
Thrust#2,512,2,3.125,142
Thrust#2,512,2,3.03906,139
Thrust#2,512,2,3.03906,140
Thrust#2,512,2,3.07031,143
Thrust#2,512,2,3.21094,144
Thrust#2,512,2,3.25,138
Thrust#2,512,2,3.08594,136
Thrust#2,512,2,3.07031,139
Thrust#2,512,2,3.14844,146
Thrust#2,512,2,3.24219,139
Thrust#2,512,2,3.22656,138
Thrust#2,512,2,3.125,139
Thrust#2,512,2,3.07812,143
Thrust#2,512,2,3.25,141
Thrust#2,512,2,3.21875,143
Thrust#2,512,2,3.09375,140
Thrust#2,512,2,3.09375,145
Thrust#2,512,2,3.08594,139
Thrust#2,512,2,3.09375,142
Thrust#2,512,2,3.10156,139
Thrust#2,512,2,3.125,148
Thrust#2,512,4,3.19531,142
Thrust#2,512,4,3.19531,138
Thrust#2,512,4,3.1875,139
Thrust#2,512,4,3.20312,142
Thrust#2,512,4,3.125,143
Thrust#2,512,4,3.14844,140
Thrust#2,512,4,3.125,138
Thrust#2,512,4,3.17188,143
Thrust#2,512,4,3.125,137
Thrust#2,512,4,3.08594,139
Thrust#2,512,4,3.15625,141
Thrust#2,512,4,2.96094,145
Thrust#2,512,4,3.14062,139
Thrust#2,512,4,3.15625,143
Thrust#2,512,4,3.22656,138
Thrust#2,512,4,3.17969,150
Thrust#2,512,4,3.28906,138
Thrust#2,512,4,3.28125,139
Thrust#2,512,4,3.01562,138
Thrust#2,512,4,3.10938,172
Thrust#2,512,4,3.14062,139
Thrust#2,512,4,3.09375,178
Thrust#2,512,4,3.14844,140
Thrust#2,512,4,3.1875,143
Thrust#2,512,4,3.10156,139
Thrust#2,512,4,3.14062,140
Thrust#2,512,4,3.23438,139
Thrust#2,512,4,3.17188,150
Thrust#2,512,4,3.125,141
Thrust#2,512,4,3.21094,140
Thrust#2,512,4,3.125,139
Thrust#2,512,4,3.07812,143
Thrust#2,512,4,3.33594,141
Thrust#2,512,4,3.13281,140
Thrust#2,512,4,3.03125,138
Thrust#2,512,4,3.07812,144
Thrust#2,512,4,3.19531,137
Thrust#2,512,4,2.96094,140
Thrust#2,512,4,3.19531,141
Thrust#2,512,4,3.17188,143
Thrust#2,512,4,3.08594,138
Thrust#2,512,4,3.23438,137
Thrust#2,512,4,3.14844,139
Thrust#2,512,4,3.125,147
Thrust#2,512,4,3.13281,139
Thrust#2,512,4,3.16406,140
Thrust#2,512,4,3.10156,139
Thrust#2,512,4,3.16406,143
Thrust#2,512,4,3.07812,139
Thrust#2,512,4,3.07031,144
Thrust#2,512,4,3.07812,138
Thrust#2,512,4,3.23438,144
Thrust#2,512,4,3.03906,137
Thrust#2,512,4,3.25781,139
Thrust#2,512,4,3.17188,139
Thrust#2,512,4,3.07031,147
Thrust#2,512,4,3.05469,139
Thrust#2,512,4,3.25781,139
Thrust#2,512,4,3.21875,198
Thrust#2,512,4,3.07031,169
Thrust#2,512,4,3,269
Thrust#2,512,4,3.13281,270
Thrust#2,512,4,3.125,228
Thrust#2,512,4,3.17188,151
Thrust#2,512,4,3.125,138
Thrust#2,512,4,3.17188,139
Thrust#2,512,4,3.14062,142
Thrust#2,512,4,3.25781,144
Thrust#2,512,4,3.15625,139
Thrust#2,512,4,3.125,139
Thrust#2,512,4,3.21094,138
Thrust#2,512,4,3.07031,146
Thrust#2,512,4,3.26562,139
Thrust#2,512,4,3.07812,140
Thrust#2,512,4,3.07812,140
Thrust#2,512,4,3.0625,142
Thrust#2,512,4,3.03906,138
Thrust#2,512,4,3.16406,145
Thrust#2,512,4,3.10156,140
Thrust#2,512,4,3.07812,139
Thrust#2,512,4,3.17188,146
Thrust#2,512,4,3.19531,150
Thrust#2,512,4,3.03906,1480
Thrust#2,512,4,3.16406,215
Thrust#2,512,4,3.125,155
Thrust#2,512,4,3.00781,144
Thrust#2,512,4,3.14844,186
Thrust#2,512,4,3.03906,150
Thrust#2,512,4,3.22656,172
Thrust#2,512,4,3.08594,147
Thrust#2,512,4,3.16406,146
Thrust#2,512,4,3.03906,147
Thrust#2,512,4,3.10156,148
Thrust#2,512,4,3.17969,147
Thrust#2,512,4,3.25781,147
Thrust#2,512,4,3.07812,147
Thrust#2,512,4,3.125,139
Thrust#2,512,4,3.14844,146
Thrust#2,512,4,3.09375,148
Thrust#2,512,4,3.25781,147
Thrust#2,512,8,3.1875,155
Thrust#2,512,8,3.07812,155
Thrust#2,512,8,3.14844,148
Thrust#2,512,8,3.01562,154
Thrust#2,512,8,3.15625,155
Thrust#2,512,8,3.22656,155
Thrust#2,512,8,3.125,146
Thrust#2,512,8,3.02344,155
Thrust#2,512,8,3.21875,154
Thrust#2,512,8,3.14844,156
Thrust#2,512,8,3.08594,147
Thrust#2,512,8,3.21094,191
Thrust#2,512,8,3.14844,151
Thrust#2,512,8,3.125,157
Thrust#2,512,8,3.10938,146
Thrust#2,512,8,3.10938,154
Thrust#2,512,8,3.11719,150
Thrust#2,512,8,3.02344,149
Thrust#2,512,8,3.25781,147
Thrust#2,512,8,3.28906,149
Thrust#2,512,8,3.17188,146
Thrust#2,512,8,3.08594,462
Thrust#2,512,8,3.15625,150
Thrust#2,512,8,3.19531,147
Thrust#2,512,8,3.13281,147
Thrust#2,512,8,3.125,150
Thrust#2,512,8,3.20312,147
Thrust#2,512,8,3.0625,149
Thrust#2,512,8,3.26562,148
Thrust#2,512,8,3.05469,151
Thrust#2,512,8,3.15625,146
Thrust#2,512,8,3.09375,147
Thrust#2,512,8,3.14844,147
Thrust#2,512,8,3.07031,153
Thrust#2,512,8,3.1875,147
Thrust#2,512,8,3.15625,147
Thrust#2,512,8,3.1875,147
Thrust#2,512,8,3.01562,150
Thrust#2,512,8,3.09375,147
Thrust#2,512,8,3.05469,151
Thrust#2,512,8,3.24219,174
Thrust#2,512,8,3.05469,149
Thrust#2,512,8,3,147
Thrust#2,512,8,3.17188,146
Thrust#2,512,8,3.03906,150
Thrust#2,512,8,3.07812,151
Thrust#2,512,8,3.11719,148
Thrust#2,512,8,3.22656,145
Thrust#2,512,8,3.21875,149
Thrust#2,512,8,3.13281,152
Thrust#2,512,8,3.17969,150
Thrust#2,512,8,3.16406,147
Thrust#2,512,8,3.17969,149
Thrust#2,512,8,3.11719,149
Thrust#2,512,8,3.25781,146
Thrust#2,512,8,3.20312,151
Thrust#2,512,8,3.23438,148
Thrust#2,512,8,3.03906,149
Thrust#2,512,8,3.17188,147
Thrust#2,512,8,3.14844,150
Thrust#2,512,8,3.1875,147
Thrust#2,512,8,3.125,152
Thrust#2,512,8,3.02344,146
Thrust#2,512,8,3.1875,146
Thrust#2,512,8,3.10938,149
Thrust#2,512,8,3.20312,152
Thrust#2,512,8,3.19531,147
Thrust#2,512,8,3.09375,149
Thrust#2,512,8,3.13281,148
Thrust#2,512,8,3.19531,150
Thrust#2,512,8,3.03906,149
Thrust#2,512,8,3.25781,147
Thrust#2,512,8,3.09375,152
Thrust#2,512,8,3.23438,149
Thrust#2,512,8,3.07031,148
Thrust#2,512,8,3.1875,148
Thrust#2,512,8,3.16406,147
Thrust#2,512,8,3.125,149
Thrust#2,512,8,3.08594,150
Thrust#2,512,8,2.98438,147
Thrust#2,512,8,3.25,148
Thrust#2,512,8,3.25,150
Thrust#2,512,8,2.92188,147
Thrust#2,512,8,3.11719,150
Thrust#2,512,8,3.11719,148
Thrust#2,512,8,3.11719,198
Thrust#2,512,8,3.14062,173
Thrust#2,512,8,3.21875,148
Thrust#2,512,8,3.23438,147
Thrust#2,512,8,3.13281,152
Thrust#2,512,8,3.10156,147
Thrust#2,512,8,3.05469,147
Thrust#2,512,8,3.23438,147
Thrust#2,512,8,3.3125,151
Thrust#2,512,8,2.99219,150
Thrust#2,512,8,3.29688,147
Thrust#2,512,8,3.125,148
Thrust#2,512,8,3.01562,149
Thrust#2,512,8,3.11719,148
Thrust#2,512,8,3.03906,148
Thrust#2,512,16,3.1875,200
Thrust#2,512,16,3.14062,178
Thrust#2,512,16,3.17188,154
Thrust#2,512,16,3.19531,154
Thrust#2,512,16,3.16406,155
Thrust#2,512,16,3.10938,157
Thrust#2,512,16,3.1875,168
Thrust#2,512,16,3.20312,155
Thrust#2,512,16,3.27344,156
Thrust#2,512,16,3.16406,157
Thrust#2,512,16,3.24219,154
Thrust#2,512,16,3.03125,168
Thrust#2,512,16,3.10938,155
Thrust#2,512,16,3.21094,159
Thrust#2,512,16,3.17188,156
Thrust#2,512,16,3.10156,156
Thrust#2,512,16,3.13281,155
Thrust#2,512,16,3.15625,169
Thrust#2,512,16,3.03125,155
Thrust#2,512,16,3.11719,155
Thrust#2,512,16,3.23438,155
Thrust#2,512,16,3.34375,158
Thrust#2,512,16,3.17188,168
Thrust#2,512,16,3.16406,154
Thrust#2,512,16,3.07812,154
Thrust#2,512,16,3.23438,157
Thrust#2,512,16,3.14844,154
Thrust#2,512,16,3.08594,153
Thrust#2,512,16,3.21094,157
Thrust#2,512,16,3.17188,157
Thrust#2,512,16,3.28125,155
Thrust#2,512,16,3.10938,154
Thrust#2,512,16,2.98438,156
Thrust#2,512,16,3.05469,158
Thrust#2,512,16,3,165
Thrust#2,512,16,3.0625,162
Thrust#2,512,16,3.125,155
Thrust#2,512,16,3.20312,158
Thrust#2,512,16,3.11719,153
Thrust#2,512,16,3.3125,158
Thrust#2,512,16,3.07031,154
Thrust#2,512,16,3.10938,157
Thrust#2,512,16,3.03906,155
Thrust#2,512,16,3.125,154
Thrust#2,512,16,3.16406,154
Thrust#2,512,16,3.17969,169
Thrust#2,512,16,3.1875,154
Thrust#2,512,16,3.10156,154
Thrust#2,512,16,3.22656,155
Thrust#2,512,16,3.08594,158
Thrust#2,512,16,3.10938,166
Thrust#2,512,16,3.14062,155
Thrust#2,512,16,3.07812,154
Thrust#2,512,16,3.07031,158
Thrust#2,512,16,3.14062,153
Thrust#2,512,16,3.10938,154
Thrust#2,512,16,3.16406,166
Thrust#2,512,16,3.09375,158
Thrust#2,512,16,3.17188,156
Thrust#2,512,16,3.1875,157
Thrust#2,512,16,3.09375,155
Thrust#2,512,16,3.11719,158
Thrust#2,512,16,3.09375,165
Thrust#2,512,16,3.17969,157
Thrust#2,512,16,3.15625,154
Thrust#2,512,16,3.07031,157
Thrust#2,512,16,3.19531,154
Thrust#2,512,16,3.25781,165
Thrust#2,512,16,3.21094,157
Thrust#2,512,16,3.23438,158
Thrust#2,512,16,3.25,154
Thrust#2,512,16,3.16406,163
Thrust#2,512,16,3.11719,166
Thrust#2,512,16,3.04688,1412
Thrust#2,512,16,3.22656,228
Thrust#2,512,16,3.10156,175
Thrust#2,512,16,3.14062,189
Thrust#2,512,16,3.07812,187
Thrust#2,512,16,3.10938,164
Thrust#2,512,16,3.17188,163
Thrust#2,512,16,3.08594,169
Thrust#2,512,16,3.03906,163
Thrust#2,512,16,3.07812,164
Thrust#2,512,16,3.17188,160
Thrust#2,512,16,3,175
Thrust#2,512,16,3.10156,169
Thrust#2,512,16,3.14844,165
Thrust#2,512,16,3.14062,163
Thrust#2,512,16,3,171
Thrust#2,512,16,3.17969,163
Thrust#2,512,16,3.14844,199
Thrust#2,512,16,3.14062,166
Thrust#2,512,16,2.9375,162
Thrust#2,512,16,3.1875,164
Thrust#2,512,16,3.15625,164
Thrust#2,512,16,3.14844,171
Thrust#2,512,16,2.96875,170
Thrust#2,512,16,3.19531,163
Thrust#2,512,16,3.17188,165
Thrust#2,512,16,3.125,163
Thrust#2,512,32,3.11719,196
Thrust#2,512,32,3.20312,194
Thrust#2,512,32,3.11719,197
Thrust#2,512,32,3.1875,194
Thrust#2,512,32,3.07812,196
Thrust#2,512,32,3.10938,188
Thrust#2,512,32,3.21875,189
Thrust#2,512,32,3.14844,190
Thrust#2,512,32,3.15625,190
Thrust#2,512,32,3.02344,191
Thrust#2,512,32,3.22656,188
Thrust#2,512,32,3.10938,191
Thrust#2,512,32,3.07812,190
Thrust#2,512,32,3.14844,189
Thrust#2,512,32,3.17188,189
Thrust#2,512,32,3.04688,202
Thrust#2,512,32,3.20312,197
Thrust#2,512,32,2.9375,195
Thrust#2,512,32,3.25781,201
Thrust#2,512,32,3.09375,194
Thrust#2,512,32,3.125,189
Thrust#2,512,32,3.14062,188
Thrust#2,512,32,3.04688,191
Thrust#2,512,32,3.17969,189
Thrust#2,512,32,3.24219,188
Thrust#2,512,32,3.13281,188
Thrust#2,512,32,3.03906,193
Thrust#2,512,32,3.23438,189
Thrust#2,512,32,3.09375,188
Thrust#2,512,32,3.0625,191
Thrust#2,512,32,3.09375,516
Thrust#2,512,32,3.17969,196
Thrust#2,512,32,3.10156,191
Thrust#2,512,32,3.13281,189
Thrust#2,512,32,3.11719,199
Thrust#2,512,32,3.03906,189
Thrust#2,512,32,3.14062,189
Thrust#2,512,32,3.07812,190
Thrust#2,512,32,3.1875,191
Thrust#2,512,32,3.14844,187
Thrust#2,512,32,3.07031,192
Thrust#2,512,32,3.11719,189
Thrust#2,512,32,3.125,191
Thrust#2,512,32,3.11719,188
Thrust#2,512,32,3.05469,188
Thrust#2,512,32,3.125,188
Thrust#2,512,32,3.07031,195
Thrust#2,512,32,3.21094,188
Thrust#2,512,32,3.16406,188
Thrust#2,512,32,3.19531,190
Thrust#2,512,32,3.125,190
Thrust#2,512,32,3.09375,190
Thrust#2,512,32,3.1875,190
Thrust#2,512,32,3.03906,186
Thrust#2,512,32,3.03125,193
Thrust#2,512,32,3.21094,188
Thrust#2,512,32,3.15625,189
Thrust#2,512,32,3.07031,190
Thrust#2,512,32,3.14844,191
Thrust#2,512,32,3.08594,189
Thrust#2,512,32,3.22656,190
Thrust#2,512,32,3.15625,190
Thrust#2,512,32,3.125,193
Thrust#2,512,32,3.13281,190
Thrust#2,512,32,3.21875,189
Thrust#2,512,32,3.1875,189
Thrust#2,512,32,3.03906,190
Thrust#2,512,32,3.13281,188
Thrust#2,512,32,3.04688,190
Thrust#2,512,32,3.21094,190
Thrust#2,512,32,3.10156,191
Thrust#2,512,32,3.15625,189
Thrust#2,512,32,3.14844,187
Thrust#2,512,32,3.05469,188
Thrust#2,512,32,3.125,194
Thrust#2,512,32,3.125,189
Thrust#2,512,32,3.10156,191
Thrust#2,512,32,3.1875,188
Thrust#2,512,32,3.00781,193
Thrust#2,512,32,3.15625,230
Thrust#2,512,32,3.20312,190
Thrust#2,512,32,3.02344,192
Thrust#2,512,32,3.16406,192
Thrust#2,512,32,3.23438,190
Thrust#2,512,32,3.24219,191
Thrust#2,512,32,3.07812,191
Thrust#2,512,32,3.15625,193
Thrust#2,512,32,3.22656,189
Thrust#2,512,32,3.07031,188
Thrust#2,512,32,3.21094,189
Thrust#2,512,32,3.10938,195
Thrust#2,512,32,3.16406,216
Thrust#2,512,32,3.09375,188
Thrust#2,512,32,3.14062,190
Thrust#2,512,32,3.13281,193
Thrust#2,512,32,3.04688,190
Thrust#2,512,32,3.07812,193
Thrust#2,512,32,3.29688,190
Thrust#2,512,32,3.07031,192
Thrust#2,512,32,3.10938,189
Thrust#2,512,64,3.24219,245
Thrust#2,512,64,3.10156,245
Thrust#2,512,64,3.05469,252
Thrust#2,512,64,3.0625,249
Thrust#2,512,64,3.17188,247
Thrust#2,512,64,3.09375,244
Thrust#2,512,64,3.23438,250
Thrust#2,512,64,3.13281,248
Thrust#2,512,64,3.22656,246
Thrust#2,512,64,3.16406,246
Thrust#2,512,64,3.23438,250
Thrust#2,512,64,3.10938,247
Thrust#2,512,64,2.97656,247
Thrust#2,512,64,3.0625,249
Thrust#2,512,64,3.1875,248
Thrust#2,512,64,3.16406,246
Thrust#2,512,64,3.20312,247
Thrust#2,512,64,3.19531,245
Thrust#2,512,64,3.14844,253
Thrust#2,512,64,3.22656,247
Thrust#2,512,64,3.00781,247
Thrust#2,512,64,3.32031,251
Thrust#2,512,64,3.09375,248
Thrust#2,512,64,3.14062,246
Thrust#2,512,64,3.11719,246
Thrust#2,512,64,3.09375,245
Thrust#2,512,64,3.28125,250
Thrust#2,512,64,3.10156,252
Thrust#2,512,64,3.10938,246
Thrust#2,512,64,3.08594,1351
Thrust#2,512,64,3.21094,354
Thrust#2,512,64,3.11719,299
Thrust#2,512,64,3.10938,260
Thrust#2,512,64,3.11719,252
Thrust#2,512,64,3.04688,246
Thrust#2,512,64,3.14062,246
Thrust#2,512,64,3.22656,280
Thrust#2,512,64,3.11719,249
Thrust#2,512,64,3.1875,246
Thrust#2,512,64,3.10938,246
Thrust#2,512,64,3.22656,252
Thrust#2,512,64,3.11719,253
Thrust#2,512,64,3.28906,247
Thrust#2,512,64,3.1875,247
Thrust#2,512,64,3.03906,253
Thrust#2,512,64,3.21094,245
Thrust#2,512,64,3.125,247
Thrust#2,512,64,3.10156,246
Thrust#2,512,64,2.98438,252
Thrust#2,512,64,3.08594,246
Thrust#2,512,64,3.24219,246
Thrust#2,512,64,3.08594,248
Thrust#2,512,64,3.125,250
Thrust#2,512,64,3.20312,247
Thrust#2,512,64,3.13281,246
Thrust#2,512,64,3.01562,248
Thrust#2,512,64,2.98438,248
Thrust#2,512,64,3.25781,253
Thrust#2,512,64,3.20312,246
Thrust#2,512,64,3.11719,247
Thrust#2,512,64,3.04688,249
Thrust#2,512,64,3.10938,247
Thrust#2,512,64,3.17969,245
Thrust#2,512,64,3.16406,249
Thrust#2,512,64,3.09375,249
Thrust#2,512,64,3.03125,246
Thrust#2,512,64,3.19531,245
Thrust#2,512,64,3.34375,247
Thrust#2,512,64,3.10938,248
Thrust#2,512,64,3.03125,283
Thrust#2,512,64,3.14062,247
Thrust#2,512,64,3.10156,248
Thrust#2,512,64,3.1875,246
Thrust#2,512,64,3.19531,245
Thrust#2,512,64,3.01562,248
Thrust#2,512,64,3.17188,249
Thrust#2,512,64,3.10938,249
Thrust#2,512,64,3.15625,244
Thrust#2,512,64,3.21875,247
Thrust#2,512,64,3.14844,245
Thrust#2,512,64,3.20312,248
Thrust#2,512,64,3.03906,248
Thrust#2,512,64,3.19531,247
Thrust#2,512,64,2.96094,247
Thrust#2,512,64,3.07812,248
Thrust#2,512,64,3.25,247
Thrust#2,512,64,3.10938,247
Thrust#2,512,64,3.17188,248
Thrust#2,512,64,3.17188,251
Thrust#2,512,64,3.16406,248
Thrust#2,512,64,3.17969,247
Thrust#2,512,64,3.16406,248
Thrust#2,512,64,3.11719,249
Thrust#2,512,64,3.17188,247
Thrust#2,512,64,3.10156,247
Thrust#2,512,64,3.22656,247
Thrust#2,512,64,3.14844,251
Thrust#2,512,64,3.10938,248
Thrust#2,512,64,3.14062,246
Thrust#2,512,64,3.21094,248
Thrust#2,512,128,3.15625,356
Thrust#2,512,128,3.20312,361
Thrust#2,512,128,3.3125,362
Thrust#2,512,128,3.04688,354
Thrust#2,512,128,3.28906,355
Thrust#2,512,128,3.08594,353
Thrust#2,512,128,3.11719,352
Thrust#2,512,128,3.09375,354
Thrust#2,512,128,3.20312,355
Thrust#2,512,128,3.15625,353
Thrust#2,512,128,3.14062,351
Thrust#2,512,128,3.125,355
Thrust#2,512,128,3.00781,355
Thrust#2,512,128,3.15625,361
Thrust#2,512,128,3.10938,361
Thrust#2,512,128,3.10938,354
Thrust#2,512,128,3.125,356
Thrust#2,512,128,3.05469,361
Thrust#2,512,128,3.17188,351
Thrust#2,512,128,3.15625,366
Thrust#2,512,128,3.24219,354
Thrust#2,512,128,3.01562,353
Thrust#2,512,128,3.27344,392
Thrust#2,512,128,3.13281,355
Thrust#2,512,128,3.24219,355
Thrust#2,512,128,3.10156,366
Thrust#2,512,128,3.08594,355
Thrust#2,512,128,3.25,353
Thrust#2,512,128,3.28906,354
Thrust#2,512,128,3.01562,361
Thrust#2,512,128,3.17188,363
Thrust#2,512,128,3.07812,353
Thrust#2,512,128,3.11719,357
Thrust#2,512,128,3.17969,351
Thrust#2,512,128,3.22656,353
Thrust#2,512,128,3.17188,354
Thrust#2,512,128,3.16406,366
Thrust#2,512,128,3.17969,362
Thrust#2,512,128,3.17188,1398
Thrust#2,512,128,3.07031,462
Thrust#2,512,128,3.21875,405
Thrust#2,512,128,3.21094,379
Thrust#2,512,128,3.15625,365
Thrust#2,512,128,3.21094,359
Thrust#2,512,128,3.10156,361
Thrust#2,512,128,3.17969,370
Thrust#2,512,128,3.27344,374
Thrust#2,512,128,3.08594,367
Thrust#2,512,128,3.21094,362
Thrust#2,512,128,3.1875,370
Thrust#2,512,128,3.23438,365
Thrust#2,512,128,3.10156,361
Thrust#2,512,128,3.16406,359
Thrust#2,512,128,3.10156,378
Thrust#2,512,128,3.02344,354
Thrust#2,512,128,3.14062,352
Thrust#2,512,128,3.03906,363
Thrust#2,512,128,3.15625,374
Thrust#2,512,128,3.13281,412
Thrust#2,512,128,3.07812,372
Thrust#2,512,128,3.07031,364
Thrust#2,512,128,3.14844,377
Thrust#2,512,128,3.27344,351
Thrust#2,512,128,3,353
Thrust#2,512,128,3.15625,365
Thrust#2,512,128,3.20312,358
Thrust#2,512,128,3.20312,353
Thrust#2,512,128,3.10156,352
Thrust#2,512,128,3.13281,352
Thrust#2,512,128,3.125,359
Thrust#2,512,128,3.25,353
Thrust#2,512,128,3.20312,352
Thrust#2,512,128,3.25,353
Thrust#2,512,128,3.14844,356
Thrust#2,512,128,3.10938,360
Thrust#2,512,128,3.13281,363
Thrust#2,512,128,3.07812,353
Thrust#2,512,128,3.17969,384
Thrust#2,512,128,3.125,365
Thrust#2,512,128,3.20312,360
Thrust#2,512,128,3.05469,352
Thrust#2,512,128,3.125,358
Thrust#2,512,128,3.02344,353
Thrust#2,512,128,3.05469,352
Thrust#2,512,128,3.25781,360
Thrust#2,512,128,3.10156,356
Thrust#2,512,128,3.07031,362
Thrust#2,512,128,3.11719,362
Thrust#2,512,128,3.17969,362
Thrust#2,512,128,2.99219,368
Thrust#2,512,128,3.16406,353
Thrust#2,512,128,3.08594,352
Thrust#2,512,128,3.25781,362
Thrust#2,512,128,3.09375,364
Thrust#2,512,128,3.10156,353
Thrust#2,512,128,3.14844,353
Thrust#2,512,128,3.10156,380
Thrust#2,512,128,3.125,360
Thrust#2,512,128,3.14844,352
Thrust#2,512,128,3.07031,364
Thrust#2,512,256,3.16406,594
Thrust#2,512,256,3.20312,586
Thrust#2,512,256,3.14844,584
Thrust#2,512,256,3.07812,585
Thrust#2,512,256,3.21875,580
Thrust#2,512,256,3.1875,586
Thrust#2,512,256,2.96094,582
Thrust#2,512,256,3.08594,581
Thrust#2,512,256,3.0625,582
Thrust#2,512,256,3.21094,590
Thrust#2,512,256,3.10156,583
Thrust#2,512,256,3,588
Thrust#2,512,256,3.28906,587
Thrust#2,512,256,3.15625,586
Thrust#2,512,256,3.125,585
Thrust#2,512,256,3.15625,583
Thrust#2,512,256,3.21875,583
Thrust#2,512,256,3.05469,586
Thrust#2,512,256,3.07031,582
Thrust#2,512,256,3.14062,583
Thrust#2,512,256,3.10156,596
Thrust#2,512,256,3.11719,596
Thrust#2,512,256,3.10156,594
Thrust#2,512,256,2.97656,594
Thrust#2,512,256,3.29688,594
Thrust#2,512,256,3.15625,604
Thrust#2,512,256,3.16406,602
Thrust#2,512,256,3.27344,593
Thrust#2,512,256,3.17969,604
Thrust#2,512,256,3.13281,586
Thrust#2,512,256,3.15625,606
Thrust#2,512,256,3.01562,584
Thrust#2,512,256,3.16406,583
Thrust#2,512,256,3.14844,586
Thrust#2,512,256,3.25781,584
Thrust#2,512,256,3.21094,583
Thrust#2,512,256,3.08594,582
Thrust#2,512,256,3.13281,588
Thrust#2,512,256,2.96875,582
Thrust#2,512,256,3.13281,581
Thrust#2,512,256,3.21094,580
Thrust#2,512,256,3.125,587
Thrust#2,512,256,3.14062,585
Thrust#2,512,256,3.1875,1817
Thrust#2,512,256,3.09375,629
Thrust#2,512,256,3.125,588
Thrust#2,512,256,3.07812,580
Thrust#2,512,256,3.22656,598
Thrust#2,512,256,3.16406,633
Thrust#2,512,256,3.10156,586
Thrust#2,512,256,3.10156,580
Thrust#2,512,256,3.21094,606
Thrust#2,512,256,2.95312,615
Thrust#2,512,256,3.1875,595
Thrust#2,512,256,3.17969,593
Thrust#2,512,256,3.15625,597
Thrust#2,512,256,3.10938,594
Thrust#2,512,256,3.14062,605
Thrust#2,512,256,3.14844,584
Thrust#2,512,256,3.23438,587
Thrust#2,512,256,3.16406,610
Thrust#2,512,256,3.21875,583
Thrust#2,512,256,3.17969,582
Thrust#2,512,256,3.17969,584
Thrust#2,512,256,3.26562,593
Thrust#2,512,256,3.07812,585
Thrust#2,512,256,3.08594,583
Thrust#2,512,256,3.03125,586
Thrust#2,512,256,3.15625,583
Thrust#2,512,256,3.14844,582
Thrust#2,512,256,3.03906,598
Thrust#2,512,256,3.03906,588
Thrust#2,512,256,3.07812,580
Thrust#2,512,256,3.17188,581
Thrust#2,512,256,3.25,582
Thrust#2,512,256,2.95312,586
Thrust#2,512,256,3.16406,586
Thrust#2,512,256,3.17188,582
Thrust#2,512,256,3.14062,581
Thrust#2,512,256,3.19531,585
Thrust#2,512,256,3.17188,581
Thrust#2,512,256,3.14062,583
Thrust#2,512,256,3.04688,581
Thrust#2,512,256,3.1875,589
Thrust#2,512,256,3.09375,584
Thrust#2,512,256,3.14844,583
Thrust#2,512,256,3.19531,583
Thrust#2,512,256,3.10938,588
Thrust#2,512,256,3.22656,582
Thrust#2,512,256,3.14062,583
Thrust#2,512,256,3.21094,584
Thrust#2,512,256,3.08594,585
Thrust#2,512,256,3.14062,580
Thrust#2,512,256,3.02344,583
Thrust#2,512,256,3.19531,588
Thrust#2,512,256,3.11719,583
Thrust#2,512,256,3.11719,1814
Thrust#2,512,256,3.13281,636
Thrust#2,512,256,3.17969,588
Thrust#2,512,256,3.20312,605
Thrust#2,512,512,3.07812,1033
Thrust#2,512,512,3.14062,1037
Thrust#2,512,512,3.11719,1038
Thrust#2,512,512,3.17188,1033
Thrust#2,512,512,3.13281,1046
Thrust#2,512,512,3.125,1045
Thrust#2,512,512,3.19531,1031
Thrust#2,512,512,3.15625,1032
Thrust#2,512,512,3.1875,1034
Thrust#2,512,512,3.25,1035
Thrust#2,512,512,3.14844,1040
Thrust#2,512,512,3.03906,1075
Thrust#2,512,512,3.25781,1063
Thrust#2,512,512,3.20312,1043
Thrust#2,512,512,3.10938,1042
Thrust#2,512,512,3.25,1046
Thrust#2,512,512,3.14062,1043
Thrust#2,512,512,3.20312,1042
Thrust#2,512,512,3.29688,1044
Thrust#2,512,512,3.14844,1032
Thrust#2,512,512,3.08594,1037
Thrust#2,512,512,3.19531,1033
Thrust#2,512,512,3.15625,1034
Thrust#2,512,512,3.13281,1031
Thrust#2,512,512,3.04688,1031
Thrust#2,512,512,3.0625,1032
Thrust#2,512,512,3.05469,1033
Thrust#2,512,512,3.10938,1047
Thrust#2,512,512,3.21094,2360
Thrust#2,512,512,3.35938,1095
Thrust#2,512,512,3.22656,1052
Thrust#2,512,512,3.08594,1050
Thrust#2,512,512,3.15625,1040
Thrust#2,512,512,3.17188,1040
Thrust#2,512,512,3.10938,1041
Thrust#2,512,512,3.02344,1033
Thrust#2,512,512,3.02344,1032
Thrust#2,512,512,3.125,1091
Thrust#2,512,512,3,1047
Thrust#2,512,512,3.15625,1034
Thrust#2,512,512,3.19531,1043
Thrust#2,512,512,3.125,1033
Thrust#2,512,512,3.16406,1047
Thrust#2,512,512,3.17969,1034
Thrust#2,512,512,3.17969,1043
Thrust#2,512,512,3.17188,1045
Thrust#2,512,512,3.10156,1047
Thrust#2,512,512,3.13281,1042
Thrust#2,512,512,3.21094,1043
Thrust#2,512,512,3.23438,1047
Thrust#2,512,512,3.20312,1044
Thrust#2,512,512,3.10156,1032
Thrust#2,512,512,3.13281,1031
Thrust#2,512,512,3.08594,1033
Thrust#2,512,512,3.11719,1042
Thrust#2,512,512,3.14062,1032
Thrust#2,512,512,3.17188,1033
Thrust#2,512,512,3.03125,1034
Thrust#2,512,512,3.05469,1042
Thrust#2,512,512,3.11719,2339
Thrust#2,512,512,3.27344,1085
Thrust#2,512,512,3.07031,1037
Thrust#2,512,512,3.14844,1049
Thrust#2,512,512,2.96875,1058
Thrust#2,512,512,3.13281,1049
Thrust#2,512,512,3.14062,1044
Thrust#2,512,512,3.14844,1044
Thrust#2,512,512,3.04688,1046
Thrust#2,512,512,3.09375,1038
Thrust#2,512,512,3.00781,1033
Thrust#2,512,512,3.13281,1033
Thrust#2,512,512,3.19531,1034
Thrust#2,512,512,3.0625,1036
Thrust#2,512,512,3.17188,1035
Thrust#2,512,512,3.02344,1043
Thrust#2,512,512,3.20312,1042
Thrust#2,512,512,3.07031,1049
Thrust#2,512,512,3.13281,1043
Thrust#2,512,512,3.14062,1042
Thrust#2,512,512,3.125,1038
Thrust#2,512,512,3.26562,1038
Thrust#2,512,512,3.08594,1034
Thrust#2,512,512,3.04688,1041
Thrust#2,512,512,3.21094,1037
Thrust#2,512,512,3.125,1035
Thrust#2,512,512,3,1033
Thrust#2,512,512,3.23438,1031
Thrust#2,512,512,3.17188,1031
Thrust#2,512,512,3.09375,1041
Thrust#2,512,512,3.13281,1034
Thrust#2,512,512,3.11719,2434
Thrust#2,512,512,3.28125,1142
Thrust#2,512,512,3.1875,1046
Thrust#2,512,512,3.17969,1055
Thrust#2,512,512,3.11719,1046
Thrust#2,512,512,3.15625,1043
Thrust#2,512,512,3.25,1043
Thrust#2,512,512,3.15625,1043
Thrust#2,512,512,3.13281,1035
Thrust#2,512,512,3.125,1036
Thrust#2,1024,1,3.10156,159
Thrust#2,1024,1,3.21094,157
Thrust#2,1024,1,3.16406,159
Thrust#2,1024,1,3.09375,158
Thrust#2,1024,1,3.22266,158
Thrust#2,1024,1,3.11719,157
Thrust#2,1024,1,3.14062,158
Thrust#2,1024,1,3.17578,157
Thrust#2,1024,1,3.13281,157
Thrust#2,1024,1,3.05078,156
Thrust#2,1024,1,3.08594,162
Thrust#2,1024,1,3.07812,155
Thrust#2,1024,1,3.17578,154
Thrust#2,1024,1,3.125,157
Thrust#2,1024,1,3.20312,159
Thrust#2,1024,1,3.11328,158
Thrust#2,1024,1,3.19922,158
Thrust#2,1024,1,3.04297,157
Thrust#2,1024,1,3.14453,159
Thrust#2,1024,1,3.19531,157
Thrust#2,1024,1,3.14844,155
Thrust#2,1024,1,3.04297,161
Thrust#2,1024,1,3.14453,157
Thrust#2,1024,1,3.15625,155
Thrust#2,1024,1,3.21484,156
Thrust#2,1024,1,3.12109,157
Thrust#2,1024,1,3.15625,158
Thrust#2,1024,1,3.08594,195
Thrust#2,1024,1,3.17188,156
Thrust#2,1024,1,3.20703,157
Thrust#2,1024,1,3.15234,158
Thrust#2,1024,1,3.22656,156
Thrust#2,1024,1,3.16016,157
Thrust#2,1024,1,3.09375,157
Thrust#2,1024,1,3.10547,157
Thrust#2,1024,1,3.11328,156
Thrust#2,1024,1,3.18359,155
Thrust#2,1024,1,3.16797,157
Thrust#2,1024,1,3.1875,160
Thrust#2,1024,1,3.22656,156
Thrust#2,1024,1,3.19531,155
Thrust#2,1024,1,3.07422,155
Thrust#2,1024,1,3.16406,157
Thrust#2,1024,1,3.19922,155
Thrust#2,1024,1,3.17188,160
Thrust#2,1024,1,3.16797,157
Thrust#2,1024,1,3.03516,166
Thrust#2,1024,1,3.125,157
Thrust#2,1024,1,3.17969,155
Thrust#2,1024,1,3.14062,158
Thrust#2,1024,1,3.12891,159
Thrust#2,1024,1,3.27344,158
Thrust#2,1024,1,3.14062,157
Thrust#2,1024,1,3.19141,159
Thrust#2,1024,1,3.1875,158
Thrust#2,1024,1,3.125,159
Thrust#2,1024,1,3.11328,157
Thrust#2,1024,1,3.12891,158
Thrust#2,1024,1,3.17188,160
Thrust#2,1024,1,3.17578,158
Thrust#2,1024,1,3.10156,158
Thrust#2,1024,1,3.03516,159
Thrust#2,1024,1,3.17969,160
Thrust#2,1024,1,3.16016,158
Thrust#2,1024,1,3.14453,155
Thrust#2,1024,1,3.1875,158
Thrust#2,1024,1,3.12891,160
Thrust#2,1024,1,3.14453,155
Thrust#2,1024,1,3.17578,155
Thrust#2,1024,1,3.25391,157
Thrust#2,1024,1,3.20703,218
Thrust#2,1024,1,3.06641,158
Thrust#2,1024,1,3.15234,160
Thrust#2,1024,1,3.10938,157
Thrust#2,1024,1,3.15625,158
Thrust#2,1024,1,3.11719,158
Thrust#2,1024,1,3.12891,156
Thrust#2,1024,1,3.19141,159
Thrust#2,1024,1,3.11328,158
Thrust#2,1024,1,3.13281,157
Thrust#2,1024,1,3.21484,157
Thrust#2,1024,1,3.1875,157
Thrust#2,1024,1,3.18359,158
Thrust#2,1024,1,3.125,156
Thrust#2,1024,1,3.14062,156
Thrust#2,1024,1,3.14844,156
Thrust#2,1024,1,3.15625,159
Thrust#2,1024,1,3.20703,155
Thrust#2,1024,1,3.08984,155
Thrust#2,1024,1,3.1875,158
Thrust#2,1024,1,3.14062,157
Thrust#2,1024,1,3.14844,157
Thrust#2,1024,1,3.08203,157
Thrust#2,1024,1,3.02734,156
Thrust#2,1024,1,3.17578,159
Thrust#2,1024,1,3.16406,156
Thrust#2,1024,1,3.12109,154
Thrust#2,1024,1,3.14453,158
Thrust#2,1024,1,3.10156,159
Thrust#2,1024,1,3.13281,156
Thrust#2,1024,2,3.20312,152
Thrust#2,1024,2,3.09766,149
Thrust#2,1024,2,3.10156,150
Thrust#2,1024,2,3.12109,147
Thrust#2,1024,2,3.07422,148
Thrust#2,1024,2,3.02344,150
Thrust#2,1024,2,3.125,149
Thrust#2,1024,2,3.16797,148
Thrust#2,1024,2,3.13281,146
Thrust#2,1024,2,3.06641,148
Thrust#2,1024,2,3.08594,149
Thrust#2,1024,2,3.20312,151
Thrust#2,1024,2,3.09375,147
Thrust#2,1024,2,3.21484,149
Thrust#2,1024,2,3.19531,149
Thrust#2,1024,2,3.14062,151
Thrust#2,1024,2,3.14062,190
Thrust#2,1024,2,3.13672,149
Thrust#2,1024,2,3.07031,149
Thrust#2,1024,2,3.10938,158
Thrust#2,1024,2,3.12891,148
Thrust#2,1024,2,3.22266,148
Thrust#2,1024,2,3.11328,153
Thrust#2,1024,2,3.10547,149
Thrust#2,1024,2,3.12891,151
Thrust#2,1024,2,3.10938,150
Thrust#2,1024,2,3.12891,148
Thrust#2,1024,2,3.13672,1461
Thrust#2,1024,2,3.08203,320
Thrust#2,1024,2,3.14453,160
Thrust#2,1024,2,3.10547,154
Thrust#2,1024,2,3.17969,176
Thrust#2,1024,2,3.14453,148
Thrust#2,1024,2,3.12891,156
Thrust#2,1024,2,3.17578,153
Thrust#2,1024,2,3.18359,151
Thrust#2,1024,2,3.17578,151
Thrust#2,1024,2,3.19922,147
Thrust#2,1024,2,3.16406,156
Thrust#2,1024,2,3.22656,159
Thrust#2,1024,2,3.01562,152
Thrust#2,1024,2,3.10156,146
Thrust#2,1024,2,3.22656,156
Thrust#2,1024,2,3.09375,150
Thrust#2,1024,2,3.23828,152
Thrust#2,1024,2,3.10938,148
Thrust#2,1024,2,3.07031,146
Thrust#2,1024,2,3.17578,159
Thrust#2,1024,2,3.14062,152
Thrust#2,1024,2,3.125,147
Thrust#2,1024,2,3.14062,147
Thrust#2,1024,2,3.08594,158
Thrust#2,1024,2,3.18359,152
Thrust#2,1024,2,3.13672,148
Thrust#2,1024,2,3.08984,156
Thrust#2,1024,2,3.14062,159
Thrust#2,1024,2,3.13281,150
Thrust#2,1024,2,3.19531,148
Thrust#2,1024,2,3.08984,156
Thrust#2,1024,2,3.20703,159
Thrust#2,1024,2,3.11328,150
Thrust#2,1024,2,3.15625,149
Thrust#2,1024,2,3.15625,147
Thrust#2,1024,2,3.20312,152
Thrust#2,1024,2,3.16406,148
Thrust#2,1024,2,3.17188,148
Thrust#2,1024,2,3.10156,146
Thrust#2,1024,2,3.1875,153
Thrust#2,1024,2,3.17578,146
Thrust#2,1024,2,3.09375,147
Thrust#2,1024,2,3.14844,147
Thrust#2,1024,2,3.16797,150
Thrust#2,1024,2,3.07031,150
Thrust#2,1024,2,3.15625,148
Thrust#2,1024,2,3.17969,148
Thrust#2,1024,2,3.15625,151
Thrust#2,1024,2,3.16016,155
Thrust#2,1024,2,3.21484,147
Thrust#2,1024,2,3.11328,150
Thrust#2,1024,2,3.11328,151
Thrust#2,1024,2,3.19531,151
Thrust#2,1024,2,3.18359,148
Thrust#2,1024,2,3.22266,146
Thrust#2,1024,2,3.06641,154
Thrust#2,1024,2,3.1875,147
Thrust#2,1024,2,3.125,146
Thrust#2,1024,2,3.13281,147
Thrust#2,1024,2,3.10156,151
Thrust#2,1024,2,3.17969,146
Thrust#2,1024,2,3.15625,150
Thrust#2,1024,2,3.02734,147
Thrust#2,1024,2,3.21094,150
Thrust#2,1024,2,3.21484,147
Thrust#2,1024,2,3.08203,147
Thrust#2,1024,2,3.125,148
Thrust#2,1024,2,3.06641,154
Thrust#2,1024,2,3.08203,148
Thrust#2,1024,2,3.14844,147
Thrust#2,1024,2,3.13281,147
Thrust#2,1024,2,3.22266,150
Thrust#2,1024,4,3.16797,150
Thrust#2,1024,4,3.05859,140
Thrust#2,1024,4,3.13672,138
Thrust#2,1024,4,3.17188,144
Thrust#2,1024,4,3.14453,138
Thrust#2,1024,4,3.1875,138
Thrust#2,1024,4,3.14453,185
Thrust#2,1024,4,3.11719,143
Thrust#2,1024,4,3.0625,140
Thrust#2,1024,4,3.12109,137
Thrust#2,1024,4,3.12891,138
Thrust#2,1024,4,3.14062,182
Thrust#2,1024,4,3.16797,139
Thrust#2,1024,4,3.06641,137
Thrust#2,1024,4,3.09375,140
Thrust#2,1024,4,3.17578,144
Thrust#2,1024,4,3.08203,139
Thrust#2,1024,4,3.15625,148
Thrust#2,1024,4,3.33203,138
Thrust#2,1024,4,3.07812,141
Thrust#2,1024,4,3.15625,140
Thrust#2,1024,4,3.26562,140
Thrust#2,1024,4,3.14453,137
Thrust#2,1024,4,3.125,143
Thrust#2,1024,4,3.11719,137
Thrust#2,1024,4,3.23047,138
Thrust#2,1024,4,3.14844,137
Thrust#2,1024,4,3.08594,144
Thrust#2,1024,4,3.05078,158
Thrust#2,1024,4,3.13281,140
Thrust#2,1024,4,3.18359,137
Thrust#2,1024,4,3.125,142
Thrust#2,1024,4,3.10938,140
Thrust#2,1024,4,3.21484,140
Thrust#2,1024,4,3.04297,150
Thrust#2,1024,4,3.15625,141
Thrust#2,1024,4,3.10547,138
Thrust#2,1024,4,3.11719,139
Thrust#2,1024,4,3.15625,137
Thrust#2,1024,4,3.24609,144
Thrust#2,1024,4,3.11328,138
Thrust#2,1024,4,3.05078,139
Thrust#2,1024,4,3.04688,139
Thrust#2,1024,4,3.17578,141
Thrust#2,1024,4,3.14453,136
Thrust#2,1024,4,3.0625,141
Thrust#2,1024,4,3.10938,142
Thrust#2,1024,4,3.08984,141
Thrust#2,1024,4,3.32812,137
Thrust#2,1024,4,3.08984,138
Thrust#2,1024,4,3.09375,140
Thrust#2,1024,4,3.08594,154
Thrust#2,1024,4,3.25391,138
Thrust#2,1024,4,3.1875,137
Thrust#2,1024,4,3.08203,138
Thrust#2,1024,4,3.16016,144
Thrust#2,1024,4,3.13672,150
Thrust#2,1024,4,3.11719,139
Thrust#2,1024,4,3.12891,139
Thrust#2,1024,4,3.07031,141
Thrust#2,1024,4,3.24219,138
Thrust#2,1024,4,3.14453,139
Thrust#2,1024,4,3.10547,150
Thrust#2,1024,4,3.11328,144
Thrust#2,1024,4,3.17578,135
Thrust#2,1024,4,3.10938,139
Thrust#2,1024,4,3.10156,139
Thrust#2,1024,4,3.11328,153
Thrust#2,1024,4,3.19141,163
Thrust#2,1024,4,3.10938,139
Thrust#2,1024,4,3.125,139
Thrust#2,1024,4,3.11719,142
Thrust#2,1024,4,3.22266,139
Thrust#2,1024,4,3.15625,150
Thrust#2,1024,4,3.18359,138
Thrust#2,1024,4,3.14453,142
Thrust#2,1024,4,3.12109,139
Thrust#2,1024,4,3.09766,137
Thrust#2,1024,4,3.11328,140
Thrust#2,1024,4,3.14844,144
Thrust#2,1024,4,3.19141,138
Thrust#2,1024,4,3.11719,137
Thrust#2,1024,4,3.04297,138
Thrust#2,1024,4,3.15625,142
Thrust#2,1024,4,3.14844,149
Thrust#2,1024,4,3.16406,140
Thrust#2,1024,4,3.14453,137
Thrust#2,1024,4,3.1875,140
Thrust#2,1024,4,3.02734,137
Thrust#2,1024,4,3.13281,139
Thrust#2,1024,4,3.21875,141
Thrust#2,1024,4,3.12891,144
Thrust#2,1024,4,3.14844,138
Thrust#2,1024,4,3.12891,140
Thrust#2,1024,4,3.14453,139
Thrust#2,1024,4,3.12109,177
Thrust#2,1024,4,3.13281,139
Thrust#2,1024,4,3.05469,138
Thrust#2,1024,4,3.13672,137
Thrust#2,1024,4,3.16016,144
Thrust#2,1024,8,3.13672,144
Thrust#2,1024,8,3.12891,150
Thrust#2,1024,8,3.12109,149
Thrust#2,1024,8,3.09375,150
Thrust#2,1024,8,3.17188,145
Thrust#2,1024,8,3.21484,148
Thrust#2,1024,8,3.07422,146
Thrust#2,1024,8,3.20312,153
Thrust#2,1024,8,3.14453,147
Thrust#2,1024,8,3.10156,147
Thrust#2,1024,8,3.15625,149
Thrust#2,1024,8,3.25391,150
Thrust#2,1024,8,3.17578,152
Thrust#2,1024,8,3.16797,148
Thrust#2,1024,8,3.16797,148
Thrust#2,1024,8,3.02734,152
Thrust#2,1024,8,3.12891,146
Thrust#2,1024,8,3.14062,147
Thrust#2,1024,8,3.10156,151
Thrust#2,1024,8,3.20703,151
Thrust#2,1024,8,3.16406,150
Thrust#2,1024,8,3.17969,149
Thrust#2,1024,8,3.10547,147
Thrust#2,1024,8,3.16797,155
Thrust#2,1024,8,3.19141,147
Thrust#2,1024,8,3.12891,146
Thrust#2,1024,8,3.09375,149
Thrust#2,1024,8,3.15234,151
Thrust#2,1024,8,3.14062,148
Thrust#2,1024,8,3.10547,150
Thrust#2,1024,8,3.17969,149
Thrust#2,1024,8,3.12891,151
Thrust#2,1024,8,3.14062,147
Thrust#2,1024,8,3.08594,149
Thrust#2,1024,8,3.08984,147
Thrust#2,1024,8,3.16797,155
Thrust#2,1024,8,3.11328,149
Thrust#2,1024,8,3.125,146
Thrust#2,1024,8,3.17188,147
Thrust#2,1024,8,3.21484,153
Thrust#2,1024,8,3.22266,149
Thrust#2,1024,8,3.17969,149
Thrust#2,1024,8,3.16797,147
Thrust#2,1024,8,3.09375,153
Thrust#2,1024,8,3.14844,147
Thrust#2,1024,8,3.12891,467
Thrust#2,1024,8,3.13672,150
Thrust#2,1024,8,3.05078,151
Thrust#2,1024,8,3.15625,146
Thrust#2,1024,8,3.12891,147
Thrust#2,1024,8,3.10547,147
Thrust#2,1024,8,3.14844,154
Thrust#2,1024,8,3.16797,147
Thrust#2,1024,8,3.13672,147
Thrust#2,1024,8,3.08594,147
Thrust#2,1024,8,3.20703,152
Thrust#2,1024,8,3.16797,147
Thrust#2,1024,8,3.22266,150
Thrust#2,1024,8,3.26953,147
Thrust#2,1024,8,3.13672,151
Thrust#2,1024,8,3.10156,147
Thrust#2,1024,8,3.14062,175
Thrust#2,1024,8,3.09375,149
Thrust#2,1024,8,3.11328,154
Thrust#2,1024,8,3.10938,146
Thrust#2,1024,8,3.14453,149
Thrust#2,1024,8,3.1875,147
Thrust#2,1024,8,3.10938,150
Thrust#2,1024,8,3.15625,150
Thrust#2,1024,8,3.125,148
Thrust#2,1024,8,3.13672,148
Thrust#2,1024,8,3.16016,150
Thrust#2,1024,8,3.21484,146
Thrust#2,1024,8,3.16406,150
Thrust#2,1024,8,3.13672,149
Thrust#2,1024,8,3.20312,151
Thrust#2,1024,8,3.23438,149
Thrust#2,1024,8,3.16016,146
Thrust#2,1024,8,3.09766,147
Thrust#2,1024,8,3.16016,153
Thrust#2,1024,8,3.16797,146
Thrust#2,1024,8,3.17969,147
Thrust#2,1024,8,3.18359,148
Thrust#2,1024,8,3.19531,151
Thrust#2,1024,8,3.01562,182
Thrust#2,1024,8,3.19531,185
Thrust#2,1024,8,3.09375,147
Thrust#2,1024,8,3.125,148
Thrust#2,1024,8,3.15234,145
Thrust#2,1024,8,3.13281,146
Thrust#2,1024,8,3.14062,148
Thrust#2,1024,8,3.08594,156
Thrust#2,1024,8,3.11328,147
Thrust#2,1024,8,3.10156,146
Thrust#2,1024,8,3.16797,148
Thrust#2,1024,8,3.09375,153
Thrust#2,1024,8,3.16406,150
Thrust#2,1024,8,3.125,147
Thrust#2,1024,8,3.09766,147
Thrust#2,1024,8,3.06641,150
Thrust#2,1024,16,3.17578,163
Thrust#2,1024,16,3.14062,164
Thrust#2,1024,16,3.08984,167
Thrust#2,1024,16,3.07031,166
Thrust#2,1024,16,3.14844,162
Thrust#2,1024,16,3.05859,163
Thrust#2,1024,16,3.16016,163
Thrust#2,1024,16,3.02734,171
Thrust#2,1024,16,3.06641,163
Thrust#2,1024,16,3.12109,163
Thrust#2,1024,16,3.12109,162
Thrust#2,1024,16,3.15234,167
Thrust#2,1024,16,3.19141,163
Thrust#2,1024,16,3.10547,166
Thrust#2,1024,16,3.20703,163
Thrust#2,1024,16,3.13281,166
Thrust#2,1024,16,3.12891,163
Thrust#2,1024,16,3.19531,164
Thrust#2,1024,16,3.0625,167
Thrust#2,1024,16,3.22266,166
Thrust#2,1024,16,3.09375,162
Thrust#2,1024,16,3.14844,161
Thrust#2,1024,16,3.125,162
Thrust#2,1024,16,3.08203,166
Thrust#2,1024,16,3.15234,166
Thrust#2,1024,16,3.16016,163
Thrust#2,1024,16,3.17188,160
Thrust#2,1024,16,3.125,167
Thrust#2,1024,16,3.15625,161
Thrust#2,1024,16,3.21094,162
Thrust#2,1024,16,3.18359,170
Thrust#2,1024,16,3.125,167
Thrust#2,1024,16,3.04688,173
Thrust#2,1024,16,3.11328,1414
Thrust#2,1024,16,3.15625,239
Thrust#2,1024,16,3.18359,204
Thrust#2,1024,16,3.09766,224
Thrust#2,1024,16,3.14453,172
Thrust#2,1024,16,3.11328,160
Thrust#2,1024,16,3.11328,171
Thrust#2,1024,16,3.17969,173
Thrust#2,1024,16,3.12109,172
Thrust#2,1024,16,3.21094,163
Thrust#2,1024,16,3.05078,171
Thrust#2,1024,16,3.09766,162
Thrust#2,1024,16,3.20703,166
Thrust#2,1024,16,3.20312,169
Thrust#2,1024,16,3.12109,212
Thrust#2,1024,16,3.08984,172
Thrust#2,1024,16,3.13672,171
Thrust#2,1024,16,3.17578,161
Thrust#2,1024,16,3.20703,172
Thrust#2,1024,16,3.22266,172
Thrust#2,1024,16,3.04688,165
Thrust#2,1024,16,3.11719,162
Thrust#2,1024,16,3.22266,170
Thrust#2,1024,16,3.16406,172
Thrust#2,1024,16,3.10156,173
Thrust#2,1024,16,3.07422,170
Thrust#2,1024,16,3.16406,171
Thrust#2,1024,16,3.11328,165
Thrust#2,1024,16,3.15625,173
Thrust#2,1024,16,3.21484,161
Thrust#2,1024,16,3.1875,171
Thrust#2,1024,16,3.20703,164
Thrust#2,1024,16,3.12891,168
Thrust#2,1024,16,3.12891,162
Thrust#2,1024,16,3.04297,164
Thrust#2,1024,16,3.13281,162
Thrust#2,1024,16,3.12109,173
Thrust#2,1024,16,3.23047,162
Thrust#2,1024,16,3.21484,162
Thrust#2,1024,16,3.15625,162
Thrust#2,1024,16,3.22656,166
Thrust#2,1024,16,3.08594,197
Thrust#2,1024,16,3.10156,163
Thrust#2,1024,16,3.08594,164
Thrust#2,1024,16,3.15625,166
Thrust#2,1024,16,3.12891,163
Thrust#2,1024,16,3.15625,162
Thrust#2,1024,16,3.16406,167
Thrust#2,1024,16,3.19141,167
Thrust#2,1024,16,3.20312,162
Thrust#2,1024,16,3.26953,164
Thrust#2,1024,16,3.16016,163
Thrust#2,1024,16,3.16016,168
Thrust#2,1024,16,3.12109,166
Thrust#2,1024,16,3.07031,164
Thrust#2,1024,16,3.12109,164
Thrust#2,1024,16,3.08594,167
Thrust#2,1024,16,3.04688,164
Thrust#2,1024,16,3.19141,166
Thrust#2,1024,16,3.21094,163
Thrust#2,1024,16,3.16016,168
Thrust#2,1024,16,3.21094,163
Thrust#2,1024,16,3.18359,163
Thrust#2,1024,16,3.14453,164
Thrust#2,1024,16,3.08984,173
Thrust#2,1024,16,3.21484,164
Thrust#2,1024,16,3.09375,162
Thrust#2,1024,32,3.19141,188
Thrust#2,1024,32,3.08984,188
Thrust#2,1024,32,3.17969,190
Thrust#2,1024,32,3.16406,187
Thrust#2,1024,32,3.19141,188
Thrust#2,1024,32,3.03906,192
Thrust#2,1024,32,3.20312,188
Thrust#2,1024,32,3.01172,188
Thrust#2,1024,32,3.21094,187
Thrust#2,1024,32,3.25,193
Thrust#2,1024,32,3.09375,189
Thrust#2,1024,32,3.08203,189
Thrust#2,1024,32,3.11328,190
Thrust#2,1024,32,3.08594,191
Thrust#2,1024,32,3.15234,190
Thrust#2,1024,32,3.18359,190
Thrust#2,1024,32,3.18359,207
Thrust#2,1024,32,3.14844,191
Thrust#2,1024,32,3.09375,188
Thrust#2,1024,32,3.22266,192
Thrust#2,1024,32,3.07031,191
Thrust#2,1024,32,3.05078,191
Thrust#2,1024,32,3.19141,187
Thrust#2,1024,32,3.18359,188
Thrust#2,1024,32,3.14844,188
Thrust#2,1024,32,3.01953,194
Thrust#2,1024,32,3.15625,188
Thrust#2,1024,32,3.125,190
Thrust#2,1024,32,3.17578,187
Thrust#2,1024,32,3.17578,192
Thrust#2,1024,32,3.13672,189
Thrust#2,1024,32,3.1875,190
Thrust#2,1024,32,3.20312,188
Thrust#2,1024,32,3.14844,192
Thrust#2,1024,32,3.17188,193
Thrust#2,1024,32,3.1875,189
Thrust#2,1024,32,3.08984,189
Thrust#2,1024,32,3.14062,190
Thrust#2,1024,32,3.17188,189
Thrust#2,1024,32,3.15625,188
Thrust#2,1024,32,3.07812,187
Thrust#2,1024,32,3.09375,192
Thrust#2,1024,32,3.11719,188
Thrust#2,1024,32,3.15234,188
Thrust#2,1024,32,3.125,189
Thrust#2,1024,32,3.08984,192
Thrust#2,1024,32,3.17188,188
Thrust#2,1024,32,3.19141,191
Thrust#2,1024,32,3.14453,187
Thrust#2,1024,32,3.18359,192
Thrust#2,1024,32,3.15234,186
Thrust#2,1024,32,3.14453,190
Thrust#2,1024,32,3.17188,214
Thrust#2,1024,32,3.125,198
Thrust#2,1024,32,3.16406,187
Thrust#2,1024,32,3.09375,190
Thrust#2,1024,32,3.13281,188
Thrust#2,1024,32,3.05859,191
Thrust#2,1024,32,3.08984,190
Thrust#2,1024,32,3.08203,187
Thrust#2,1024,32,3.02734,188
Thrust#2,1024,32,3.26562,190
Thrust#2,1024,32,3.16406,188
Thrust#2,1024,32,3.09375,189
Thrust#2,1024,32,3.22656,227
Thrust#2,1024,32,3.19141,193
Thrust#2,1024,32,3.13281,189
Thrust#2,1024,32,3.02734,188
Thrust#2,1024,32,3.18359,188
Thrust#2,1024,32,3.25,193
Thrust#2,1024,32,3.17969,191
Thrust#2,1024,32,3.10547,189
Thrust#2,1024,32,3.12891,189
Thrust#2,1024,32,3.16406,193
Thrust#2,1024,32,3.12109,190
Thrust#2,1024,32,3.14453,191
Thrust#2,1024,32,3.10547,190
Thrust#2,1024,32,3.10156,194
Thrust#2,1024,32,3.11719,189
Thrust#2,1024,32,3.15625,190
Thrust#2,1024,32,3.10156,190
Thrust#2,1024,32,3.14453,194
Thrust#2,1024,32,3.13672,188
Thrust#2,1024,32,3.17188,190
Thrust#2,1024,32,3.14844,191
Thrust#2,1024,32,3.08594,192
Thrust#2,1024,32,3.23047,189
Thrust#2,1024,32,3.13281,189
Thrust#2,1024,32,3.14844,188
Thrust#2,1024,32,3.06641,190
Thrust#2,1024,32,3.09375,187
Thrust#2,1024,32,3.08203,187
Thrust#2,1024,32,3.09766,189
Thrust#2,1024,32,3.11719,191
Thrust#2,1024,32,3.13281,190
Thrust#2,1024,32,3.12891,189
Thrust#2,1024,32,3.10938,1663
Thrust#2,1024,32,3.15625,265
Thrust#2,1024,32,3.07031,200
Thrust#2,1024,32,3.05859,195
Thrust#2,1024,64,3.125,244
Thrust#2,1024,64,3.16797,253
Thrust#2,1024,64,3.125,255
Thrust#2,1024,64,3.14844,254
Thrust#2,1024,64,3.09766,243
Thrust#2,1024,64,3.15234,255
Thrust#2,1024,64,3.0625,253
Thrust#2,1024,64,3.16016,255
Thrust#2,1024,64,3.13672,246
Thrust#2,1024,64,3.21875,252
Thrust#2,1024,64,3.20312,254
Thrust#2,1024,64,3.12891,253
Thrust#2,1024,64,3.19141,245
Thrust#2,1024,64,3.19922,253
Thrust#2,1024,64,3.09375,254
Thrust#2,1024,64,3.13672,253
Thrust#2,1024,64,3.20312,246
Thrust#2,1024,64,3.11328,253
Thrust#2,1024,64,3.08984,254
Thrust#2,1024,64,3.10547,254
Thrust#2,1024,64,3.16406,254
Thrust#2,1024,64,3.13672,247
Thrust#2,1024,64,3.17578,245
Thrust#2,1024,64,3.21484,252
Thrust#2,1024,64,3.24219,245
Thrust#2,1024,64,3.14453,247
Thrust#2,1024,64,3.14062,247
Thrust#2,1024,64,3.14062,247
Thrust#2,1024,64,3.11719,245
Thrust#2,1024,64,3.19141,250
Thrust#2,1024,64,3.12891,247
Thrust#2,1024,64,3.12891,250
Thrust#2,1024,64,3.12891,245
Thrust#2,1024,64,3.10156,245
Thrust#2,1024,64,3.26562,244
Thrust#2,1024,64,3.15234,249
Thrust#2,1024,64,3.125,245
Thrust#2,1024,64,3.17578,249
Thrust#2,1024,64,3.10938,246
Thrust#2,1024,64,3.08984,251
Thrust#2,1024,64,3.19531,246
Thrust#2,1024,64,3.21484,245
Thrust#2,1024,64,3.06641,248
Thrust#2,1024,64,3.1875,248
Thrust#2,1024,64,3.16797,249
Thrust#2,1024,64,3.16797,245
Thrust#2,1024,64,3.22266,246
Thrust#2,1024,64,3.16797,248
Thrust#2,1024,64,3.19922,248
Thrust#2,1024,64,3.12109,246
Thrust#2,1024,64,3.07812,245
Thrust#2,1024,64,3.14453,251
Thrust#2,1024,64,3.14453,248
Thrust#2,1024,64,3.11719,245
Thrust#2,1024,64,3.07031,282
Thrust#2,1024,64,3.11328,250
Thrust#2,1024,64,3.19141,247
Thrust#2,1024,64,3.17578,245
Thrust#2,1024,64,3.15234,246
Thrust#2,1024,64,3.10938,252
Thrust#2,1024,64,3.12109,248
Thrust#2,1024,64,3.10156,247
Thrust#2,1024,64,3.14453,246
Thrust#2,1024,64,3.13281,248
Thrust#2,1024,64,3.11328,246
Thrust#2,1024,64,3.10547,247
Thrust#2,1024,64,3.08594,245
Thrust#2,1024,64,3.20312,248
Thrust#2,1024,64,3.09766,249
Thrust#2,1024,64,3.12891,245
Thrust#2,1024,64,3.18359,249
Thrust#2,1024,64,3.08984,256
Thrust#2,1024,64,3.18359,247
Thrust#2,1024,64,3.09766,245
Thrust#2,1024,64,3.17578,245
Thrust#2,1024,64,3.24219,248
Thrust#2,1024,64,3.15234,249
Thrust#2,1024,64,3.16016,245
Thrust#2,1024,64,3.12891,245
Thrust#2,1024,64,3.05078,251
Thrust#2,1024,64,3.10938,245
Thrust#2,1024,64,3.08984,247
Thrust#2,1024,64,3.10156,247
Thrust#2,1024,64,3.02344,250
Thrust#2,1024,64,3.14453,246
Thrust#2,1024,64,3.17578,246
Thrust#2,1024,64,3.19531,243
Thrust#2,1024,64,3.05078,254
Thrust#2,1024,64,3.13281,246
Thrust#2,1024,64,3.17969,246
Thrust#2,1024,64,3.01953,247
Thrust#2,1024,64,3.13281,249
Thrust#2,1024,64,3.21094,246
Thrust#2,1024,64,3.22266,246
Thrust#2,1024,64,3.18359,245
Thrust#2,1024,64,3.12109,250
Thrust#2,1024,64,3.21484,246
Thrust#2,1024,64,3.15625,245
Thrust#2,1024,64,3.28516,249
Thrust#2,1024,64,3.22656,249
Thrust#2,1024,128,3.18359,362
Thrust#2,1024,128,3.05859,358
Thrust#2,1024,128,3.09766,359
Thrust#2,1024,128,3.00391,363
Thrust#2,1024,128,3.21875,365
Thrust#2,1024,128,3.14062,361
Thrust#2,1024,128,3.19531,362
Thrust#2,1024,128,3.14844,361
Thrust#2,1024,128,3.12891,359
Thrust#2,1024,128,3.07031,363
Thrust#2,1024,128,3.19141,360
Thrust#2,1024,128,3.12891,363
Thrust#2,1024,128,3.12109,360
Thrust#2,1024,128,3.16016,358
Thrust#2,1024,128,3.20703,361
Thrust#2,1024,128,3.16797,369
Thrust#2,1024,128,3.17969,1688
Thrust#2,1024,128,3.12891,422
Thrust#2,1024,128,3.07812,360
Thrust#2,1024,128,3.22266,366
Thrust#2,1024,128,3.15625,386
Thrust#2,1024,128,3.12109,377
Thrust#2,1024,128,3.07422,366
Thrust#2,1024,128,3.16016,363
Thrust#2,1024,128,3.16797,360
Thrust#2,1024,128,3.20312,366
Thrust#2,1024,128,3.04297,380
Thrust#2,1024,128,3.20703,363
Thrust#2,1024,128,3.10938,362
Thrust#2,1024,128,3.05469,366
Thrust#2,1024,128,3.12109,367
Thrust#2,1024,128,3.12109,362
Thrust#2,1024,128,3.09766,364
Thrust#2,1024,128,3.16797,362
Thrust#2,1024,128,3.13281,360
Thrust#2,1024,128,3.17188,360
Thrust#2,1024,128,3.16406,361
Thrust#2,1024,128,3.21094,367
Thrust#2,1024,128,3.19531,361
Thrust#2,1024,128,3.125,358
Thrust#2,1024,128,3.08594,372
Thrust#2,1024,128,3.10938,452
Thrust#2,1024,128,3.15234,519
Thrust#2,1024,128,3.24219,447
Thrust#2,1024,128,3.09766,621
Thrust#2,1024,128,3.10938,360
Thrust#2,1024,128,3.14453,362
Thrust#2,1024,128,2.99609,365
Thrust#2,1024,128,3.16797,369
Thrust#2,1024,128,3.14062,367
Thrust#2,1024,128,3.12891,360
Thrust#2,1024,128,3.16406,357
Thrust#2,1024,128,3.16797,360
Thrust#2,1024,128,3.05859,363
Thrust#2,1024,128,3.08203,366
Thrust#2,1024,128,3.12109,358
Thrust#2,1024,128,3.07422,368
Thrust#2,1024,128,3.16016,360
Thrust#2,1024,128,3.11719,362
Thrust#2,1024,128,3.17188,358
Thrust#2,1024,128,3.15234,368
Thrust#2,1024,128,3.14844,368
Thrust#2,1024,128,3.10938,363
Thrust#2,1024,128,3.13281,374
Thrust#2,1024,128,3.13281,377
Thrust#2,1024,128,3.14844,376
Thrust#2,1024,128,3.15234,378
Thrust#2,1024,128,3.16406,375
Thrust#2,1024,128,3.26172,377
Thrust#2,1024,128,3.20312,375
Thrust#2,1024,128,3.16016,362
Thrust#2,1024,128,3.09375,368
Thrust#2,1024,128,3.11719,365
Thrust#2,1024,128,3.14453,360
Thrust#2,1024,128,3.21484,362
Thrust#2,1024,128,3.13672,363
Thrust#2,1024,128,3.08984,358
Thrust#2,1024,128,3.1875,363
Thrust#2,1024,128,3.15234,361
Thrust#2,1024,128,3.17188,361
Thrust#2,1024,128,3.14844,360
Thrust#2,1024,128,3.16406,358
Thrust#2,1024,128,3.21094,363
Thrust#2,1024,128,3.00391,362
Thrust#2,1024,128,3.21875,361
Thrust#2,1024,128,3.20312,362
Thrust#2,1024,128,3.13672,363
Thrust#2,1024,128,3.16797,364
Thrust#2,1024,128,3.25391,366
Thrust#2,1024,128,3.10547,403
Thrust#2,1024,128,3.10938,1579
Thrust#2,1024,128,3.1875,400
Thrust#2,1024,128,3.25781,379
Thrust#2,1024,128,3.14453,365
Thrust#2,1024,128,3.07812,358
Thrust#2,1024,128,3.26953,360
Thrust#2,1024,128,3.12891,362
Thrust#2,1024,128,3.13672,366
Thrust#2,1024,128,3.07812,367
Thrust#2,1024,128,3.10938,369
Thrust#2,1024,256,3.19141,591
Thrust#2,1024,256,3.08594,586
Thrust#2,1024,256,3.08203,2286
Thrust#2,1024,256,3.12109,799
Thrust#2,1024,256,3.13672,615
Thrust#2,1024,256,3.17188,626
Thrust#2,1024,256,3.08203,620
Thrust#2,1024,256,3.125,611
Thrust#2,1024,256,3.12891,623
Thrust#2,1024,256,3.15625,618
Thrust#2,1024,256,3.14062,623
Thrust#2,1024,256,3.03516,611
Thrust#2,1024,256,3.19922,621
Thrust#2,1024,256,3.24609,610
Thrust#2,1024,256,3.08984,608
Thrust#2,1024,256,3.11328,610
Thrust#2,1024,256,3.10156,605
Thrust#2,1024,256,3.10156,599
Thrust#2,1024,256,3.13672,598
Thrust#2,1024,256,3.11328,599
Thrust#2,1024,256,3.23828,603
Thrust#2,1024,256,3.16016,613
Thrust#2,1024,256,3.13281,631
Thrust#2,1024,256,3.08594,609
Thrust#2,1024,256,3.11719,611
Thrust#2,1024,256,3.15625,612
Thrust#2,1024,256,3.03906,598
Thrust#2,1024,256,3.0625,602
Thrust#2,1024,256,3.13672,603
Thrust#2,1024,256,3.125,599
Thrust#2,1024,256,3.125,599
Thrust#2,1024,256,3.125,611
Thrust#2,1024,256,3.10547,614
Thrust#2,1024,256,3.14453,670
Thrust#2,1024,256,3.22266,610
Thrust#2,1024,256,3.14062,607
Thrust#2,1024,256,3.16797,614
Thrust#2,1024,256,3.13281,600
Thrust#2,1024,256,3.13672,604
Thrust#2,1024,256,3.15234,598
Thrust#2,1024,256,3.16797,602
Thrust#2,1024,256,3.16797,599
Thrust#2,1024,256,3.05078,597
Thrust#2,1024,256,3.22656,598
Thrust#2,1024,256,3.07812,604
Thrust#2,1024,256,3.19141,599
Thrust#2,1024,256,3.13672,599
Thrust#2,1024,256,3.04688,616
Thrust#2,1024,256,3.125,647
Thrust#2,1024,256,3.07031,1867
Thrust#2,1024,256,3.15625,658
Thrust#2,1024,256,3.12109,620
Thrust#2,1024,256,3.11328,613
Thrust#2,1024,256,3.07031,605
Thrust#2,1024,256,3.11328,605
Thrust#2,1024,256,3.1875,605
Thrust#2,1024,256,3.08203,607
Thrust#2,1024,256,3.13672,605
Thrust#2,1024,256,3.16016,607
Thrust#2,1024,256,3.12891,607
Thrust#2,1024,256,3.17969,601
Thrust#2,1024,256,3.08203,611
Thrust#2,1024,256,3.09375,600
Thrust#2,1024,256,3.12891,610
Thrust#2,1024,256,3.17188,608
Thrust#2,1024,256,3.07031,635
Thrust#2,1024,256,3.08594,606
Thrust#2,1024,256,3.1875,599
Thrust#2,1024,256,3.21484,599
Thrust#2,1024,256,3.25,599
Thrust#2,1024,256,3.15234,602
Thrust#2,1024,256,3.13281,609
Thrust#2,1024,256,3.19922,621
Thrust#2,1024,256,3.125,618
Thrust#2,1024,256,3.10156,613
Thrust#2,1024,256,3.16406,608
Thrust#2,1024,256,3.17578,610
Thrust#2,1024,256,3.21484,613
Thrust#2,1024,256,3.10156,634
Thrust#2,1024,256,3.12109,609
Thrust#2,1024,256,3.05078,610
Thrust#2,1024,256,3.16797,610
Thrust#2,1024,256,3.19922,601
Thrust#2,1024,256,3.19922,603
Thrust#2,1024,256,3.17969,601
Thrust#2,1024,256,3.11719,600
Thrust#2,1024,256,3.22656,602
Thrust#2,1024,256,3.07031,610
Thrust#2,1024,256,3.11328,627
Thrust#2,1024,256,3.07422,612
Thrust#2,1024,256,3.10938,613
Thrust#2,1024,256,3.05078,619
Thrust#2,1024,256,3.25781,614
Thrust#2,1024,256,3.22266,609
Thrust#2,1024,256,2.98828,614
Thrust#2,1024,256,3.13281,599
Thrust#2,1024,256,3.125,599
Thrust#2,1024,256,3.21094,597
Thrust#2,1024,256,3.00391,601
Thrust#2,1024,256,3.17578,600
Thrust#2,1024,512,3.21875,2429
Thrust#2,1024,512,3.20312,1132
Thrust#2,1024,512,3.07422,1083
Thrust#2,1024,512,3.02344,1081
Thrust#2,1024,512,3.15625,1078
Thrust#2,1024,512,3.10156,1082
Thrust#2,1024,512,3.14453,1072
Thrust#2,1024,512,3.18359,1078
Thrust#2,1024,512,3.11719,1089
Thrust#2,1024,512,3.24609,1079
Thrust#2,1024,512,3.08594,1066
Thrust#2,1024,512,3.05469,1079
Thrust#2,1024,512,3.10547,1077
Thrust#2,1024,512,3.14844,1065
Thrust#2,1024,512,3.125,1082
Thrust#2,1024,512,3.24219,1078
Thrust#2,1024,512,3.22266,1087
Thrust#2,1024,512,3.08203,1089
Thrust#2,1024,512,3.19531,1075
Thrust#2,1024,512,3.08203,1076
Thrust#2,1024,512,3.20703,1068
Thrust#2,1024,512,3.125,1066
Thrust#2,1024,512,3.19531,1116
Thrust#2,1024,512,3.19922,1085
Thrust#2,1024,512,3.22266,1080
Thrust#2,1024,512,3.16406,1084
Thrust#2,1024,512,3.11328,1076
Thrust#2,1024,512,3.18359,1077
Thrust#2,1024,512,3.17578,1096
Thrust#2,1024,512,3.04297,1079
Thrust#2,1024,512,3.20312,1074
Thrust#2,1024,512,3.16016,1067
Thrust#2,1024,512,3.24609,1068
Thrust#2,1024,512,3.10938,1078
Thrust#2,1024,512,3.09766,1086
Thrust#2,1024,512,3.21875,1080
Thrust#2,1024,512,3.23828,1095
Thrust#2,1024,512,3.15234,1095
Thrust#2,1024,512,3.07422,1083
Thrust#2,1024,512,3.03516,1079
Thrust#2,1024,512,3.07812,1078
Thrust#2,1024,512,3.125,1074
Thrust#2,1024,512,3.11328,1075
Thrust#2,1024,512,3.13281,1085
Thrust#2,1024,512,3.12109,1099
Thrust#2,1024,512,3.08984,2250
Thrust#2,1024,512,3.15234,1243
Thrust#2,1024,512,3.17578,1118
Thrust#2,1024,512,3.12109,1081
Thrust#2,1024,512,3.08984,1077
Thrust#2,1024,512,3.08203,1077
Thrust#2,1024,512,3.16016,1085
Thrust#2,1024,512,3.16797,1084
Thrust#2,1024,512,3.09766,1088
Thrust#2,1024,512,3.15625,1084
Thrust#2,1024,512,3.19531,1076
Thrust#2,1024,512,3.07031,1088
Thrust#2,1024,512,3.09766,1079
Thrust#2,1024,512,3.20703,1068
Thrust#2,1024,512,3.09375,1081
Thrust#2,1024,512,3.18359,1082
Thrust#2,1024,512,3.10547,1083
Thrust#2,1024,512,3.13281,1065
Thrust#2,1024,512,3.19141,1066
Thrust#2,1024,512,3.14453,1067
Thrust#2,1024,512,3.16797,1069
Thrust#2,1024,512,3.14062,1084
Thrust#2,1024,512,3.17969,1079
Thrust#2,1024,512,3.10547,1077
Thrust#2,1024,512,3.13672,1079
Thrust#2,1024,512,3.16016,1074
Thrust#2,1024,512,3.08594,1074
Thrust#2,1024,512,3.13281,1076
Thrust#2,1024,512,3.16797,1082
Thrust#2,1024,512,3.17188,2177
Thrust#2,1024,512,3.21484,1263
Thrust#2,1024,512,3.10547,1115
Thrust#2,1024,512,3.11719,1089
Thrust#2,1024,512,3.14062,1085
Thrust#2,1024,512,3.16016,1078
Thrust#2,1024,512,3.16797,1073
Thrust#2,1024,512,3.16016,1073
Thrust#2,1024,512,3.19531,1066
Thrust#2,1024,512,3.1875,1067
Thrust#2,1024,512,3.17969,1078
Thrust#2,1024,512,3.12891,1083
Thrust#2,1024,512,3.13281,1083
Thrust#2,1024,512,3.16406,1089
Thrust#2,1024,512,3.10547,1085
Thrust#2,1024,512,3.15234,1087
Thrust#2,1024,512,3.08203,1085
Thrust#2,1024,512,3.20312,1082
Thrust#2,1024,512,3.10938,1080
Thrust#2,1024,512,3.10938,1066
Thrust#2,1024,512,3.16797,1075
Thrust#2,1024,512,3.09375,1082
Thrust#2,1024,512,3.10547,1074
Thrust#2,1024,512,3.19531,1065
Thrust#2,1024,512,3.23438,1084
Thrust#2,1024,512,3.25,1371
Thrust#2,1024,1024,3.11719,2032
Thrust#2,1024,1024,3.14062,2014
Thrust#2,1024,1024,3.21484,3331
Thrust#2,1024,1024,3.16797,2067
Thrust#2,1024,1024,3.15234,2017
Thrust#2,1024,1024,3.10156,2023
Thrust#2,1024,1024,3.16406,2015
Thrust#2,1024,1024,3.17969,2021
Thrust#2,1024,1024,3.10938,2005
Thrust#2,1024,1024,3.14453,2006
Thrust#2,1024,1024,3.21484,2001
Thrust#2,1024,1024,3.14062,2009
Thrust#2,1024,1024,3.15234,2078
Thrust#2,1024,1024,3.16797,2028
Thrust#2,1024,1024,3.11328,2000
Thrust#2,1024,1024,3.23828,2000
Thrust#2,1024,1024,3.15234,2020
Thrust#2,1024,1024,3.11328,2019
Thrust#2,1024,1024,3.14844,3369
Thrust#2,1024,1024,3.09766,2070
Thrust#2,1024,1024,3.11328,2007
Thrust#2,1024,1024,3.14844,2008
Thrust#2,1024,1024,3.09375,2031
Thrust#2,1024,1024,3.16406,2018
Thrust#2,1024,1024,3.13672,2008
Thrust#2,1024,1024,3.17578,2027
Thrust#2,1024,1024,3.16406,2017
Thrust#2,1024,1024,3.17578,2017
Thrust#2,1024,1024,3.21094,2019
Thrust#2,1024,1024,3.22266,2017
Thrust#2,1024,1024,3.10156,2010
Thrust#2,1024,1024,3.14062,2007
Thrust#2,1024,1024,3.12109,2021
Thrust#2,1024,1024,3.17969,2010
Thrust#2,1024,1024,3.11328,3316
Thrust#2,1024,1024,3.07422,2064
Thrust#2,1024,1024,3.15234,2019
Thrust#2,1024,1024,3.23828,2018
Thrust#2,1024,1024,3.17188,2010
Thrust#2,1024,1024,3.18359,2009
Thrust#2,1024,1024,3.17188,2029
Thrust#2,1024,1024,3.15234,1994
Thrust#2,1024,1024,3.13672,2009
Thrust#2,1024,1024,3.125,2019
Thrust#2,1024,1024,3.08984,2026
Thrust#2,1024,1024,3.04688,2015
Thrust#2,1024,1024,3.17188,2013
Thrust#2,1024,1024,3.09766,2037
Thrust#2,1024,1024,3.1875,2027
Thrust#2,1024,1024,3.05859,3393
Thrust#2,1024,1024,3.12891,2093
Thrust#2,1024,1024,3.21094,2009
Thrust#2,1024,1024,3.17969,2014
Thrust#2,1024,1024,3.125,2001
Thrust#2,1024,1024,3.01953,2004
Thrust#2,1024,1024,3.09375,2015
Thrust#2,1024,1024,3.13281,2011
Thrust#2,1024,1024,3.20703,2005
Thrust#2,1024,1024,3.03125,2010
Thrust#2,1024,1024,3.1875,2008
Thrust#2,1024,1024,3.12891,2010
Thrust#2,1024,1024,3.10938,2008
Thrust#2,1024,1024,3.10156,2028
Thrust#2,1024,1024,3.14062,2008
Thrust#2,1024,1024,3.18359,2021
Thrust#2,1024,1024,3.05469,2046
Thrust#2,1024,1024,3.23828,2031
Thrust#2,1024,1024,3.19531,2005
Thrust#2,1024,1024,3.10156,2008
Thrust#2,1024,1024,3.17969,2010
Thrust#2,1024,1024,3.07812,2014
Thrust#2,1024,1024,3.16016,2018
Thrust#2,1024,1024,3.19922,2020
Thrust#2,1024,1024,3.16016,2015
Thrust#2,1024,1024,3.19531,3328
Thrust#2,1024,1024,3.15234,2061
Thrust#2,1024,1024,3.07031,2007
Thrust#2,1024,1024,3.07031,2007
Thrust#2,1024,1024,3.14062,2008
Thrust#2,1024,1024,3.17578,2027
Thrust#2,1024,1024,3.17188,2013
Thrust#2,1024,1024,3.17188,2152
Thrust#2,1024,1024,3.1875,2024
Thrust#2,1024,1024,3.15625,2015
Thrust#2,1024,1024,3.21484,2008
Thrust#2,1024,1024,3.18359,2001
Thrust#2,1024,1024,3.10156,2010
Thrust#2,1024,1024,3.12891,2010
Thrust#2,1024,1024,3.15625,2012
Thrust#2,1024,1024,3.11719,3257
Thrust#2,1024,1024,3.08203,2070
Thrust#2,1024,1024,3.14062,2077
Thrust#2,1024,1024,3.16797,2019
Thrust#2,1024,1024,3.11719,2010
Thrust#2,1024,1024,3.07422,2015
Thrust#2,1024,1024,3.15234,2016
Thrust#2,1024,1024,3.16016,2013
Thrust#2,1024,1024,3.11328,2009
Thrust#2,1024,1024,3.08203,2020
Thrust#2,1024,1024,3.03906,2022
Thrust#2,2048,1,3.16211,221
Thrust#2,2048,1,3.13281,184
Thrust#2,2048,1,3.13672,177
Thrust#2,2048,1,3.16016,175
Thrust#2,2048,1,3.07031,171
Thrust#2,2048,1,3.12695,173
Thrust#2,2048,1,3.1582,179
Thrust#2,2048,1,3.16992,174
Thrust#2,2048,1,3.11719,173
Thrust#2,2048,1,3.12305,184
Thrust#2,2048,1,3.19922,179
Thrust#2,2048,1,3.1582,175
Thrust#2,2048,1,3.11914,178
Thrust#2,2048,1,3.125,183
Thrust#2,2048,1,3.14453,178
Thrust#2,2048,1,3.12305,174
Thrust#2,2048,1,3.12305,173
Thrust#2,2048,1,3.125,174
Thrust#2,2048,1,3.12305,176
Thrust#2,2048,1,3.14453,171
Thrust#2,2048,1,3.08398,173
Thrust#2,2048,1,3.15039,172
Thrust#2,2048,1,3.07227,185
Thrust#2,2048,1,3.21094,183
Thrust#2,2048,1,3.1582,173
Thrust#2,2048,1,3.12891,175
Thrust#2,2048,1,3.16016,180
Thrust#2,2048,1,3.17383,174
Thrust#2,2048,1,3.11328,174
Thrust#2,2048,1,3.10352,183
Thrust#2,2048,1,3.16992,179
Thrust#2,2048,1,3.17969,174
Thrust#2,2048,1,3.11328,172
Thrust#2,2048,1,3.11914,174
Thrust#2,2048,1,3.15625,179
Thrust#2,2048,1,3.14258,182
Thrust#2,2048,1,3.10547,174
Thrust#2,2048,1,3.14453,175
Thrust#2,2048,1,3.17969,177
Thrust#2,2048,1,3.06641,174
Thrust#2,2048,1,3.20117,185
Thrust#2,2048,1,3.11523,183
Thrust#2,2048,1,3.10156,178
Thrust#2,2048,1,3.16211,184
Thrust#2,2048,1,3.17969,174
Thrust#2,2048,1,3.15234,175
Thrust#2,2048,1,3.14453,223
Thrust#2,2048,1,3.08789,175
Thrust#2,2048,1,3.04297,1317
Thrust#2,2048,1,3.15625,321
Thrust#2,2048,1,3.1582,231
Thrust#2,2048,1,3.14258,191
Thrust#2,2048,1,3.05664,185
Thrust#2,2048,1,3.125,181
Thrust#2,2048,1,3.15039,188
Thrust#2,2048,1,3.12695,189
Thrust#2,2048,1,3.16797,177
Thrust#2,2048,1,3.14648,188
Thrust#2,2048,1,3.15039,180
Thrust#2,2048,1,3.12109,187
Thrust#2,2048,1,3.08008,189
Thrust#2,2048,1,3.12695,189
Thrust#2,2048,1,3.14648,179
Thrust#2,2048,1,3.18164,189
Thrust#2,2048,1,3.125,188
Thrust#2,2048,1,3.10742,189
Thrust#2,2048,1,3.15625,179
Thrust#2,2048,1,3.1543,182
Thrust#2,2048,1,3.1582,185
Thrust#2,2048,1,3.17383,188
Thrust#2,2048,1,3.11719,1710
Thrust#2,2048,1,3.10156,674
Thrust#2,2048,1,3.10938,202
Thrust#2,2048,1,3.08008,178
Thrust#2,2048,1,3.09375,179
Thrust#2,2048,1,3.10156,176
Thrust#2,2048,1,3.08789,176
Thrust#2,2048,1,3.12891,183
Thrust#2,2048,1,3.0957,173
Thrust#2,2048,1,3.16211,174
Thrust#2,2048,1,3.0957,186
Thrust#2,2048,1,3.11133,175
Thrust#2,2048,1,3.10938,173
Thrust#2,2048,1,3.15234,174
Thrust#2,2048,1,3.125,176
Thrust#2,2048,1,3.17383,173
Thrust#2,2048,1,3.17383,175
Thrust#2,2048,1,3.16211,174
Thrust#2,2048,1,3.14062,175
Thrust#2,2048,1,3.125,174
Thrust#2,2048,1,3.0918,175
Thrust#2,2048,1,3.14648,212
Thrust#2,2048,1,3.14453,176
Thrust#2,2048,1,3.11914,172
Thrust#2,2048,1,3.1543,175
Thrust#2,2048,1,3.06055,177
Thrust#2,2048,1,3.15039,176
Thrust#2,2048,1,3.14844,177
Thrust#2,2048,1,3.10156,175
Thrust#2,2048,1,3.12891,175
Thrust#2,2048,2,3.06055,157
Thrust#2,2048,2,3.15039,157
Thrust#2,2048,2,3.14648,155
Thrust#2,2048,2,3.16016,156
Thrust#2,2048,2,3.16211,158
Thrust#2,2048,2,3.10156,166
Thrust#2,2048,2,3.10938,158
Thrust#2,2048,2,3.10547,159
Thrust#2,2048,2,3.14258,158
Thrust#2,2048,2,3.16211,157
Thrust#2,2048,2,3.19922,167
Thrust#2,2048,2,3.18359,157
Thrust#2,2048,2,3.09961,157
Thrust#2,2048,2,3.10547,156
Thrust#2,2048,2,3.11328,155
Thrust#2,2048,2,3.15625,158
Thrust#2,2048,2,3.10547,168
Thrust#2,2048,2,3.13281,155
Thrust#2,2048,2,3.14844,156
Thrust#2,2048,2,3.22266,157
Thrust#2,2048,2,3.12109,158
Thrust#2,2048,2,3.2168,155
Thrust#2,2048,2,3.10938,165
Thrust#2,2048,2,3.12109,158
Thrust#2,2048,2,3.1875,159
Thrust#2,2048,2,3.14258,155
Thrust#2,2048,2,3.11719,155
Thrust#2,2048,2,3.19727,163
Thrust#2,2048,2,3.17969,157
Thrust#2,2048,2,3.16602,156
Thrust#2,2048,2,3.09961,155
Thrust#2,2048,2,3.14844,158
Thrust#2,2048,2,3.11914,159
Thrust#2,2048,2,3.12305,157
Thrust#2,2048,2,3.1582,157
Thrust#2,2048,2,3.10547,156
Thrust#2,2048,2,3.0918,157
Thrust#2,2048,2,3.12305,157
Thrust#2,2048,2,3.13086,158
Thrust#2,2048,2,3.09766,157
Thrust#2,2048,2,3.0918,158
Thrust#2,2048,2,3.14062,157
Thrust#2,2048,2,3.09375,165
Thrust#2,2048,2,3.17188,157
Thrust#2,2048,2,3.16797,162
Thrust#2,2048,2,3.14648,156
Thrust#2,2048,2,3.14062,156
Thrust#2,2048,2,3.19727,179
Thrust#2,2048,2,3.08984,156
Thrust#2,2048,2,3.17969,155
Thrust#2,2048,2,3.17188,167
Thrust#2,2048,2,3.20117,157
Thrust#2,2048,2,3.15234,157
Thrust#2,2048,2,3.11719,157
Thrust#2,2048,2,3.13281,156
Thrust#2,2048,2,3.10742,165
Thrust#2,2048,2,3.07617,158
Thrust#2,2048,2,3.11523,154
Thrust#2,2048,2,3.1543,154
Thrust#2,2048,2,3.1582,155
Thrust#2,2048,2,3.19141,159
Thrust#2,2048,2,3.20898,158
Thrust#2,2048,2,3.14062,155
Thrust#2,2048,2,3.16406,157
Thrust#2,2048,2,3.14844,158
Thrust#2,2048,2,3.17188,156
Thrust#2,2048,2,3.14062,167
Thrust#2,2048,2,3.12891,158
Thrust#2,2048,2,3.17383,158
Thrust#2,2048,2,3.17773,469
Thrust#2,2048,2,3.05078,157
Thrust#2,2048,2,3.18164,156
Thrust#2,2048,2,3.0918,194
Thrust#2,2048,2,3.12695,156
Thrust#2,2048,2,3.09766,154
Thrust#2,2048,2,3.14258,154
Thrust#2,2048,2,3.17578,157
Thrust#2,2048,2,3.1582,156
Thrust#2,2048,2,3.09375,167
Thrust#2,2048,2,3.13477,156
Thrust#2,2048,2,3.14258,159
Thrust#2,2048,2,3.17773,164
Thrust#2,2048,2,3.11523,156
Thrust#2,2048,2,3.15625,167
Thrust#2,2048,2,3.10352,157
Thrust#2,2048,2,3.11719,158
Thrust#2,2048,2,3.13281,155
Thrust#2,2048,2,3.13672,156
Thrust#2,2048,2,3.13672,157
Thrust#2,2048,2,3.18164,166
Thrust#2,2048,2,3.16211,156
Thrust#2,2048,2,3.07812,156
Thrust#2,2048,2,3.18164,157
Thrust#2,2048,2,3.18164,156
Thrust#2,2048,2,3.13672,166
Thrust#2,2048,2,3.10156,156
Thrust#2,2048,2,3.13867,156
Thrust#2,2048,2,3.10938,154
Thrust#2,2048,2,3.1543,156
Thrust#2,2048,2,3.23438,158
Thrust#2,2048,4,3.19336,159
Thrust#2,2048,4,3.11328,148
Thrust#2,2048,4,3.09375,149
Thrust#2,2048,4,3.1582,148
Thrust#2,2048,4,3.15039,150
Thrust#2,2048,4,3.17773,147
Thrust#2,2048,4,3.04102,152
Thrust#2,2048,4,3.1875,149
Thrust#2,2048,4,3.12695,149
Thrust#2,2048,4,3.1875,148
Thrust#2,2048,4,3.1582,147
Thrust#2,2048,4,3.14062,151
Thrust#2,2048,4,3.14648,148
Thrust#2,2048,4,3.14648,147
Thrust#2,2048,4,3.16797,146
Thrust#2,2048,4,3.17773,150
Thrust#2,2048,4,3.16602,148
Thrust#2,2048,4,3.14258,163
Thrust#2,2048,4,3.14062,193
Thrust#2,2048,4,3.11328,1248
Thrust#2,2048,4,3.12695,269
Thrust#2,2048,4,3.14258,187
Thrust#2,2048,4,3.14062,155
Thrust#2,2048,4,3.14648,153
Thrust#2,2048,4,3.11914,157
Thrust#2,2048,4,3.09961,156
Thrust#2,2048,4,3.17969,154
Thrust#2,2048,4,3.1582,155
Thrust#2,2048,4,3.0957,156
Thrust#2,2048,4,3.17969,157
Thrust#2,2048,4,3.16016,153
Thrust#2,2048,4,3.19141,147
Thrust#2,2048,4,3.08984,158
Thrust#2,2048,4,3.09961,157
Thrust#2,2048,4,3.17188,153
Thrust#2,2048,4,3.17773,147
Thrust#2,2048,4,3.06836,157
Thrust#2,2048,4,3.19922,157
Thrust#2,2048,4,3.12109,153
Thrust#2,2048,4,3.0957,163
Thrust#2,2048,4,3.10352,155
Thrust#2,2048,4,3.15234,157
Thrust#2,2048,4,3.14648,154
Thrust#2,2048,4,3.12891,147
Thrust#2,2048,4,3.13867,156
Thrust#2,2048,4,3.11133,157
Thrust#2,2048,4,3.11914,153
Thrust#2,2048,4,3.16797,147
Thrust#2,2048,4,3.12109,156
Thrust#2,2048,4,3.17188,201
Thrust#2,2048,4,3.17578,158
Thrust#2,2048,4,3.13672,153
Thrust#2,2048,4,3.1543,156
Thrust#2,2048,4,3.10547,157
Thrust#2,2048,4,3.19141,152
Thrust#2,2048,4,3.14648,155
Thrust#2,2048,4,3.1543,155
Thrust#2,2048,4,3.16602,159
Thrust#2,2048,4,3.13867,152
Thrust#2,2048,4,3.14648,147
Thrust#2,2048,4,3.19922,147
Thrust#2,2048,4,3.11719,190
Thrust#2,2048,4,3.16016,147
Thrust#2,2048,4,3.16211,147
Thrust#2,2048,4,3.11719,147
Thrust#2,2048,4,3.14648,151
Thrust#2,2048,4,3.11523,148
Thrust#2,2048,4,3.14453,150
Thrust#2,2048,4,3.12305,147
Thrust#2,2048,4,3.11523,153
Thrust#2,2048,4,3.14453,146
Thrust#2,2048,4,3.17773,147
Thrust#2,2048,4,3.13281,147
Thrust#2,2048,4,3.14062,159
Thrust#2,2048,4,3.15234,147
Thrust#2,2048,4,3.09766,146
Thrust#2,2048,4,3.1875,149
Thrust#2,2048,4,3.13477,153
Thrust#2,2048,4,3.11719,150
Thrust#2,2048,4,3.12305,146
Thrust#2,2048,4,3.16211,147
Thrust#2,2048,4,3.09961,150
Thrust#2,2048,4,3.14453,174
Thrust#2,2048,4,3.1543,147
Thrust#2,2048,4,3.11719,150
Thrust#2,2048,4,3.19531,150
Thrust#2,2048,4,3.08203,146
Thrust#2,2048,4,3.14648,147
Thrust#2,2048,4,3.12695,146
Thrust#2,2048,4,3.12695,152
Thrust#2,2048,4,3.12891,148
Thrust#2,2048,4,3.18555,147
Thrust#2,2048,4,3.13867,147
Thrust#2,2048,4,3.15234,151
Thrust#2,2048,4,3.14453,148
Thrust#2,2048,4,3.14844,150
Thrust#2,2048,4,3.16992,148
Thrust#2,2048,4,3.11133,151
Thrust#2,2048,4,3.10742,147
Thrust#2,2048,4,3.13477,148
Thrust#2,2048,8,3.13477,147
Thrust#2,2048,8,3.10742,156
Thrust#2,2048,8,3.11328,148
Thrust#2,2048,8,3.20898,147
Thrust#2,2048,8,3.11328,147
Thrust#2,2048,8,3.16016,151
Thrust#2,2048,8,3.0957,157
Thrust#2,2048,8,3.1543,146
Thrust#2,2048,8,3.12109,145
Thrust#2,2048,8,3.17773,151
Thrust#2,2048,8,3.15625,145
Thrust#2,2048,8,3.13672,147
Thrust#2,2048,8,3.09375,158
Thrust#2,2048,8,3.13672,148
Thrust#2,2048,8,3.14648,145
Thrust#2,2048,8,3.12305,147
Thrust#2,2048,8,3.08789,147
Thrust#2,2048,8,3.24023,161
Thrust#2,2048,8,3.14258,147
Thrust#2,2048,8,3.11523,145
Thrust#2,2048,8,3.08398,145
Thrust#2,2048,8,3.08203,151
Thrust#2,2048,8,3.11523,149
Thrust#2,2048,8,3.08789,159
Thrust#2,2048,8,3.10547,147
Thrust#2,2048,8,3.13867,159
Thrust#2,2048,8,3.14648,147
Thrust#2,2048,8,3.19922,146
Thrust#2,2048,8,3.14648,146
Thrust#2,2048,8,3.10547,155
Thrust#2,2048,8,3.125,147
Thrust#2,2048,8,3.14844,147
Thrust#2,2048,8,3.08789,145
Thrust#2,2048,8,3.20508,149
Thrust#2,2048,8,3.17578,150
Thrust#2,2048,8,3.14062,148
Thrust#2,2048,8,3.125,149
Thrust#2,2048,8,3.14844,151
Thrust#2,2048,8,3.16406,145
Thrust#2,2048,8,3.13867,149
Thrust#2,2048,8,3.0625,158
Thrust#2,2048,8,3.15039,149
Thrust#2,2048,8,3.16602,145
Thrust#2,2048,8,3.16602,147
Thrust#2,2048,8,3.07031,149
Thrust#2,2048,8,3.18945,154
Thrust#2,2048,8,3.2207,148
Thrust#2,2048,8,3.14062,145
Thrust#2,2048,8,3.09961,148
Thrust#2,2048,8,3.08008,150
Thrust#2,2048,8,3.15234,147
Thrust#2,2048,8,3.04102,192
Thrust#2,2048,8,3.12695,148
Thrust#2,2048,8,3.16602,150
Thrust#2,2048,8,3.13672,147
Thrust#2,2048,8,3.11328,146
Thrust#2,2048,8,3.11914,147
Thrust#2,2048,8,3.13867,155
Thrust#2,2048,8,3.14258,144
Thrust#2,2048,8,3.08203,147
Thrust#2,2048,8,3.08594,147
Thrust#2,2048,8,3.13281,154
Thrust#2,2048,8,3.13477,149
Thrust#2,2048,8,3.09961,147
Thrust#2,2048,8,3.11914,148
Thrust#2,2048,8,3.13477,150
Thrust#2,2048,8,3.12695,145
Thrust#2,2048,8,3.16797,149
Thrust#2,2048,8,3.14258,157
Thrust#2,2048,8,3.13281,149
Thrust#2,2048,8,3.16602,145
Thrust#2,2048,8,3.15039,148
Thrust#2,2048,8,3.17773,147
Thrust#2,2048,8,3.13281,158
Thrust#2,2048,8,3.15234,146
Thrust#2,2048,8,3.10742,146
Thrust#2,2048,8,3.12891,150
Thrust#2,2048,8,3.19141,150
Thrust#2,2048,8,3.12695,146
Thrust#2,2048,8,3.21094,157
Thrust#2,2048,8,3.12891,153
Thrust#2,2048,8,3.17578,150
Thrust#2,2048,8,3.24805,146
Thrust#2,2048,8,3.1543,145
Thrust#2,2048,8,3.1582,147
Thrust#2,2048,8,3.14062,159
Thrust#2,2048,8,3.11133,146
Thrust#2,2048,8,3.13086,149
Thrust#2,2048,8,3.15625,149
Thrust#2,2048,8,3.12109,149
Thrust#2,2048,8,3.11719,157
Thrust#2,2048,8,3.13477,148
Thrust#2,2048,8,3.15234,147
Thrust#2,2048,8,3.11328,149
Thrust#2,2048,8,3.13281,147
Thrust#2,2048,8,3.21289,147
Thrust#2,2048,8,3.09375,159
Thrust#2,2048,8,3.09375,150
Thrust#2,2048,8,3.1582,147
Thrust#2,2048,8,3.14453,146
Thrust#2,2048,16,3.11523,165
Thrust#2,2048,16,3.05859,173
Thrust#2,2048,16,3.17969,162
Thrust#2,2048,16,3.19336,162
Thrust#2,2048,16,3.12695,162
Thrust#2,2048,16,3.14844,165
Thrust#2,2048,16,3.18555,162
Thrust#2,2048,16,3.12695,165
Thrust#2,2048,16,3.13867,164
Thrust#2,2048,16,3.10547,166
Thrust#2,2048,16,3.16016,174
Thrust#2,2048,16,3.18555,211
Thrust#2,2048,16,3.14062,1449
Thrust#2,2048,16,3.10547,238
Thrust#2,2048,16,3.08398,196
Thrust#2,2048,16,3.11719,195
Thrust#2,2048,16,3.11328,163
Thrust#2,2048,16,3.09375,172
Thrust#2,2048,16,3.21289,172
Thrust#2,2048,16,3.1582,172
Thrust#2,2048,16,3.1582,163
Thrust#2,2048,16,3.19531,173
Thrust#2,2048,16,3.14062,163
Thrust#2,2048,16,3.0957,172
Thrust#2,2048,16,3.08594,173
Thrust#2,2048,16,3.10938,170
Thrust#2,2048,16,3.11328,172
Thrust#2,2048,16,3.06641,170
Thrust#2,2048,16,3.08008,163
Thrust#2,2048,16,3.21484,173
Thrust#2,2048,16,3.16211,162
Thrust#2,2048,16,3.11523,172
Thrust#2,2048,16,3.11914,162
Thrust#2,2048,16,3.17383,173
Thrust#2,2048,16,3.11328,164
Thrust#2,2048,16,3.0918,176
Thrust#2,2048,16,3.1875,161
Thrust#2,2048,16,3.14844,171
Thrust#2,2048,16,3.0918,164
Thrust#2,2048,16,3.19922,163
Thrust#2,2048,16,3.15039,163
Thrust#2,2048,16,3.13281,207
Thrust#2,2048,16,3.1582,169
Thrust#2,2048,16,3.17188,171
Thrust#2,2048,16,3.17383,164
Thrust#2,2048,16,3.11914,171
Thrust#2,2048,16,3.16211,172
Thrust#2,2048,16,3.08398,170
Thrust#2,2048,16,3.09961,163
Thrust#2,2048,16,3.16016,173
Thrust#2,2048,16,3.16797,172
Thrust#2,2048,16,3.11719,170
Thrust#2,2048,16,3.14062,164
Thrust#2,2048,16,3.16602,172
Thrust#2,2048,16,3.10742,160
Thrust#2,2048,16,3.13672,166
Thrust#2,2048,16,3.14258,164
Thrust#2,2048,16,3.09375,166
Thrust#2,2048,16,3.14258,162
Thrust#2,2048,16,3.12891,167
Thrust#2,2048,16,3.16211,164
Thrust#2,2048,16,3.0957,164
Thrust#2,2048,16,3.10156,164
Thrust#2,2048,16,3.15039,171
Thrust#2,2048,16,3.16992,164
Thrust#2,2048,16,3.13477,164
Thrust#2,2048,16,3.11523,164
Thrust#2,2048,16,3.18359,166
Thrust#2,2048,16,3.13867,163
Thrust#2,2048,16,3.10156,166
Thrust#2,2048,16,3.17773,163
Thrust#2,2048,16,3.14258,166
Thrust#2,2048,16,3.18555,163
Thrust#2,2048,16,3.15039,163
Thrust#2,2048,16,3.14453,167
Thrust#2,2048,16,3.1875,168
Thrust#2,2048,16,3.10156,163
Thrust#2,2048,16,3.1543,164
Thrust#2,2048,16,3.18555,164
Thrust#2,2048,16,3.15234,167
Thrust#2,2048,16,3.1543,167
Thrust#2,2048,16,3.09961,165
Thrust#2,2048,16,3.1582,163
Thrust#2,2048,16,3.14062,166
Thrust#2,2048,16,3.08398,163
Thrust#2,2048,16,3.13086,166
Thrust#2,2048,16,3.21484,163
Thrust#2,2048,16,3.14062,166
Thrust#2,2048,16,3.10742,164
Thrust#2,2048,16,3.14844,163
Thrust#2,2048,16,3.13477,163
Thrust#2,2048,16,3.14844,171
Thrust#2,2048,16,3.18555,162
Thrust#2,2048,16,3.17383,164
Thrust#2,2048,16,3.16406,164
Thrust#2,2048,16,3.16211,167
Thrust#2,2048,16,3.16406,166
Thrust#2,2048,16,3.14648,163
Thrust#2,2048,16,3.08789,163
Thrust#2,2048,16,3.06055,166
Thrust#2,2048,32,3.1543,187
Thrust#2,2048,32,3.14258,188
Thrust#2,2048,32,3.13867,199
Thrust#2,2048,32,3.14844,191
Thrust#2,2048,32,3.0957,189
Thrust#2,2048,32,3.15039,188
Thrust#2,2048,32,3.17188,188
Thrust#2,2048,32,3.10938,234
Thrust#2,2048,32,3.15234,202
Thrust#2,2048,32,3.20703,190
Thrust#2,2048,32,3.17383,188
Thrust#2,2048,32,3.07812,191
Thrust#2,2048,32,3.07617,191
Thrust#2,2048,32,3.11133,195
Thrust#2,2048,32,3.20117,188
Thrust#2,2048,32,3.09961,194
Thrust#2,2048,32,3.17578,187
Thrust#2,2048,32,3.09766,188
Thrust#2,2048,32,3.12109,192
Thrust#2,2048,32,3.11523,193
Thrust#2,2048,32,3.14453,189
Thrust#2,2048,32,3.07422,189
Thrust#2,2048,32,3.09375,188
Thrust#2,2048,32,3.14844,191
Thrust#2,2048,32,3.17578,196
Thrust#2,2048,32,3.1543,188
Thrust#2,2048,32,3.06641,188
Thrust#2,2048,32,3.19336,192
Thrust#2,2048,32,3.12109,187
Thrust#2,2048,32,3.13086,187
Thrust#2,2048,32,3.15039,223
Thrust#2,2048,32,3.13672,192
Thrust#2,2048,32,3.13086,187
Thrust#2,2048,32,3.14258,187
Thrust#2,2048,32,3.08789,188
Thrust#2,2048,32,3.15234,190
Thrust#2,2048,32,3.16992,190
Thrust#2,2048,32,3.09961,192
Thrust#2,2048,32,3.11719,187
Thrust#2,2048,32,3.12891,194
Thrust#2,2048,32,3.17383,188
Thrust#2,2048,32,3.17773,191
Thrust#2,2048,32,3.17578,187
Thrust#2,2048,32,3.20508,196
Thrust#2,2048,32,3.06641,187
Thrust#2,2048,32,3.13086,188
Thrust#2,2048,32,3.14844,188
Thrust#2,2048,32,3.18555,201
Thrust#2,2048,32,3.13281,190
Thrust#2,2048,32,3.20508,214
Thrust#2,2048,32,3.13867,187
Thrust#2,2048,32,3.13086,191
Thrust#2,2048,32,3.16211,190
Thrust#2,2048,32,3.14844,187
Thrust#2,2048,32,3.0918,189
Thrust#2,2048,32,3.19336,191
Thrust#2,2048,32,3.13867,187
Thrust#2,2048,32,3.11523,187
Thrust#2,2048,32,3.11719,198
Thrust#2,2048,32,3.16211,192
Thrust#2,2048,32,3.17578,190
Thrust#2,2048,32,3.19727,188
Thrust#2,2048,32,3.20117,195
Thrust#2,2048,32,3.21484,189
Thrust#2,2048,32,3.17188,189
Thrust#2,2048,32,3.14258,188
Thrust#2,2048,32,3.17578,186
Thrust#2,2048,32,3.1543,191
Thrust#2,2048,32,3.15625,188
Thrust#2,2048,32,3.0918,189
Thrust#2,2048,32,3.17383,188
Thrust#2,2048,32,3.12305,191
Thrust#2,2048,32,3.17383,187
Thrust#2,2048,32,3.14453,188
Thrust#2,2048,32,3.18555,187
Thrust#2,2048,32,3.1543,196
Thrust#2,2048,32,3.16211,188
Thrust#2,2048,32,3.06445,190
Thrust#2,2048,32,3.10938,188
Thrust#2,2048,32,3.16602,191
Thrust#2,2048,32,3.0918,197
Thrust#2,2048,32,3.11133,188
Thrust#2,2048,32,3.15234,187
Thrust#2,2048,32,3.18555,189
Thrust#2,2048,32,3.12891,188
Thrust#2,2048,32,3.11328,188
Thrust#2,2048,32,3.18164,200
Thrust#2,2048,32,3.02539,193
Thrust#2,2048,32,3.16406,186
Thrust#2,2048,32,3.14453,185
Thrust#2,2048,32,3.11328,188
Thrust#2,2048,32,3.11914,191
Thrust#2,2048,32,3.12305,190
Thrust#2,2048,32,3.10742,189
Thrust#2,2048,32,3.17188,190
Thrust#2,2048,32,3.125,192
Thrust#2,2048,32,3.10547,189
Thrust#2,2048,32,3.06836,189
Thrust#2,2048,32,3.11328,188
Thrust#2,2048,32,3.22266,189
Thrust#2,2048,64,3.16016,245
Thrust#2,2048,64,3.12305,244
Thrust#2,2048,64,3.08398,245
Thrust#2,2048,64,3.16602,251
Thrust#2,2048,64,3.01367,245
Thrust#2,2048,64,3.12695,244
Thrust#2,2048,64,3.13281,245
Thrust#2,2048,64,3.15625,274
Thrust#2,2048,64,3.14062,251
Thrust#2,2048,64,3.11719,245
Thrust#2,2048,64,3.13867,245
Thrust#2,2048,64,3.13672,248
Thrust#2,2048,64,3.16992,245
Thrust#2,2048,64,3.14453,252
Thrust#2,2048,64,3.13867,246
Thrust#2,2048,64,3.1582,248
Thrust#2,2048,64,3.19531,245
Thrust#2,2048,64,3.17383,245
Thrust#2,2048,64,3.12305,245
Thrust#2,2048,64,3.09766,249
Thrust#2,2048,64,3.15625,281
Thrust#2,2048,64,3.12305,246
Thrust#2,2048,64,3.14258,246
Thrust#2,2048,64,3.19141,248
Thrust#2,2048,64,3.16406,246
Thrust#2,2048,64,3.1543,247
Thrust#2,2048,64,3.16602,246
Thrust#2,2048,64,3.11523,248
Thrust#2,2048,64,3.11523,243
Thrust#2,2048,64,3.14648,245
Thrust#2,2048,64,3.16992,245
Thrust#2,2048,64,3.23047,251
Thrust#2,2048,64,3.17188,245
Thrust#2,2048,64,3.16797,246
Thrust#2,2048,64,3.10352,246
Thrust#2,2048,64,3.13672,247
Thrust#2,2048,64,3.19336,245
Thrust#2,2048,64,3.05273,246
Thrust#2,2048,64,3.20117,245
Thrust#2,2048,64,3.08789,247
Thrust#2,2048,64,3.14062,245
Thrust#2,2048,64,3.12109,246
Thrust#2,2048,64,3.19727,247
Thrust#2,2048,64,3.125,249
Thrust#2,2048,64,3.16797,243
Thrust#2,2048,64,3.14062,246
Thrust#2,2048,64,3.09766,244
Thrust#2,2048,64,3.10742,249
Thrust#2,2048,64,3.13086,249
Thrust#2,2048,64,3.14453,247
Thrust#2,2048,64,3.13281,244
Thrust#2,2048,64,3.13086,248
Thrust#2,2048,64,3.16016,243
Thrust#2,2048,64,3.18555,249
Thrust#2,2048,64,3.07422,245
Thrust#2,2048,64,3.16406,251
Thrust#2,2048,64,3.16602,245
Thrust#2,2048,64,3.12109,1493
Thrust#2,2048,64,3.15234,319
Thrust#2,2048,64,3.20508,288
Thrust#2,2048,64,3.08594,282
Thrust#2,2048,64,3.12109,275
Thrust#2,2048,64,3.16602,253
Thrust#2,2048,64,3.12695,246
Thrust#2,2048,64,3.18359,256
Thrust#2,2048,64,3.11719,252
Thrust#2,2048,64,3.12891,248
Thrust#2,2048,64,3.17188,255
Thrust#2,2048,64,3.17188,253
Thrust#2,2048,64,3.23047,252
Thrust#2,2048,64,3.12695,253
Thrust#2,2048,64,3.18555,253
Thrust#2,2048,64,3.10352,253
Thrust#2,2048,64,3.14258,254
Thrust#2,2048,64,3.15039,246
Thrust#2,2048,64,3.19336,252
Thrust#2,2048,64,3.10742,254
Thrust#2,2048,64,3.13672,252
Thrust#2,2048,64,3.14258,254
Thrust#2,2048,64,3.17578,246
Thrust#2,2048,64,3.15234,253
Thrust#2,2048,64,3.15039,258
Thrust#2,2048,64,3.11523,245
Thrust#2,2048,64,3.15039,244
Thrust#2,2048,64,3.10547,246
Thrust#2,2048,64,3.0918,247
Thrust#2,2048,64,3.15625,245
Thrust#2,2048,64,3.14844,248
Thrust#2,2048,64,3.08008,247
Thrust#2,2048,64,3.12305,247
Thrust#2,2048,64,3.16016,245
Thrust#2,2048,64,3.15625,244
Thrust#2,2048,64,3.18945,247
Thrust#2,2048,64,3.14062,247
Thrust#2,2048,64,3.14844,246
Thrust#2,2048,64,3.11914,245
Thrust#2,2048,64,3.16797,246
Thrust#2,2048,64,3.14062,247
Thrust#2,2048,64,3.12695,249
Thrust#2,2048,64,3.20898,246
Thrust#2,2048,128,3.16211,362
Thrust#2,2048,128,3.10742,361
Thrust#2,2048,128,3.17578,419
Thrust#2,2048,128,3.12305,380
Thrust#2,2048,128,3.1582,378
Thrust#2,2048,128,3.17773,381
Thrust#2,2048,128,3.08789,380
Thrust#2,2048,128,3.10156,380
Thrust#2,2048,128,3.07031,366
Thrust#2,2048,128,3.12891,405
Thrust#2,2048,128,3.17188,360
Thrust#2,2048,128,3.15625,361
Thrust#2,2048,128,3.18555,360
Thrust#2,2048,128,3.19531,362
Thrust#2,2048,128,3.1582,359
Thrust#2,2048,128,3.13086,370
Thrust#2,2048,128,3.17578,366
Thrust#2,2048,128,3.1543,362
Thrust#2,2048,128,3.11133,360
Thrust#2,2048,128,3.06055,360
Thrust#2,2048,128,3.15234,363
Thrust#2,2048,128,3.17383,363
Thrust#2,2048,128,3.10547,361
Thrust#2,2048,128,3.16016,360
Thrust#2,2048,128,3.13867,362
Thrust#2,2048,128,3.07422,361
Thrust#2,2048,128,3.13867,361
Thrust#2,2048,128,3.16797,360
Thrust#2,2048,128,3.12305,362
Thrust#2,2048,128,3.125,362
Thrust#2,2048,128,3.18555,361
Thrust#2,2048,128,3.04297,363
Thrust#2,2048,128,3.10742,361
Thrust#2,2048,128,3.17969,362
Thrust#2,2048,128,3.15625,361
Thrust#2,2048,128,3.11914,359
Thrust#2,2048,128,3.15234,361
Thrust#2,2048,128,3.18164,366
Thrust#2,2048,128,3.10156,360
Thrust#2,2048,128,3.09961,360
Thrust#2,2048,128,3.17578,361
Thrust#2,2048,128,3.12695,361
Thrust#2,2048,128,3.10352,360
Thrust#2,2048,128,3.14258,361
Thrust#2,2048,128,3.16992,363
Thrust#2,2048,128,3.13477,362
Thrust#2,2048,128,3.18164,359
Thrust#2,2048,128,3.11133,360
Thrust#2,2048,128,3.17773,361
Thrust#2,2048,128,3.12695,362
Thrust#2,2048,128,3.17383,362
Thrust#2,2048,128,3.18945,359
Thrust#2,2048,128,3.17188,362
Thrust#2,2048,128,3.15234,363
Thrust#2,2048,128,3.14258,370
Thrust#2,2048,128,3.0625,1546
Thrust#2,2048,128,3.05469,404
Thrust#2,2048,128,3.1543,367
Thrust#2,2048,128,3.20312,364
Thrust#2,2048,128,3.20508,365
Thrust#2,2048,128,3.22461,368
Thrust#2,2048,128,3.11328,373
Thrust#2,2048,128,3.08984,376
Thrust#2,2048,128,3.13281,371
Thrust#2,2048,128,3.0957,367
Thrust#2,2048,128,3.16406,370
Thrust#2,2048,128,3.16797,370
Thrust#2,2048,128,3.20703,364
Thrust#2,2048,128,3.13867,367
Thrust#2,2048,128,3.15625,369
Thrust#2,2048,128,3.16992,364
Thrust#2,2048,128,3.05664,365
Thrust#2,2048,128,3.09961,369
Thrust#2,2048,128,3.12695,371
Thrust#2,2048,128,3.05273,375
Thrust#2,2048,128,3.08203,371
Thrust#2,2048,128,3.16602,373
Thrust#2,2048,128,3.15039,369
Thrust#2,2048,128,3.13867,364
Thrust#2,2048,128,3.13867,360
Thrust#2,2048,128,3.07812,358
Thrust#2,2048,128,3.1582,361
Thrust#2,2048,128,3.10156,366
Thrust#2,2048,128,3.14258,360
Thrust#2,2048,128,3.13477,361
Thrust#2,2048,128,3.13281,361
Thrust#2,2048,128,3.15234,361
Thrust#2,2048,128,3.17188,362
Thrust#2,2048,128,3.14062,361
Thrust#2,2048,128,3.14062,361
Thrust#2,2048,128,3.1543,363
Thrust#2,2048,128,3.16797,361
Thrust#2,2048,128,3.08594,360
Thrust#2,2048,128,3.16016,362
Thrust#2,2048,128,3.14844,364
Thrust#2,2048,128,3.0918,359
Thrust#2,2048,128,3.16211,360
Thrust#2,2048,128,3.12891,360
Thrust#2,2048,128,3.14453,363
Thrust#2,2048,128,3.15234,394
Thrust#2,2048,256,3.13477,589
Thrust#2,2048,256,3.14062,588
Thrust#2,2048,256,3.14844,586
Thrust#2,2048,256,3.13477,589
Thrust#2,2048,256,3.10352,591
Thrust#2,2048,256,3.12695,590
Thrust#2,2048,256,3.20703,606
Thrust#2,2048,256,3.0918,593
Thrust#2,2048,256,3.14453,589
Thrust#2,2048,256,3.14258,589
Thrust#2,2048,256,3.21289,596
Thrust#2,2048,256,3.17969,590
Thrust#2,2048,256,3.13672,589
Thrust#2,2048,256,3.14844,590
Thrust#2,2048,256,3.09766,592
Thrust#2,2048,256,3.09375,592
Thrust#2,2048,256,3.13086,590
Thrust#2,2048,256,3.1875,600
Thrust#2,2048,256,3.17969,604
Thrust#2,2048,256,3.13672,599
Thrust#2,2048,256,3.13477,592
Thrust#2,2048,256,3.16406,594
Thrust#2,2048,256,3.14648,593
Thrust#2,2048,256,3.17969,590
Thrust#2,2048,256,3.1543,589
Thrust#2,2048,256,3.16406,596
Thrust#2,2048,256,3.08008,591
Thrust#2,2048,256,3.125,1778
Thrust#2,2048,256,3.16992,634
Thrust#2,2048,256,3.11914,594
Thrust#2,2048,256,3.14844,601
Thrust#2,2048,256,3.14844,611
Thrust#2,2048,256,3.11914,591
Thrust#2,2048,256,3.14062,595
Thrust#2,2048,256,3.16797,598
Thrust#2,2048,256,3.12695,592
Thrust#2,2048,256,3.125,602
Thrust#2,2048,256,3.12305,589
Thrust#2,2048,256,3.12305,591
Thrust#2,2048,256,3.0918,588
Thrust#2,2048,256,3.14258,592
Thrust#2,2048,256,3.11719,588
Thrust#2,2048,256,3.14648,587
Thrust#2,2048,256,3.13672,592
Thrust#2,2048,256,3.14648,595
Thrust#2,2048,256,3.12305,617
Thrust#2,2048,256,3.12695,589
Thrust#2,2048,256,3.1875,589
Thrust#2,2048,256,3.13477,594
Thrust#2,2048,256,3.18555,592
Thrust#2,2048,256,3.09766,601
Thrust#2,2048,256,3.14648,608
Thrust#2,2048,256,3.19727,608
Thrust#2,2048,256,3.13867,595
Thrust#2,2048,256,3.19141,589
Thrust#2,2048,256,3.18359,590
Thrust#2,2048,256,3.14062,593
Thrust#2,2048,256,3.09961,589
Thrust#2,2048,256,3.14258,590
Thrust#2,2048,256,3.12891,588
Thrust#2,2048,256,3.18945,596
Thrust#2,2048,256,3.12305,589
Thrust#2,2048,256,3.17773,589
Thrust#2,2048,256,3.10156,603
Thrust#2,2048,256,3.15039,599
Thrust#2,2048,256,3.09961,589
Thrust#2,2048,256,3.10938,592
Thrust#2,2048,256,3.13477,581
Thrust#2,2048,256,3.11133,584
Thrust#2,2048,256,3.20703,588
Thrust#2,2048,256,3.11719,589
Thrust#2,2048,256,3.16016,591
Thrust#2,2048,256,3.15625,593
Thrust#2,2048,256,3.14062,589
Thrust#2,2048,256,3.14844,582
Thrust#2,2048,256,3.08203,601
Thrust#2,2048,256,3.10156,591
Thrust#2,2048,256,3.16211,591
Thrust#2,2048,256,3.17383,674
Thrust#2,2048,256,3.07812,1734
Thrust#2,2048,256,3.1582,628
Thrust#2,2048,256,3.15625,597
Thrust#2,2048,256,3.10547,600
Thrust#2,2048,256,3.15625,607
Thrust#2,2048,256,3.21094,587
Thrust#2,2048,256,3.05664,599
Thrust#2,2048,256,3.14062,598
Thrust#2,2048,256,3.1582,588
Thrust#2,2048,256,3.16797,623
Thrust#2,2048,256,3.05664,598
Thrust#2,2048,256,3.15039,593
Thrust#2,2048,256,3.13672,591
Thrust#2,2048,256,3.13086,588
Thrust#2,2048,256,3.20117,590
Thrust#2,2048,256,3.15625,595
Thrust#2,2048,256,3.07227,583
Thrust#2,2048,256,3.17773,609
Thrust#2,2048,256,3.17578,587
Thrust#2,2048,256,3.10156,594
Thrust#2,2048,256,3.1582,590
Thrust#2,2048,512,3.11914,1042
Thrust#2,2048,512,3.15039,1041
Thrust#2,2048,512,3.16211,1054
Thrust#2,2048,512,3.10742,1052
Thrust#2,2048,512,3.1543,1052
Thrust#2,2048,512,3.13477,1053
Thrust#2,2048,512,3.14258,1056
Thrust#2,2048,512,3.11523,1049
Thrust#2,2048,512,3.1582,1049
Thrust#2,2048,512,3.15234,1051
Thrust#2,2048,512,3.14844,1054
Thrust#2,2048,512,3.13672,1053
Thrust#2,2048,512,3.11914,1141
Thrust#2,2048,512,3.125,1046
Thrust#2,2048,512,3.16406,1054
Thrust#2,2048,512,3.19531,1040
Thrust#2,2048,512,3.12109,1042
Thrust#2,2048,512,3.11328,1046
Thrust#2,2048,512,3.1582,2168
Thrust#2,2048,512,3.15039,1147
Thrust#2,2048,512,3.13281,1084
Thrust#2,2048,512,3.125,1056
Thrust#2,2048,512,3.15625,1057
Thrust#2,2048,512,3.15625,1057
Thrust#2,2048,512,3.1875,1053
Thrust#2,2048,512,3.18945,1038
Thrust#2,2048,512,3.14648,1042
Thrust#2,2048,512,3.21484,1053
Thrust#2,2048,512,3.20117,1052
Thrust#2,2048,512,3.18164,1050
Thrust#2,2048,512,3.18945,1050
Thrust#2,2048,512,3.09375,1052
Thrust#2,2048,512,3.16211,1052
Thrust#2,2048,512,3.12891,1053
Thrust#2,2048,512,3.1582,1050
Thrust#2,2048,512,3.14062,1052
Thrust#2,2048,512,3.17773,1054
Thrust#2,2048,512,3.1582,1051
Thrust#2,2048,512,3.17188,1051
Thrust#2,2048,512,3.15234,1051
Thrust#2,2048,512,3.08984,1052
Thrust#2,2048,512,3.16797,1050
Thrust#2,2048,512,3.1543,1051
Thrust#2,2048,512,3.16992,1051
Thrust#2,2048,512,3.13086,1065
Thrust#2,2048,512,3.11133,1063
Thrust#2,2048,512,3.10742,1048
Thrust#2,2048,512,3.125,1041
Thrust#2,2048,512,3.10156,2226
Thrust#2,2048,512,3.15234,1088
Thrust#2,2048,512,3.16406,1055
Thrust#2,2048,512,3.11328,1040
Thrust#2,2048,512,3.1543,1058
Thrust#2,2048,512,3.11328,1058
Thrust#2,2048,512,3.12109,1056
Thrust#2,2048,512,3.08594,1052
Thrust#2,2048,512,3.20898,1050
Thrust#2,2048,512,3.14258,1052
Thrust#2,2048,512,3.07617,1043
Thrust#2,2048,512,3.24219,1040
Thrust#2,2048,512,3.11328,1041
Thrust#2,2048,512,3.12305,1045
Thrust#2,2048,512,3.14844,1054
Thrust#2,2048,512,3.12109,1050
Thrust#2,2048,512,3.23828,1038
Thrust#2,2048,512,3.15039,1052
Thrust#2,2048,512,3.20312,1054
Thrust#2,2048,512,3.12695,1054
Thrust#2,2048,512,3.17969,1050
Thrust#2,2048,512,3.11133,1053
Thrust#2,2048,512,3.10742,1066
Thrust#2,2048,512,3.19727,1051
Thrust#2,2048,512,3.19531,1054
Thrust#2,2048,512,3.11328,1064
Thrust#2,2048,512,3.11914,1054
Thrust#2,2048,512,3.1582,1041
Thrust#2,2048,512,3.16211,1039
Thrust#2,2048,512,3.17188,1042
Thrust#2,2048,512,3.16211,1099
Thrust#2,2048,512,3.1543,1049
Thrust#2,2048,512,3.10742,1043
Thrust#2,2048,512,3.14453,1040
Thrust#2,2048,512,3.17969,1043
Thrust#2,2048,512,3.07227,1047
Thrust#2,2048,512,3.17188,1042
Thrust#2,2048,512,3.20508,1042
Thrust#2,2048,512,3.15625,1051
Thrust#2,2048,512,3.16797,1047
Thrust#2,2048,512,3.10547,1050
Thrust#2,2048,512,3.11133,1055
Thrust#2,2048,512,3.14844,1054
Thrust#2,2048,512,3.12305,1052
Thrust#2,2048,512,3.17578,1051
Thrust#2,2048,512,3.17383,1051
Thrust#2,2048,512,3.20898,1057
Thrust#2,2048,512,3.125,1053
Thrust#2,2048,512,3.16016,2258
Thrust#2,2048,512,3.16797,1081
Thrust#2,2048,512,3.11133,1056
Thrust#2,2048,512,3.19531,1059
Thrust#2,2048,1024,3.18359,1971
Thrust#2,2048,1024,3.13086,1960
Thrust#2,2048,1024,3.21094,1960
Thrust#2,2048,1024,3.10547,1963
Thrust#2,2048,1024,3.2168,1968
Thrust#2,2048,1024,3.14648,1968
Thrust#2,2048,1024,3.14453,1998
Thrust#2,2048,1024,3.14453,1970
Thrust#2,2048,1024,3.09375,1948
Thrust#2,2048,1024,3.14453,1949
Thrust#2,2048,1024,3.11914,1971
Thrust#2,2048,1024,3.14453,1977
Thrust#2,2048,1024,3.14844,1960
Thrust#2,2048,1024,3.14062,1952
Thrust#2,2048,1024,3.10547,3137
Thrust#2,2048,1024,3.12305,2025
Thrust#2,2048,1024,3.20703,1974
Thrust#2,2048,1024,3.12695,1966
Thrust#2,2048,1024,3.125,1952
Thrust#2,2048,1024,3.10352,1970
Thrust#2,2048,1024,3.18945,1960
Thrust#2,2048,1024,3.1875,1962
Thrust#2,2048,1024,3.17773,1961
Thrust#2,2048,1024,3.22656,1956
Thrust#2,2048,1024,3.08398,1982
Thrust#2,2048,1024,3.10352,1976
Thrust#2,2048,1024,3.10742,1951
Thrust#2,2048,1024,3.10352,1948
Thrust#2,2048,1024,3.11523,1984
Thrust#2,2048,1024,3.11133,1962
Thrust#2,2048,1024,3.1875,3187
Thrust#2,2048,1024,3.07812,2018
Thrust#2,2048,1024,3.21484,3359
Thrust#2,2048,1024,3.24023,1934
Thrust#2,2048,1024,3.13086,1916
Thrust#2,2048,1024,3.14453,1928
Thrust#2,2048,1024,3.17188,1915
Thrust#2,2048,1024,3.2207,1904
Thrust#2,2048,1024,3.11914,1903
Thrust#2,2048,1024,3.17578,1923
Thrust#2,2048,1024,3.16602,1923
Thrust#2,2048,1024,3.0625,1939
Thrust#2,2048,1024,3.13867,1918
Thrust#2,2048,1024,3.17578,1907
Thrust#2,2048,1024,3.17969,1950
Thrust#2,2048,1024,3.16211,1922
Thrust#2,2048,1024,3.15039,3164
Thrust#2,2048,1024,3.08008,1972
Thrust#2,2048,1024,3.0957,1925
Thrust#2,2048,1024,3.11523,1926
Thrust#2,2048,1024,3.15234,1916
Thrust#2,2048,1024,3.08203,1913
Thrust#2,2048,1024,3.15039,1912
Thrust#2,2048,1024,3.125,1927
Thrust#2,2048,1024,3.18359,1920
Thrust#2,2048,1024,3.07617,1912
Thrust#2,2048,1024,3.14844,1915
Thrust#2,2048,1024,3.11523,1915
Thrust#2,2048,1024,3.12695,1912
Thrust#2,2048,1024,3.15234,1937
Thrust#2,2048,1024,3.12891,1928
Thrust#2,2048,1024,3.16406,1905
Thrust#2,2048,1024,3.0918,1909
Thrust#2,2048,1024,3.13867,3114
Thrust#2,2048,1024,3.12891,1977
Thrust#2,2048,1024,3.14648,1908
Thrust#2,2048,1024,3.16797,1917
Thrust#2,2048,1024,3.10352,1960
Thrust#2,2048,1024,3.13281,1917
Thrust#2,2048,1024,3.0957,1913
Thrust#2,2048,1024,3.18164,1914
Thrust#2,2048,1024,3.08984,1901
Thrust#2,2048,1024,3.1582,1899
Thrust#2,2048,1024,3.1543,1916
Thrust#2,2048,1024,3.125,1915
Thrust#2,2048,1024,3.11523,1922
Thrust#2,2048,1024,3.13086,1898
Thrust#2,2048,1024,3.14062,1901
Thrust#2,2048,1024,3.16602,1920
Thrust#2,2048,1024,3.125,1905
Thrust#2,2048,1024,3.17969,1903
Thrust#2,2048,1024,3.1875,1922
Thrust#2,2048,1024,3.04883,3999
Thrust#2,2048,1024,3.0625,1904
Thrust#2,2048,1024,3.14062,1874
Thrust#2,2048,1024,3.14258,1865
Thrust#2,2048,1024,3.18164,1892
Thrust#2,2048,1024,3.0957,3066
Thrust#2,2048,1024,3.10742,1946
Thrust#2,2048,1024,3.17383,1888
Thrust#2,2048,1024,3.08203,1876
Thrust#2,2048,1024,3.13867,1871
Thrust#2,2048,1024,3.18945,1874
Thrust#2,2048,1024,3.16406,1860
Thrust#2,2048,1024,3.18164,1860
Thrust#2,2048,1024,3.14648,1911
Thrust#2,2048,1024,3.08789,1918
Thrust#2,2048,1024,3.18359,1877
Thrust#2,2048,1024,3.1875,1862
Thrust#2,2048,1024,3.12695,1914
Thrust#2,2048,2048,3.07031,3596
Thrust#2,2048,2048,3.125,3608
Thrust#2,2048,2048,3.07617,4827
Thrust#2,2048,2048,3.12891,3651
Thrust#2,2048,2048,3.16797,3611
Thrust#2,2048,2048,3.13086,3590
Thrust#2,2048,2048,3.15039,3610
Thrust#2,2048,2048,3.10156,3642
Thrust#2,2048,2048,3.07617,3618
Thrust#2,2048,2048,3.13477,3592
Thrust#2,2048,2048,3.16797,3603
Thrust#2,2048,2048,3.13867,4659
Thrust#2,2048,2048,3.13672,3812
Thrust#2,2048,2048,3.12891,3638
Thrust#2,2048,2048,3.07422,3586
Thrust#2,2048,2048,3.11523,3610
Thrust#2,2048,2048,3.11719,3610
Thrust#2,2048,2048,3.11328,3641
Thrust#2,2048,2048,3.16406,3615
Thrust#2,2048,2048,3.15039,3623
Thrust#2,2048,2048,3.19336,4768
Thrust#2,2048,2048,3.20312,3659
Thrust#2,2048,2048,3.16602,3608
Thrust#2,2048,2048,3.14258,3609
Thrust#2,2048,2048,3.11719,3591
Thrust#2,2048,2048,3.20117,3606
Thrust#2,2048,2048,3.13867,3639
Thrust#2,2048,2048,3.05859,3620
Thrust#2,2048,2048,3.08984,3636
Thrust#2,2048,2048,3.15039,4797
Thrust#2,2048,2048,3.13672,3662
Thrust#2,2048,2048,3.14844,3601
Thrust#2,2048,2048,3.11133,3609
Thrust#2,2048,2048,3.17578,3591
Thrust#2,2048,2048,3.14648,3593
Thrust#2,2048,2048,3.16602,3602
Thrust#2,2048,2048,3.14648,3613
Thrust#2,2048,2048,3.0957,3607
Thrust#2,2048,2048,3.13477,3598
Thrust#2,2048,2048,3.16406,3604
Thrust#2,2048,2048,3.14453,3612
Thrust#2,2048,2048,3.13086,3593
Thrust#2,2048,2048,3.12891,4863
Thrust#2,2048,2048,3.09766,4807
Thrust#2,2048,2048,3.10742,3996
Thrust#2,2048,2048,3.08203,3466
Thrust#2,2048,2048,3.17188,3534
Thrust#2,2048,2048,3.17383,3464
Thrust#2,2048,2048,3.15039,3462
Thrust#2,2048,2048,3.10352,3465
Thrust#2,2048,2048,3.14062,3463
Thrust#2,2048,2048,3.07031,4663
Thrust#2,2048,2048,3.14844,3526
Thrust#2,2048,2048,3.13672,3468
Thrust#2,2048,2048,3.11523,3460
Thrust#2,2048,2048,3.10352,3468
Thrust#2,2048,2048,3.10352,3498
Thrust#2,2048,2048,3.10742,3513
Thrust#2,2048,2048,3.08203,3450
Thrust#2,2048,2048,3.15625,3468
Thrust#2,2048,2048,3.13281,4736
Thrust#2,2048,2048,3.22852,3506
Thrust#2,2048,2048,3.11133,3462
Thrust#2,2048,2048,3.19141,3445
Thrust#2,2048,2048,3.19141,3462
Thrust#2,2048,2048,3.10156,3444
Thrust#2,2048,2048,3.19727,3494
Thrust#2,2048,2048,3.14453,3468
Thrust#2,2048,2048,3.17383,3477
Thrust#2,2048,2048,3.20117,4682
Thrust#2,2048,2048,3.16406,3530
Thrust#2,2048,2048,3.0957,3458
Thrust#2,2048,2048,3.12891,3467
Thrust#2,2048,2048,3.13672,3476
Thrust#2,2048,2048,3.14453,3474
Thrust#2,2048,2048,3.09961,3466
Thrust#2,2048,2048,3.18359,3488
Thrust#2,2048,2048,3.20508,3467
Thrust#2,2048,2048,3.07422,3475
Thrust#2,2048,2048,3.13867,4692
Thrust#2,2048,2048,3.1543,3521
Thrust#2,2048,2048,3.09961,3460
Thrust#2,2048,2048,3.21094,3469
Thrust#2,2048,2048,3.11914,3460
Thrust#2,2048,2048,3.15039,3459
Thrust#2,2048,2048,3.10156,3460
Thrust#2,2048,2048,3.0918,3485
Thrust#2,2048,2048,3.10156,3473
Thrust#2,2048,2048,3.1543,3451
Thrust#2,2048,2048,3.09961,3458
Thrust#2,2048,2048,3.08594,3460
Thrust#2,2048,2048,3.12891,3473
Thrust#2,2048,2048,3.16016,3460
Thrust#2,2048,2048,3.17578,4664
Thrust#2,2048,2048,3.17188,3519
Thrust#2,2048,2048,3.14453,3455
Thrust#2,2048,2048,3.16797,3498
Thrust#2,2048,2048,3.10156,3470
Thrust#2,2048,2048,3.19727,3449
Thrust#2,2048,2048,3.10742,3460
Thrust#2,4096,1,3.18652,211
Thrust#2,4096,1,3.1377,230
Thrust#2,4096,1,3.15332,208
Thrust#2,4096,1,3.13281,188
Thrust#2,4096,1,3.13379,190
Thrust#2,4096,1,3.15039,192
Thrust#2,4096,1,3.13281,190
Thrust#2,4096,1,3.125,189
Thrust#2,4096,1,3.1084,188
Thrust#2,4096,1,3.14062,193
Thrust#2,4096,1,3.13281,189
Thrust#2,4096,1,3.17871,189
Thrust#2,4096,1,3.16113,201
Thrust#2,4096,1,3.12207,194
Thrust#2,4096,1,3.15625,188
Thrust#2,4096,1,3.16504,201
Thrust#2,4096,1,3.12695,188
Thrust#2,4096,1,3.13086,192
Thrust#2,4096,1,3.12695,200
Thrust#2,4096,1,3.1377,189
Thrust#2,4096,1,3.15527,197
Thrust#2,4096,1,3.18945,196
Thrust#2,4096,1,3.0791,199
Thrust#2,4096,1,3.14355,201
Thrust#2,4096,1,3.14941,1408
Thrust#2,4096,1,3.19434,264
Thrust#2,4096,1,3.16797,219
Thrust#2,4096,1,3.16602,214
Thrust#2,4096,1,3.10645,193
Thrust#2,4096,1,3.18945,197
Thrust#2,4096,1,3.13672,203
Thrust#2,4096,1,3.16992,207
Thrust#2,4096,1,3.13672,202
Thrust#2,4096,1,3.06348,197
Thrust#2,4096,1,3.15918,195
Thrust#2,4096,1,3.19824,206
Thrust#2,4096,1,3.12891,193
Thrust#2,4096,1,3.19824,198
Thrust#2,4096,1,3.15039,194
Thrust#2,4096,1,3.15137,208
Thrust#2,4096,1,3.13379,194
Thrust#2,4096,1,3.16797,197
Thrust#2,4096,1,3.14062,196
Thrust#2,4096,1,3.10938,206
Thrust#2,4096,1,3.14746,192
Thrust#2,4096,1,3.15625,196
Thrust#2,4096,1,3.15137,204
Thrust#2,4096,1,3.12598,206
Thrust#2,4096,1,3.16211,193
Thrust#2,4096,1,3.14062,197
Thrust#2,4096,1,3.12793,195
Thrust#2,4096,1,3.18848,208
Thrust#2,4096,1,3.1123,201
Thrust#2,4096,1,3.17871,196
Thrust#2,4096,1,3.1416,191
Thrust#2,4096,1,3.06934,195
Thrust#2,4096,1,3.12305,189
Thrust#2,4096,1,3.10059,188
Thrust#2,4096,1,3.12207,189
Thrust#2,4096,1,3.1416,190
Thrust#2,4096,1,3.10547,200
Thrust#2,4096,1,3.125,189
Thrust#2,4096,1,3.11719,188
Thrust#2,4096,1,3.17773,203
Thrust#2,4096,1,3.18457,189
Thrust#2,4096,1,3.1748,188
Thrust#2,4096,1,3.13574,201
Thrust#2,4096,1,3.14062,191
Thrust#2,4096,1,3.15234,230
Thrust#2,4096,1,3.16113,190
Thrust#2,4096,1,3.1709,189
Thrust#2,4096,1,3.13281,193
Thrust#2,4096,1,3.15918,188
Thrust#2,4096,1,3.16406,187
Thrust#2,4096,1,3.16699,196
Thrust#2,4096,1,3.12012,191
Thrust#2,4096,1,3.14941,188
Thrust#2,4096,1,3.17285,199
Thrust#2,4096,1,3.1582,189
Thrust#2,4096,1,3.14355,191
Thrust#2,4096,1,3.18945,199
Thrust#2,4096,1,3.1582,187
Thrust#2,4096,1,3.15918,215
Thrust#2,4096,1,3.13672,197
Thrust#2,4096,1,3.12695,190
Thrust#2,4096,1,3.15137,188
Thrust#2,4096,1,3.125,188
Thrust#2,4096,1,3.16504,201
Thrust#2,4096,1,3.13477,189
Thrust#2,4096,1,3.14551,189
Thrust#2,4096,1,3.1377,192
Thrust#2,4096,1,3.09375,191
Thrust#2,4096,1,3.18066,188
Thrust#2,4096,1,3.15039,188
Thrust#2,4096,1,3.14453,200
Thrust#2,4096,1,3.12988,192
Thrust#2,4096,1,3.10645,188
Thrust#2,4096,1,3.12695,199
Thrust#2,4096,1,3.11328,189
Thrust#2,4096,1,3.11328,192
Thrust#2,4096,2,3.15332,183
Thrust#2,4096,2,3.07422,173
Thrust#2,4096,2,3.14941,172
Thrust#2,4096,2,3.17676,180
Thrust#2,4096,2,3.13184,173
Thrust#2,4096,2,3.14453,171
Thrust#2,4096,2,3.14062,172
Thrust#2,4096,2,3.10352,176
Thrust#2,4096,2,3.08594,173
Thrust#2,4096,2,3.13281,171
Thrust#2,4096,2,3.14844,171
Thrust#2,4096,2,3.15625,178
Thrust#2,4096,2,3.13672,172
Thrust#2,4096,2,3.1416,197
Thrust#2,4096,2,3.14551,206
Thrust#2,4096,2,3.13574,176
Thrust#2,4096,2,3.19141,172
Thrust#2,4096,2,3.13867,185
Thrust#2,4096,2,3.0957,173
Thrust#2,4096,2,3.14062,188
Thrust#2,4096,2,3.14648,175
Thrust#2,4096,2,3.11426,173
Thrust#2,4096,2,3.14258,172
Thrust#2,4096,2,3.16699,175
Thrust#2,4096,2,3.19824,173
Thrust#2,4096,2,3.13086,183
Thrust#2,4096,2,3.1543,172
Thrust#2,4096,2,3.15234,177
Thrust#2,4096,2,3.18066,184
Thrust#2,4096,2,3.14453,174
Thrust#2,4096,2,3.12012,172
Thrust#2,4096,2,3.13477,181
Thrust#2,4096,2,3.14062,172
Thrust#2,4096,2,3.16309,173
Thrust#2,4096,2,3.05078,171
Thrust#2,4096,2,3.0957,178
Thrust#2,4096,2,3.16309,173
Thrust#2,4096,2,3.1709,173
Thrust#2,4096,2,3.10059,172
Thrust#2,4096,2,3.11426,176
Thrust#2,4096,2,3.16406,175
Thrust#2,4096,2,3.1582,173
Thrust#2,4096,2,3.13965,184
Thrust#2,4096,2,3.10254,178
Thrust#2,4096,2,3.1748,172
Thrust#2,4096,2,3.13379,183
Thrust#2,4096,2,3.15137,172
Thrust#2,4096,2,3.14062,188
Thrust#2,4096,2,3.19141,176
Thrust#2,4096,2,3.13379,170
Thrust#2,4096,2,3.15332,175
Thrust#2,4096,2,3.15234,184
Thrust#2,4096,2,3.15918,174
Thrust#2,4096,2,3.11816,173
Thrust#2,4096,2,3.14746,172
Thrust#2,4096,2,3.13574,178
Thrust#2,4096,2,3.15625,173
Thrust#2,4096,2,3.14746,174
Thrust#2,4096,2,3.16016,171
Thrust#2,4096,2,3.13281,212
Thrust#2,4096,2,3.16992,172
Thrust#2,4096,2,3.15723,171
Thrust#2,4096,2,3.15039,184
Thrust#2,4096,2,3.11328,175
Thrust#2,4096,2,3.17188,172
Thrust#2,4096,2,3.14648,184
Thrust#2,4096,2,3.14551,172
Thrust#2,4096,2,3.12109,177
Thrust#2,4096,2,3.0752,218
Thrust#2,4096,2,3.1709,171
Thrust#2,4096,2,3.15527,172
Thrust#2,4096,2,3.10742,178
Thrust#2,4096,2,3.14648,173
Thrust#2,4096,2,3.14258,176
Thrust#2,4096,2,3.16211,173
Thrust#2,4096,2,3.15137,176
Thrust#2,4096,2,3.08301,172
Thrust#2,4096,2,3.14551,175
Thrust#2,4096,2,3.08594,171
Thrust#2,4096,2,3.11621,176
Thrust#2,4096,2,3.14062,172
Thrust#2,4096,2,3.1543,174
Thrust#2,4096,2,3.10645,173
Thrust#2,4096,2,3.16309,179
Thrust#2,4096,2,3.12891,172
Thrust#2,4096,2,3.20898,173
Thrust#2,4096,2,3.12598,174
Thrust#2,4096,2,3.17285,175
Thrust#2,4096,2,3.16211,175
Thrust#2,4096,2,3.15527,226
Thrust#2,4096,2,3.16309,1379
Thrust#2,4096,2,3.18555,240
Thrust#2,4096,2,3.18359,196
Thrust#2,4096,2,3.14258,187
Thrust#2,4096,2,3.09961,180
Thrust#2,4096,2,3.15723,179
Thrust#2,4096,2,3.18164,190
Thrust#2,4096,2,3.12305,177
Thrust#2,4096,2,3.16113,181
Thrust#2,4096,2,3.09668,179
Thrust#2,4096,4,3.15137,174
Thrust#2,4096,4,3.16699,168
Thrust#2,4096,4,3.15332,163
Thrust#2,4096,4,3.17285,171
Thrust#2,4096,4,3.12988,174
Thrust#2,4096,4,3.15137,168
Thrust#2,4096,4,3.1748,163
Thrust#2,4096,4,3.1748,162
Thrust#2,4096,4,3.12793,166
Thrust#2,4096,4,3.19824,170
Thrust#2,4096,4,3.12598,163
Thrust#2,4096,4,3.16211,162
Thrust#2,4096,4,3.09766,173
Thrust#2,4096,4,3.18652,170
Thrust#2,4096,4,3.16113,164
Thrust#2,4096,4,3.12891,162
Thrust#2,4096,4,3.18066,166
Thrust#2,4096,4,3.15039,171
Thrust#2,4096,4,3.12793,163
Thrust#2,4096,4,3.13281,163
Thrust#2,4096,4,3.16992,174
Thrust#2,4096,4,3.1123,188
Thrust#2,4096,4,3.15625,163
Thrust#2,4096,4,3.07617,163
Thrust#2,4096,4,3.12402,165
Thrust#2,4096,4,3.14551,166
Thrust#2,4096,4,3.16602,163
Thrust#2,4096,4,3.12402,162
Thrust#2,4096,4,3.1543,162
Thrust#2,4096,4,3.15527,164
Thrust#2,4096,4,3.15332,163
Thrust#2,4096,4,3.14941,163
Thrust#2,4096,4,3.14648,164
Thrust#2,4096,4,3.18945,165
Thrust#2,4096,4,3.14453,162
Thrust#2,4096,4,3.12988,163
Thrust#2,4096,4,3.09375,164
Thrust#2,4096,4,3.10938,165
Thrust#2,4096,4,3.10938,162
Thrust#2,4096,4,3.08301,163
Thrust#2,4096,4,3.14062,164
Thrust#2,4096,4,3.14258,165
Thrust#2,4096,4,3.1377,162
Thrust#2,4096,4,3.09961,163
Thrust#2,4096,4,3.10059,163
Thrust#2,4096,4,3.09082,165
Thrust#2,4096,4,3.1377,162
Thrust#2,4096,4,3.1416,161
Thrust#2,4096,4,3.14844,164
Thrust#2,4096,4,3.19141,165
Thrust#2,4096,4,3.13867,162
Thrust#2,4096,4,3.14746,163
Thrust#2,4096,4,3.1416,165
Thrust#2,4096,4,3.12598,163
Thrust#2,4096,4,3.1543,161
Thrust#2,4096,4,3.1582,163
Thrust#2,4096,4,3.1582,164
Thrust#2,4096,4,3.16602,164
Thrust#2,4096,4,3.10156,162
Thrust#2,4096,4,3.13867,163
Thrust#2,4096,4,3.18555,165
Thrust#2,4096,4,3.19043,165
Thrust#2,4096,4,3.16113,162
Thrust#2,4096,4,3.13672,163
Thrust#2,4096,4,3.14648,163
Thrust#2,4096,4,3.17383,165
Thrust#2,4096,4,3.15234,161
Thrust#2,4096,4,3.08984,161
Thrust#2,4096,4,3.17871,163
Thrust#2,4096,4,3.15527,164
Thrust#2,4096,4,3.15527,162
Thrust#2,4096,4,3.13574,163
Thrust#2,4096,4,3.13965,162
Thrust#2,4096,4,3.14062,164
Thrust#2,4096,4,3.15625,161
Thrust#2,4096,4,3.15723,163
Thrust#2,4096,4,3.13672,179
Thrust#2,4096,4,3.18945,163
Thrust#2,4096,4,3.14551,162
Thrust#2,4096,4,3.10547,164
Thrust#2,4096,4,3.10742,163
Thrust#2,4096,4,3.13965,165
Thrust#2,4096,4,3.14648,163
Thrust#2,4096,4,3.1416,163
Thrust#2,4096,4,3.11035,163
Thrust#2,4096,4,3.10254,165
Thrust#2,4096,4,3.12988,163
Thrust#2,4096,4,3.15137,161
Thrust#2,4096,4,3.13867,163
Thrust#2,4096,4,3.13574,164
Thrust#2,4096,4,3.1543,162
Thrust#2,4096,4,3.17773,162
Thrust#2,4096,4,3.14062,162
Thrust#2,4096,4,3.14648,164
Thrust#2,4096,4,3.15527,163
Thrust#2,4096,4,3.18262,164
Thrust#2,4096,4,3.16895,163
Thrust#2,4096,4,3.13574,164
Thrust#2,4096,4,3.17383,162
Thrust#2,4096,4,3.14258,161
Thrust#2,4096,8,3.17285,156
Thrust#2,4096,8,3.15137,156
Thrust#2,4096,8,3.16016,155
Thrust#2,4096,8,3.10254,155
Thrust#2,4096,8,3.1582,154
Thrust#2,4096,8,3.10059,157
Thrust#2,4096,8,3.15137,154
Thrust#2,4096,8,3.16309,154
Thrust#2,4096,8,3.1377,156
Thrust#2,4096,8,3.12695,156
Thrust#2,4096,8,3.11133,152
Thrust#2,4096,8,3.13965,155
Thrust#2,4096,8,3.14648,155
Thrust#2,4096,8,3.17871,159
Thrust#2,4096,8,3.12793,155
Thrust#2,4096,8,3.16797,155
Thrust#2,4096,8,3.11719,157
Thrust#2,4096,8,3.12402,157
Thrust#2,4096,8,3.1123,183
Thrust#2,4096,8,3.14453,159
Thrust#2,4096,8,3.13281,156
Thrust#2,4096,8,3.12891,156
Thrust#2,4096,8,3.16699,154
Thrust#2,4096,8,3.15234,154
Thrust#2,4096,8,3.19434,157
Thrust#2,4096,8,3.15234,156
Thrust#2,4096,8,3.16895,154
Thrust#2,4096,8,3.16113,156
Thrust#2,4096,8,3.20898,154
Thrust#2,4096,8,3.11621,157
Thrust#2,4096,8,3.14551,155
Thrust#2,4096,8,3.12891,158
Thrust#2,4096,8,3.1582,155
Thrust#2,4096,8,3.12598,157
Thrust#2,4096,8,3.12793,153
Thrust#2,4096,8,3.12207,154
Thrust#2,4096,8,3.16016,159
Thrust#2,4096,8,3.12598,157
Thrust#2,4096,8,3.12793,152
Thrust#2,4096,8,3.12402,158
Thrust#2,4096,8,3.13965,156
Thrust#2,4096,8,3.14453,156
Thrust#2,4096,8,3.20996,155
Thrust#2,4096,8,3.11719,154
Thrust#2,4096,8,3.1377,156
Thrust#2,4096,8,3.1748,156
Thrust#2,4096,8,3.15723,156
Thrust#2,4096,8,3.11914,155
Thrust#2,4096,8,3.14551,155
Thrust#2,4096,8,3.10254,158
Thrust#2,4096,8,3.12598,154
Thrust#2,4096,8,3.15723,155
Thrust#2,4096,8,3.10547,155
Thrust#2,4096,8,3.11914,155
Thrust#2,4096,8,3.13086,153
Thrust#2,4096,8,3.16602,155
Thrust#2,4096,8,3.10938,155
Thrust#2,4096,8,3.11816,157
Thrust#2,4096,8,3.16797,156
Thrust#2,4096,8,3.14844,155
Thrust#2,4096,8,3.13086,390
Thrust#2,4096,8,3.15234,157
Thrust#2,4096,8,3.15918,153
Thrust#2,4096,8,3.13867,155
Thrust#2,4096,8,3.14062,156
Thrust#2,4096,8,3.13574,157
Thrust#2,4096,8,3.1543,155
Thrust#2,4096,8,3.19922,155
Thrust#2,4096,8,3.14453,153
Thrust#2,4096,8,3.14551,159
Thrust#2,4096,8,3.13965,158
Thrust#2,4096,8,3.13574,207
Thrust#2,4096,8,3.15918,1398
Thrust#2,4096,8,3.11719,217
Thrust#2,4096,8,3.11621,179
Thrust#2,4096,8,3.14551,172
Thrust#2,4096,8,3.13281,155
Thrust#2,4096,8,3.1084,163
Thrust#2,4096,8,3.12598,165
Thrust#2,4096,8,3.11621,161
Thrust#2,4096,8,3.12891,155
Thrust#2,4096,8,3.21191,155
Thrust#2,4096,8,3.15625,165
Thrust#2,4096,8,3.12793,162
Thrust#2,4096,8,3.13379,155
Thrust#2,4096,8,3.16016,163
Thrust#2,4096,8,3.13574,165
Thrust#2,4096,8,3.17188,161
Thrust#2,4096,8,3.16211,163
Thrust#2,4096,8,3.16016,155
Thrust#2,4096,8,3.16504,165
Thrust#2,4096,8,3.15039,161
Thrust#2,4096,8,3.10449,155
Thrust#2,4096,8,3.14355,164
Thrust#2,4096,8,3.12109,165
Thrust#2,4096,8,3.12988,161
Thrust#2,4096,8,3.1748,155
Thrust#2,4096,8,3.09863,163
Thrust#2,4096,8,3.1748,165
Thrust#2,4096,8,3.11328,162
Thrust#2,4096,16,3.11328,163
Thrust#2,4096,16,3.12305,163
Thrust#2,4096,16,3.0957,165
Thrust#2,4096,16,3.13574,170
Thrust#2,4096,16,3.17676,170
Thrust#2,4096,16,3.12598,163
Thrust#2,4096,16,3.15039,165
Thrust#2,4096,16,3.11621,170
Thrust#2,4096,16,3.14453,163
Thrust#2,4096,16,3.1543,164
Thrust#2,4096,16,3.12793,165
Thrust#2,4096,16,3.15527,162
Thrust#2,4096,16,3.13086,164
Thrust#2,4096,16,3.08105,163
Thrust#2,4096,16,3.12598,166
Thrust#2,4096,16,3.11914,163
Thrust#2,4096,16,3.10645,163
Thrust#2,4096,16,3.11816,162
Thrust#2,4096,16,3.21484,166
Thrust#2,4096,16,3.12402,162
Thrust#2,4096,16,3.11719,163
Thrust#2,4096,16,3.1123,162
Thrust#2,4096,16,3.13184,164
Thrust#2,4096,16,3.17285,162
Thrust#2,4096,16,3.17285,160
Thrust#2,4096,16,3.14355,162
Thrust#2,4096,16,3.15332,166
Thrust#2,4096,16,3.16602,163
Thrust#2,4096,16,3.13965,162
Thrust#2,4096,16,3.14062,162
Thrust#2,4096,16,3.17969,166
Thrust#2,4096,16,3.16992,163
Thrust#2,4096,16,3.1543,163
Thrust#2,4096,16,3.18066,162
Thrust#2,4096,16,3.12891,167
Thrust#2,4096,16,3.1875,162
Thrust#2,4096,16,3.14844,163
Thrust#2,4096,16,3.18262,163
Thrust#2,4096,16,3.12891,166
Thrust#2,4096,16,3.15527,162
Thrust#2,4096,16,3.13867,162
Thrust#2,4096,16,3.15625,162
Thrust#2,4096,16,3.12109,166
Thrust#2,4096,16,3.16406,162
Thrust#2,4096,16,3.14453,163
Thrust#2,4096,16,3.1709,162
Thrust#2,4096,16,3.1582,164
Thrust#2,4096,16,3.13184,161
Thrust#2,4096,16,3.09375,161
Thrust#2,4096,16,3.1709,162
Thrust#2,4096,16,3.1377,166
Thrust#2,4096,16,3.16406,164
Thrust#2,4096,16,3.14551,163
Thrust#2,4096,16,3.14844,162
Thrust#2,4096,16,3.11621,166
Thrust#2,4096,16,3.17871,163
Thrust#2,4096,16,3.11621,162
Thrust#2,4096,16,3.13086,163
Thrust#2,4096,16,3.11035,166
Thrust#2,4096,16,3.14258,164
Thrust#2,4096,16,3.15332,163
Thrust#2,4096,16,3.12793,163
Thrust#2,4096,16,3.13281,166
Thrust#2,4096,16,3.10156,165
Thrust#2,4096,16,3.1416,161
Thrust#2,4096,16,3.10645,163
Thrust#2,4096,16,3.14746,166
Thrust#2,4096,16,3.11035,164
Thrust#2,4096,16,3.08691,162
Thrust#2,4096,16,3.14355,164
Thrust#2,4096,16,3.09668,167
Thrust#2,4096,16,3.15039,162
Thrust#2,4096,16,3.0918,162
Thrust#2,4096,16,3.13672,161
Thrust#2,4096,16,3.09668,165
Thrust#2,4096,16,3.14941,162
Thrust#2,4096,16,3.12891,162
Thrust#2,4096,16,3.12695,162
Thrust#2,4096,16,3.1582,166
Thrust#2,4096,16,3.13477,163
Thrust#2,4096,16,3.15039,162
Thrust#2,4096,16,3.15332,162
Thrust#2,4096,16,3.15918,163
Thrust#2,4096,16,3.17285,162
Thrust#2,4096,16,3.21484,160
Thrust#2,4096,16,3.11523,162
Thrust#2,4096,16,3.10742,165
Thrust#2,4096,16,3.16113,163
Thrust#2,4096,16,3.16699,163
Thrust#2,4096,16,3.09473,164
Thrust#2,4096,16,3.1084,165
Thrust#2,4096,16,3.15918,163
Thrust#2,4096,16,3.18457,162
Thrust#2,4096,16,3.19531,165
Thrust#2,4096,16,3.13867,167
Thrust#2,4096,16,3.11914,163
Thrust#2,4096,16,3.13867,162
Thrust#2,4096,16,3.14453,160
Thrust#2,4096,16,3.12695,166
Thrust#2,4096,16,3.11426,161
Thrust#2,4096,32,3.14648,188
Thrust#2,4096,32,3.15527,187
Thrust#2,4096,32,3.12695,183
Thrust#2,4096,32,3.10449,179
Thrust#2,4096,32,3.16016,188
Thrust#2,4096,32,3.10352,188
Thrust#2,4096,32,3.14941,190
Thrust#2,4096,32,3.14551,189
Thrust#2,4096,32,3.10645,187
Thrust#2,4096,32,3.16406,188
Thrust#2,4096,32,3.1416,189
Thrust#2,4096,32,3.125,188
Thrust#2,4096,32,3.10059,185
Thrust#2,4096,32,3.17383,191
Thrust#2,4096,32,3.16699,193
Thrust#2,4096,32,3.11719,188
Thrust#2,4096,32,3.18066,178
Thrust#2,4096,32,3.10352,189
Thrust#2,4096,32,3.13867,191
Thrust#2,4096,32,3.15137,187
Thrust#2,4096,32,3.1123,179
Thrust#2,4096,32,3.13574,180
Thrust#2,4096,32,3.11719,191
Thrust#2,4096,32,3.125,180
Thrust#2,4096,32,3.12598,188
Thrust#2,4096,32,3.13965,188
Thrust#2,4096,32,3.13574,182
Thrust#2,4096,32,3.13477,187
Thrust#2,4096,32,3.18652,187
Thrust#2,4096,32,3.10352,189
Thrust#2,4096,32,3.09082,192
Thrust#2,4096,32,3.13672,186
Thrust#2,4096,32,3.17578,187
Thrust#2,4096,32,3.09961,188
Thrust#2,4096,32,3.14355,183
Thrust#2,4096,32,3.1748,187
Thrust#2,4096,32,3.15137,186
Thrust#2,4096,32,3.17188,187
Thrust#2,4096,32,3.11328,191
Thrust#2,4096,32,3.09473,187
Thrust#2,4096,32,3.09766,187
Thrust#2,4096,32,3.1377,187
Thrust#2,4096,32,3.11816,190
Thrust#2,4096,32,3.20898,190
Thrust#2,4096,32,3.12793,187
Thrust#2,4096,32,3.13574,189
Thrust#2,4096,32,3.125,190
Thrust#2,4096,32,3.14746,179
Thrust#2,4096,32,3.10254,190
Thrust#2,4096,32,3.12598,195
Thrust#2,4096,32,3.14746,190
Thrust#2,4096,32,3.14453,194
Thrust#2,4096,32,3.125,189
Thrust#2,4096,32,3.1582,1448
Thrust#2,4096,32,3.0957,254
Thrust#2,4096,32,3.12891,199
Thrust#2,4096,32,3.15918,186
Thrust#2,4096,32,3.12012,189
Thrust#2,4096,32,3.10938,187
Thrust#2,4096,32,3.12598,187
Thrust#2,4096,32,3.15625,187
Thrust#2,4096,32,3.12109,196
Thrust#2,4096,32,3.13281,189
Thrust#2,4096,32,3.1084,188
Thrust#2,4096,32,3.14453,188
Thrust#2,4096,32,3.15527,189
Thrust#2,4096,32,3.1416,187
Thrust#2,4096,32,3.14844,188
Thrust#2,4096,32,3.10742,188
Thrust#2,4096,32,3.20801,187
Thrust#2,4096,32,3.11523,187
Thrust#2,4096,32,3.14746,188
Thrust#2,4096,32,3.13281,188
Thrust#2,4096,32,3.17383,196
Thrust#2,4096,32,3.14062,187
Thrust#2,4096,32,3.16406,187
Thrust#2,4096,32,3.15723,187
Thrust#2,4096,32,3.08691,188
Thrust#2,4096,32,3.14648,188
Thrust#2,4096,32,3.13379,188
Thrust#2,4096,32,3.09668,188
Thrust#2,4096,32,3.14941,189
Thrust#2,4096,32,3.13574,188
Thrust#2,4096,32,3.12793,188
Thrust#2,4096,32,3.14258,191
Thrust#2,4096,32,3.11816,188
Thrust#2,4096,32,3.14551,178
Thrust#2,4096,32,3.16016,185
Thrust#2,4096,32,3.13965,182
Thrust#2,4096,32,3.17969,188
Thrust#2,4096,32,3.13281,187
Thrust#2,4096,32,3.14453,188
Thrust#2,4096,32,3.14453,190
Thrust#2,4096,32,3.15039,188
Thrust#2,4096,32,3.13965,180
Thrust#2,4096,32,3.14453,187
Thrust#2,4096,32,3.13867,183
Thrust#2,4096,32,3.15527,179
Thrust#2,4096,32,3.16406,187
Thrust#2,4096,32,3.13281,187
Thrust#2,4096,64,3.14844,238
Thrust#2,4096,64,3.11426,236
Thrust#2,4096,64,3.16406,237
Thrust#2,4096,64,3.14453,236
Thrust#2,4096,64,3.17383,239
Thrust#2,4096,64,3.20117,237
Thrust#2,4096,64,3.13477,235
Thrust#2,4096,64,3.14062,237
Thrust#2,4096,64,3.10156,239
Thrust#2,4096,64,3.12793,239
Thrust#2,4096,64,3.15527,236
Thrust#2,4096,64,3.14062,237
Thrust#2,4096,64,3.15039,238
Thrust#2,4096,64,3.07031,254
Thrust#2,4096,64,3.12012,236
Thrust#2,4096,64,3.14453,239
Thrust#2,4096,64,3.1377,240
Thrust#2,4096,64,3.17871,236
Thrust#2,4096,64,3.16602,234
Thrust#2,4096,64,3.16992,263
Thrust#2,4096,64,3.17578,238
Thrust#2,4096,64,3.13574,237
Thrust#2,4096,64,3.13867,236
Thrust#2,4096,64,3.12891,235
Thrust#2,4096,64,3.1377,239
Thrust#2,4096,64,3.09375,237
Thrust#2,4096,64,3.16699,237
Thrust#2,4096,64,3.16895,236
Thrust#2,4096,64,3.12109,237
Thrust#2,4096,64,3.15918,235
Thrust#2,4096,64,3.15137,238
Thrust#2,4096,64,3.17578,236
Thrust#2,4096,64,3.12793,240
Thrust#2,4096,64,3.15332,237
Thrust#2,4096,64,3.17383,237
Thrust#2,4096,64,3.12793,235
Thrust#2,4096,64,3.125,240
Thrust#2,4096,64,3.12109,237
Thrust#2,4096,64,3.08105,236
Thrust#2,4096,64,3.12305,236
Thrust#2,4096,64,3.08789,240
Thrust#2,4096,64,3.16699,237
Thrust#2,4096,64,3.18066,234
Thrust#2,4096,64,3.13477,236
Thrust#2,4096,64,3.1582,239
Thrust#2,4096,64,3.1377,237
Thrust#2,4096,64,3.12988,237
Thrust#2,4096,64,3.2002,244
Thrust#2,4096,64,3.15918,243
Thrust#2,4096,64,3.15527,250
Thrust#2,4096,64,3.11914,238
Thrust#2,4096,64,3.14062,237
Thrust#2,4096,64,3.14746,241
Thrust#2,4096,64,3.1123,236
Thrust#2,4096,64,3.16113,236
Thrust#2,4096,64,3.14941,236
Thrust#2,4096,64,3.1543,245
Thrust#2,4096,64,3.14648,236
Thrust#2,4096,64,3.14355,235
Thrust#2,4096,64,3.16602,238
Thrust#2,4096,64,3.15039,241
Thrust#2,4096,64,3.17676,236
Thrust#2,4096,64,3.1543,235
Thrust#2,4096,64,3.08691,236
Thrust#2,4096,64,3.16309,239
Thrust#2,4096,64,3.18164,236
Thrust#2,4096,64,3.15039,235
Thrust#2,4096,64,3.14258,236
Thrust#2,4096,64,3.17188,240
Thrust#2,4096,64,3.12988,237
Thrust#2,4096,64,3.15039,236
Thrust#2,4096,64,3.1543,237
Thrust#2,4096,64,3.11621,240
Thrust#2,4096,64,3.14844,239
Thrust#2,4096,64,3.11621,239
Thrust#2,4096,64,3.12793,237
Thrust#2,4096,64,3.12891,238
Thrust#2,4096,64,3.13379,236
Thrust#2,4096,64,3.20117,237
Thrust#2,4096,64,3.12988,236
Thrust#2,4096,64,3.13281,239
Thrust#2,4096,64,3.12012,237
Thrust#2,4096,64,3.14062,235
Thrust#2,4096,64,3.13965,238
Thrust#2,4096,64,3.13281,239
Thrust#2,4096,64,3.08594,236
Thrust#2,4096,64,3.09766,237
Thrust#2,4096,64,3.12012,238
Thrust#2,4096,64,3.11621,241
Thrust#2,4096,64,3.12109,237
Thrust#2,4096,64,3.15527,240
Thrust#2,4096,64,3.09668,242
Thrust#2,4096,64,3.13477,1483
Thrust#2,4096,64,3.18555,303
Thrust#2,4096,64,3.15625,261
Thrust#2,4096,64,3.15234,246
Thrust#2,4096,64,3.1416,246
Thrust#2,4096,64,3.14453,246
Thrust#2,4096,64,3.17188,244
Thrust#2,4096,64,3.1543,236
Thrust#2,4096,128,3.13477,344
Thrust#2,4096,128,3.16992,345
Thrust#2,4096,128,3.12402,342
Thrust#2,4096,128,3.14551,345
Thrust#2,4096,128,3.14453,344
Thrust#2,4096,128,3.17871,344
Thrust#2,4096,128,3.1709,343
Thrust#2,4096,128,3.13477,344
Thrust#2,4096,128,3.14258,344
Thrust#2,4096,128,3.15234,345
Thrust#2,4096,128,3.10645,343
Thrust#2,4096,128,3.125,344
Thrust#2,4096,128,3.12207,342
Thrust#2,4096,128,3.11816,345
Thrust#2,4096,128,3.10742,336
Thrust#2,4096,128,3.12012,334
Thrust#2,4096,128,3.15625,335
Thrust#2,4096,128,3.13086,336
Thrust#2,4096,128,3.13477,337
Thrust#2,4096,128,3.15234,336
Thrust#2,4096,128,3.16406,334
Thrust#2,4096,128,3.16211,336
Thrust#2,4096,128,3.17383,337
Thrust#2,4096,128,3.1875,335
Thrust#2,4096,128,3.11523,335
Thrust#2,4096,128,3.16504,336
Thrust#2,4096,128,3.15039,336
Thrust#2,4096,128,3.16406,342
Thrust#2,4096,128,3.1709,334
Thrust#2,4096,128,3.10645,336
Thrust#2,4096,128,3.12012,345
Thrust#2,4096,128,3.16504,334
Thrust#2,4096,128,3.13281,342
Thrust#2,4096,128,3.17188,335
Thrust#2,4096,128,3.12988,337
Thrust#2,4096,128,3.14648,343
Thrust#2,4096,128,3.18066,335
Thrust#2,4096,128,3.14648,342
Thrust#2,4096,128,3.14941,336
Thrust#2,4096,128,3.14844,334
Thrust#2,4096,128,3.12891,334
Thrust#2,4096,128,3.12402,335
Thrust#2,4096,128,3.10254,336
Thrust#2,4096,128,3.12793,334
Thrust#2,4096,128,3.16016,335
Thrust#2,4096,128,3.13672,342
Thrust#2,4096,128,3.16016,336
Thrust#2,4096,128,3.18066,333
Thrust#2,4096,128,3.2002,333
Thrust#2,4096,128,3.18359,335
Thrust#2,4096,128,3.15918,337
Thrust#2,4096,128,3.13281,335
Thrust#2,4096,128,3.13477,334
Thrust#2,4096,128,3.11816,343
Thrust#2,4096,128,3.08301,335
Thrust#2,4096,128,3.15527,334
Thrust#2,4096,128,3.10352,333
Thrust#2,4096,128,3.18262,336
Thrust#2,4096,128,3.14062,336
Thrust#2,4096,128,3.14941,335
Thrust#2,4096,128,3.14844,334
Thrust#2,4096,128,3.16016,336
Thrust#2,4096,128,3.11328,337
Thrust#2,4096,128,3.13574,335
Thrust#2,4096,128,3.1709,337
Thrust#2,4096,128,3.13379,336
Thrust#2,4096,128,3.14844,336
Thrust#2,4096,128,3.12402,335
Thrust#2,4096,128,3.11914,334
Thrust#2,4096,128,3.18457,336
Thrust#2,4096,128,3.12305,344
Thrust#2,4096,128,3.17773,334
Thrust#2,4096,128,3.12402,334
Thrust#2,4096,128,3.125,343
Thrust#2,4096,128,3.16992,336
Thrust#2,4096,128,3.14551,341
Thrust#2,4096,128,3.14062,342
Thrust#2,4096,128,3.13379,335
Thrust#2,4096,128,3.16699,343
Thrust#2,4096,128,3.16992,334
Thrust#2,4096,128,3.1123,335
Thrust#2,4096,128,3.10645,336
Thrust#2,4096,128,3.19336,337
Thrust#2,4096,128,3.14355,348
Thrust#2,4096,128,3.17676,334
Thrust#2,4096,128,3.10547,334
Thrust#2,4096,128,3.13281,344
Thrust#2,4096,128,3.12988,333
Thrust#2,4096,128,3.15137,348
Thrust#2,4096,128,3.16309,336
Thrust#2,4096,128,3.12695,336
Thrust#2,4096,128,3.16016,335
Thrust#2,4096,128,3.13672,335
Thrust#2,4096,128,3.09082,343
Thrust#2,4096,128,3.17871,335
Thrust#2,4096,128,3.16992,334
Thrust#2,4096,128,3.1416,334
Thrust#2,4096,128,3.10938,335
Thrust#2,4096,128,3.12695,337
Thrust#2,4096,128,3.13867,334
Thrust#2,4096,256,3.13672,548
Thrust#2,4096,256,3.18555,549
Thrust#2,4096,256,3.14648,550
Thrust#2,4096,256,3.12402,567
Thrust#2,4096,256,3.15918,565
Thrust#2,4096,256,3.16602,550
Thrust#2,4096,256,3.1709,550
Thrust#2,4096,256,3.12207,545
Thrust#2,4096,256,3.1748,548
Thrust#2,4096,256,3.17188,549
Thrust#2,4096,256,3.13477,552
Thrust#2,4096,256,3.1543,548
Thrust#2,4096,256,3.13574,548
Thrust#2,4096,256,3.16309,547
Thrust#2,4096,256,3.17578,550
Thrust#2,4096,256,3.11133,547
Thrust#2,4096,256,3.17871,549
Thrust#2,4096,256,3.12891,866
Thrust#2,4096,256,3.16211,550
Thrust#2,4096,256,3.16992,548
Thrust#2,4096,256,3.08203,551
Thrust#2,4096,256,3.1543,548
Thrust#2,4096,256,3.13672,1760
Thrust#2,4096,256,3.12988,599
Thrust#2,4096,256,3.17871,551
Thrust#2,4096,256,3.16406,556
Thrust#2,4096,256,3.13086,564
Thrust#2,4096,256,3.15039,553
Thrust#2,4096,256,3.15527,553
Thrust#2,4096,256,3.1123,557
Thrust#2,4096,256,3.19336,556
Thrust#2,4096,256,3.11523,551
Thrust#2,4096,256,3.13965,553
Thrust#2,4096,256,3.14746,558
Thrust#2,4096,256,3.13672,557
Thrust#2,4096,256,3.16406,569
Thrust#2,4096,256,3.14355,559
Thrust#2,4096,256,3.13672,558
Thrust#2,4096,256,3.16406,557
Thrust#2,4096,256,3.15723,561
Thrust#2,4096,256,3.18848,559
Thrust#2,4096,256,3.13477,559
Thrust#2,4096,256,3.12012,560
Thrust#2,4096,256,3.14453,560
Thrust#2,4096,256,3.14648,558
Thrust#2,4096,256,3.16406,559
Thrust#2,4096,256,3.13574,558
Thrust#2,4096,256,3.12402,562
Thrust#2,4096,256,3.13574,558
Thrust#2,4096,256,3.18457,557
Thrust#2,4096,256,3.17676,559
Thrust#2,4096,256,3.1582,562
Thrust#2,4096,256,3.13965,552
Thrust#2,4096,256,3.10938,549
Thrust#2,4096,256,3.13477,547
Thrust#2,4096,256,3.16895,551
Thrust#2,4096,256,3.14648,548
Thrust#2,4096,256,3.13574,545
Thrust#2,4096,256,3.1875,549
Thrust#2,4096,256,3.14062,552
Thrust#2,4096,256,3.12793,547
Thrust#2,4096,256,3.16797,547
Thrust#2,4096,256,3.1416,548
Thrust#2,4096,256,3.15332,551
Thrust#2,4096,256,3.11133,549
Thrust#2,4096,256,3.15625,558
Thrust#2,4096,256,3.17969,559
Thrust#2,4096,256,3.16699,561
Thrust#2,4096,256,3.12988,559
Thrust#2,4096,256,3.14844,559
Thrust#2,4096,256,3.16797,559
Thrust#2,4096,256,3.12695,562
Thrust#2,4096,256,3.11328,558
Thrust#2,4096,256,3.16406,612
Thrust#2,4096,256,3.15918,564
Thrust#2,4096,256,3.11133,567
Thrust#2,4096,256,3.11914,571
Thrust#2,4096,256,3.14453,555
Thrust#2,4096,256,3.16699,1723
Thrust#2,4096,256,3.10156,590
Thrust#2,4096,256,3.14258,548
Thrust#2,4096,256,3.14062,559
Thrust#2,4096,256,3.13379,554
Thrust#2,4096,256,3.16309,548
Thrust#2,4096,256,3.14941,549
Thrust#2,4096,256,3.11328,566
Thrust#2,4096,256,3.16113,565
Thrust#2,4096,256,3.14941,566
Thrust#2,4096,256,3.16992,568
Thrust#2,4096,256,3.18262,603
Thrust#2,4096,256,3.10156,547
Thrust#2,4096,256,3.09961,546
Thrust#2,4096,256,3.14844,548
Thrust#2,4096,256,3.16309,552
Thrust#2,4096,256,3.18652,547
Thrust#2,4096,256,3.09766,546
Thrust#2,4096,256,3.16309,549
Thrust#2,4096,256,3.13574,552
Thrust#2,4096,256,3.12109,548
Thrust#2,4096,256,3.08984,546
Thrust#2,4096,512,3.15723,965
Thrust#2,4096,512,3.12793,966
Thrust#2,4096,512,3.13379,984
Thrust#2,4096,512,3.1123,963
Thrust#2,4096,512,3.11035,965
Thrust#2,4096,512,3.13184,968
Thrust#2,4096,512,3.15918,958
Thrust#2,4096,512,3.12695,964
Thrust#2,4096,512,3.14453,964
Thrust#2,4096,512,3.12695,979
Thrust#2,4096,512,3.11816,957
Thrust#2,4096,512,3.15137,957
Thrust#2,4096,512,3.08887,957
Thrust#2,4096,512,3.13477,961
Thrust#2,4096,512,3.13672,957
Thrust#2,4096,512,3.10938,958
Thrust#2,4096,512,3.09668,961
Thrust#2,4096,512,3.16113,972
Thrust#2,4096,512,3.16406,963
Thrust#2,4096,512,3.16504,967
Thrust#2,4096,512,3.12305,976
Thrust#2,4096,512,3.19629,2131
Thrust#2,4096,512,3.125,1035
Thrust#2,4096,512,3.15723,1000
Thrust#2,4096,512,3.13086,970
Thrust#2,4096,512,3.09766,984
Thrust#2,4096,512,3.13379,965
Thrust#2,4096,512,3.13672,978
Thrust#2,4096,512,3.11035,962
Thrust#2,4096,512,3.15234,974
Thrust#2,4096,512,3.11816,961
Thrust#2,4096,512,3.11719,979
Thrust#2,4096,512,3.1543,962
Thrust#2,4096,512,3.15332,1483
Thrust#2,4096,512,3.13086,984
Thrust#2,4096,512,3.14551,976
Thrust#2,4096,512,3.1543,973
Thrust#2,4096,512,3.15234,964
Thrust#2,4096,512,3.10449,964
Thrust#2,4096,512,3.16797,966
Thrust#2,4096,512,3.12695,975
Thrust#2,4096,512,3.14648,962
Thrust#2,4096,512,3.15234,976
Thrust#2,4096,512,3.14551,972
Thrust#2,4096,512,3.12402,960
Thrust#2,4096,512,3.14453,959
Thrust#2,4096,512,3.19434,965
Thrust#2,4096,512,3.14844,969
Thrust#2,4096,512,3.14355,967
Thrust#2,4096,512,3.11133,958
Thrust#2,4096,512,3.14844,966
Thrust#2,4096,512,3.13184,976
Thrust#2,4096,512,3.12793,976
Thrust#2,4096,512,3.15527,2164
Thrust#2,4096,512,3.14551,1008
Thrust#2,4096,512,3.12598,982
Thrust#2,4096,512,3.16211,976
Thrust#2,4096,512,3.14648,983
Thrust#2,4096,512,3.16113,966
Thrust#2,4096,512,3.11914,977
Thrust#2,4096,512,3.1543,964
Thrust#2,4096,512,3.1377,966
Thrust#2,4096,512,3.0918,957
Thrust#2,4096,512,3.13184,960
Thrust#2,4096,512,3.1123,960
Thrust#2,4096,512,3.13477,968
Thrust#2,4096,512,3.06152,968
Thrust#2,4096,512,3.12793,962
Thrust#2,4096,512,3.1748,963
Thrust#2,4096,512,3.18555,986
Thrust#2,4096,512,3.1543,976
Thrust#2,4096,512,3.1543,964
Thrust#2,4096,512,3.14746,958
Thrust#2,4096,512,3.16309,974
Thrust#2,4096,512,3.16406,963
Thrust#2,4096,512,3.14746,967
Thrust#2,4096,512,3.14648,969
Thrust#2,4096,512,3.16895,977
Thrust#2,4096,512,3.12988,990
Thrust#2,4096,512,3.09961,970
Thrust#2,4096,512,3.17773,959
Thrust#2,4096,512,3.16895,968
Thrust#2,4096,512,3.09668,957
Thrust#2,4096,512,3.16992,958
Thrust#2,4096,512,3.16992,963
Thrust#2,4096,512,3.13086,965
Thrust#2,4096,512,3.14746,2152
Thrust#2,4096,512,3.15723,1008
Thrust#2,4096,512,3.12305,968
Thrust#2,4096,512,3.13672,967
Thrust#2,4096,512,3.14551,970
Thrust#2,4096,512,3.16406,970
Thrust#2,4096,512,3.12793,966
Thrust#2,4096,512,3.19727,956
Thrust#2,4096,512,3.16309,980
Thrust#2,4096,512,3.11914,981
Thrust#2,4096,512,3.15234,958
Thrust#2,4096,512,3.14453,967
Thrust#2,4096,512,3.14648,970
Thrust#2,4096,512,3.11426,965
Thrust#2,4096,1024,3.09082,1792
Thrust#2,4096,1024,3.14551,1791
Thrust#2,4096,1024,3.13281,1817
Thrust#2,4096,1024,3.15918,1812
Thrust#2,4096,1024,3.11523,1790
Thrust#2,4096,1024,3.16699,1789
Thrust#2,4096,1024,3.12207,1807
Thrust#2,4096,1024,3.13672,1812
Thrust#2,4096,1024,3.11523,1801
Thrust#2,4096,1024,3.14844,1804
Thrust#2,4096,1024,3.12695,2968
Thrust#2,4096,1024,3.14844,1839
Thrust#2,4096,1024,3.14258,1821
Thrust#2,4096,1024,3.12012,1801
Thrust#2,4096,1024,3.16895,1799
Thrust#2,4096,1024,3.14746,1790
Thrust#2,4096,1024,3.16895,1815
Thrust#2,4096,1024,3.17871,1791
Thrust#2,4096,1024,3.13086,1791
Thrust#2,4096,1024,3.13281,1813
Thrust#2,4096,1024,3.15918,1817
Thrust#2,4096,1024,3.17578,1791
Thrust#2,4096,1024,3.1416,1792
Thrust#2,4096,1024,3.09668,1788
Thrust#2,4096,1024,3.14355,1817
Thrust#2,4096,1024,3.1416,1792
Thrust#2,4096,1024,3.11719,1811
Thrust#2,4096,1024,3.13477,1808
Thrust#2,4096,1024,3.14258,1802
Thrust#2,4096,1024,3.16309,1792
Thrust#2,4096,1024,3.14062,1790
Thrust#2,4096,1024,3.1377,1805
Thrust#2,4096,1024,3.14453,1791
Thrust#2,4096,1024,3.16016,1792
Thrust#2,4096,1024,3.12891,1804
Thrust#2,4096,1024,3.18066,1791
Thrust#2,4096,1024,3.11328,1814
Thrust#2,4096,1024,3.12012,3059
Thrust#2,4096,1024,3.15723,1869
Thrust#2,4096,1024,3.1123,1802
Thrust#2,4096,1024,3.16895,1801
Thrust#2,4096,1024,3.14258,1813
Thrust#2,4096,1024,3.16016,1815
Thrust#2,4096,1024,3.13574,1804
Thrust#2,4096,1024,3.13281,1789
Thrust#2,4096,1024,3.14453,1816
Thrust#2,4096,1024,3.14355,1806
Thrust#2,4096,1024,3.17285,1800
Thrust#2,4096,1024,3.14258,1814
Thrust#2,4096,1024,3.11328,1794
Thrust#2,4096,1024,3.21289,1797
Thrust#2,4096,1024,3.09082,1792
Thrust#2,4096,1024,3.12793,1804
Thrust#2,4096,1024,3.1084,1801
Thrust#2,4096,1024,3.0957,1820
Thrust#2,4096,1024,3.19141,2983
Thrust#2,4096,1024,3.13086,1839
Thrust#2,4096,1024,3.18262,1802
Thrust#2,4096,1024,3.12109,1800
Thrust#2,4096,1024,3.14355,1793
Thrust#2,4096,1024,3.14355,1807
Thrust#2,4096,1024,3.12598,1805
Thrust#2,4096,1024,3.13965,1804
Thrust#2,4096,1024,3.12012,1790
Thrust#2,4096,1024,3.15332,1805
Thrust#2,4096,1024,3.12891,1811
Thrust#2,4096,1024,3.15137,1816
Thrust#2,4096,1024,3.11914,1795
Thrust#2,4096,1024,3.14453,1795
Thrust#2,4096,1024,3.15918,1794
Thrust#2,4096,1024,3.15723,1803
Thrust#2,4096,1024,3.13574,1815
Thrust#2,4096,1024,3.14258,2999
Thrust#2,4096,1024,3.1123,1870
Thrust#2,4096,1024,3.16992,1822
Thrust#2,4096,1024,3.15332,1805
Thrust#2,4096,1024,3.11719,1799
Thrust#2,4096,1024,3.12305,1808
Thrust#2,4096,1024,3.15918,1804
Thrust#2,4096,1024,3.13281,1790
Thrust#2,4096,1024,3.1875,1805
Thrust#2,4096,1024,3.11426,1808
Thrust#2,4096,1024,3.19824,1803
Thrust#2,4096,1024,3.14648,1802
Thrust#2,4096,1024,3.14844,1825
Thrust#2,4096,1024,3.18555,1820
Thrust#2,4096,1024,3.15723,1814
Thrust#2,4096,1024,3.13574,1796
Thrust#2,4096,1024,3.14453,1793
Thrust#2,4096,1024,3.09375,1804
Thrust#2,4096,1024,3.18652,3042
Thrust#2,4096,1024,3.10352,1871
Thrust#2,4096,1024,3.18262,1815
Thrust#2,4096,1024,3.16211,1802
Thrust#2,4096,1024,3.12109,1804
Thrust#2,4096,1024,3.12012,1794
Thrust#2,4096,1024,3.13574,1814
Thrust#2,4096,1024,3.14355,1803
Thrust#2,4096,1024,3.15625,1802
Thrust#2,4096,1024,3.16309,1809
Thrust#2,4096,2048,3.16309,3461
Thrust#2,4096,2048,3.16992,3474
Thrust#2,4096,2048,3.15332,3524
Thrust#2,4096,2048,3.15039,3476
Thrust#2,4096,2048,3.12695,4660
Thrust#2,4096,2048,3.15234,3521
Thrust#2,4096,2048,3.11133,3460
Thrust#2,4096,2048,3.14648,3467
Thrust#2,4096,2048,3.11523,3474
Thrust#2,4096,2048,3.16699,3471
Thrust#2,4096,2048,3.11914,3479
Thrust#2,4096,2048,3.13184,3476
Thrust#2,4096,2048,3.16309,3490
Thrust#2,4096,2048,3.10742,3475
Thrust#2,4096,2048,3.09082,3459
Thrust#2,4096,2048,3.14551,3462
Thrust#2,4096,2048,3.11914,3474
Thrust#2,4096,2048,3.12988,3471
Thrust#2,4096,2048,3.12695,4749
Thrust#2,4096,2048,3.12012,3513
Thrust#2,4096,2048,3.11523,3462
Thrust#2,4096,2048,3.14453,3462
Thrust#2,4096,2048,3.10156,3493
Thrust#2,4096,2048,3.08984,3487
Thrust#2,4096,2048,3.14258,3466
Thrust#2,4096,2048,3.16895,3474
Thrust#2,4096,2048,3.10547,3473
Thrust#2,4096,2048,3.16602,3470
Thrust#2,4096,2048,3.14551,4667
Thrust#2,4096,2048,3.09473,3515
Thrust#2,4096,2048,3.1709,3466
Thrust#2,4096,2048,3.12695,3472
Thrust#2,4096,2048,3.18164,3507
Thrust#2,4096,2048,3.10938,3471
Thrust#2,4096,2048,3.13574,3458
Thrust#2,4096,2048,3.1377,3461
Thrust#2,4096,2048,3.14941,3463
Thrust#2,4096,2048,3.10449,4754
Thrust#2,4096,2048,3.14258,3516
Thrust#2,4096,2048,3.13477,3470
Thrust#2,4096,2048,3.14844,3719
Thrust#2,4096,2048,3.10254,3530
Thrust#2,4096,2048,3.13281,3500
Thrust#2,4096,2048,3.11133,3494
Thrust#2,4096,2048,3.12598,3474
Thrust#2,4096,2048,3.15918,4682
Thrust#2,4096,2048,3.17285,3536
Thrust#2,4096,2048,3.14258,3471
Thrust#2,4096,2048,3.13574,3476
Thrust#2,4096,2048,3.11523,3469
Thrust#2,4096,2048,3.15137,3460
Thrust#2,4096,2048,3.14648,3481
Thrust#2,4096,2048,3.13184,3470
Thrust#2,4096,2048,3.11426,3488
Thrust#2,4096,2048,3.14746,3485
Thrust#2,4096,2048,3.1377,4672
Thrust#2,4096,2048,3.16113,3534
Thrust#2,4096,2048,3.16406,3551
Thrust#2,4096,2048,3.15918,3475
Thrust#2,4096,2048,3.15137,3482
Thrust#2,4096,2048,3.2041,3481
Thrust#2,4096,2048,3.13379,3461
Thrust#2,4096,2048,3.16211,3477
Thrust#2,4096,2048,3.15723,3485
Thrust#2,4096,2048,3.16309,3464
Thrust#2,4096,2048,3.17188,3480
Thrust#2,4096,2048,3.15332,3477
Thrust#2,4096,2048,3.14551,3467
Thrust#2,4096,2048,3.16602,3469
Thrust#2,4096,2048,3.13672,4718
Thrust#2,4096,2048,3.12793,3519
Thrust#2,4096,2048,3.16113,3475
Thrust#2,4096,2048,3.14551,3507
Thrust#2,4096,2048,3.12207,3491
Thrust#2,4096,2048,3.15625,3471
Thrust#2,4096,2048,3.15527,3477
Thrust#2,4096,2048,3.1582,3474
Thrust#2,4096,2048,3.1748,3482
Thrust#2,4096,2048,3.12402,4732
Thrust#2,4096,2048,3.14453,3504
Thrust#2,4096,2048,3.15332,3466
Thrust#2,4096,2048,3.1416,3474
Thrust#2,4096,2048,3.14746,3469
Thrust#2,4096,2048,3.13184,3514
Thrust#2,4096,2048,3.13281,3483
Thrust#2,4096,2048,3.1123,3467
Thrust#2,4096,2048,3.18262,3494
Thrust#2,4096,2048,3.11133,3464
Thrust#2,4096,2048,3.18164,4707
Thrust#2,4096,2048,3.12207,3511
Thrust#2,4096,2048,3.1543,3465
Thrust#2,4096,2048,3.12598,3464
Thrust#2,4096,2048,3.125,3484
Thrust#2,4096,2048,3.11426,3503
Thrust#2,4096,2048,3.11523,3485
Thrust#2,4096,2048,3.16797,3465
Thrust#2,4096,2048,3.15723,3471
Thrust#2,4096,2048,3.12695,4632
Thrust#2,4096,2048,3.14844,3509
Thrust#2,4096,2048,3.18457,3461
Thrust#2,4096,4096,3.13574,6793
Thrust#2,4096,4096,3.1416,6839
Thrust#2,4096,4096,3.13379,6818
Thrust#2,4096,4096,3.1416,7981
Thrust#2,4096,4096,3.11523,6848
Thrust#2,4096,4096,3.18359,6802
Thrust#2,4096,4096,3.12109,6812
Thrust#2,4096,4096,3.12891,6831
Thrust#2,4096,4096,3.1543,6835
Thrust#2,4096,4096,3.12598,6802
Thrust#2,4096,4096,3.1377,8043
Thrust#2,4096,4096,3.19531,6831
Thrust#2,4096,4096,3.12793,6831
Thrust#2,4096,4096,3.12793,6810
Thrust#2,4096,4096,3.13281,6804
Thrust#2,4096,4096,3.16406,8013
Thrust#2,4096,4096,3.11426,6842
Thrust#2,4096,4096,3.13867,6829
Thrust#2,4096,4096,3.13086,6807
Thrust#2,4096,4096,3.09277,6786
Thrust#2,4096,4096,3.13574,7988
Thrust#2,4096,4096,3.10156,6846
Thrust#2,4096,4096,3.1582,6803
Thrust#2,4096,4096,3.12891,6832
Thrust#2,4096,4096,3.14941,8058
Thrust#2,4096,4096,3.12305,6870
Thrust#2,4096,4096,3.14551,6806
Thrust#2,4096,4096,3.2002,6804
Thrust#2,4096,4096,3.16406,6828
Thrust#2,4096,4096,3.12012,6814
Thrust#2,4096,4096,3.16406,6805
Thrust#2,4096,4096,3.12109,6802
Thrust#2,4096,4096,3.12988,8062
Thrust#2,4096,4096,3.11816,6847
Thrust#2,4096,4096,3.16016,6843
Thrust#2,4096,4096,3.12012,6832
Thrust#2,4096,4096,3.1543,8005
Thrust#2,4096,4096,3.11719,6837
Thrust#2,4096,4096,3.13184,6803
Thrust#2,4096,4096,3.15137,6832
Thrust#2,4096,4096,3.11035,6811
Thrust#2,4096,4096,3.11816,8052
Thrust#2,4096,4096,3.11035,6837
Thrust#2,4096,4096,3.14258,6801
Thrust#2,4096,4096,3.13965,6823
Thrust#2,4096,4096,3.1377,6814
Thrust#2,4096,4096,3.13184,6804
Thrust#2,4096,4096,3.20215,6803
Thrust#2,4096,4096,3.14844,7993
Thrust#2,4096,4096,3.16895,6846
Thrust#2,4096,4096,3.14648,6838
Thrust#2,4096,4096,3.12207,6823
Thrust#2,4096,4096,3.12695,6790
Thrust#2,4096,4096,3.11914,8011
Thrust#2,4096,4096,3.1748,6845
Thrust#2,4096,4096,3.12598,6823
Thrust#2,4096,4096,3.10645,6809
Thrust#2,4096,4096,3.15918,6807
Thrust#2,4096,4096,3.16016,7973
Thrust#2,4096,4096,3.15039,6844
Thrust#2,4096,4096,3.14551,6824
Thrust#2,4096,4096,3.1416,6809
Thrust#2,4096,4096,3.16309,8077
Thrust#2,4096,4096,3.18164,6853
Thrust#2,4096,4096,3.15039,6803
Thrust#2,4096,4096,3.14746,6801
Thrust#2,4096,4096,3.13574,6840
Thrust#2,4096,4096,3.10547,6818
Thrust#2,4096,4096,3.18359,6817
Thrust#2,4096,4096,3.16406,6792
Thrust#2,4096,4096,3.16699,8002
Thrust#2,4096,4096,3.16504,6888
Thrust#2,4096,4096,3.12891,6824
Thrust#2,4096,4096,3.16797,6812
Thrust#2,4096,4096,3.18262,8049
Thrust#2,4096,4096,3.14453,6856
Thrust#2,4096,4096,3.08691,6839
Thrust#2,4096,4096,3.13965,6817
Thrust#2,4096,4096,3.09473,6807
Thrust#2,4096,4096,3.16602,7986
Thrust#2,4096,4096,3.22754,6835
Thrust#2,4096,4096,3.14844,6800
Thrust#2,4096,4096,3.16309,6836
Thrust#2,4096,4096,3.12109,6823
Thrust#2,4096,4096,3.16016,7973
Thrust#2,4096,4096,3.14746,6844
Thrust#2,4096,4096,3.09473,6808
Thrust#2,4096,4096,3.16797,6827
Thrust#2,4096,4096,3.20215,6811
Thrust#2,4096,4096,3.0957,6803
Thrust#2,4096,4096,3.15039,6802
Thrust#2,4096,4096,3.15918,7986
Thrust#2,4096,4096,3.16699,6874
Thrust#2,4096,4096,3.07324,6802
Thrust#2,4096,4096,3.19141,6783
Thrust#2,4096,4096,3.14258,8045
Thrust#2,4096,4096,3.16406,6854
Thrust#2,4096,4096,3.1084,6803
Thrust#2,4096,4096,3.15723,6837
Thrust#2,4096,4096,3.08496,6813
Thrust#2,8192,1,3.14941,1444
Thrust#2,8192,1,3.16113,316
Thrust#2,8192,1,3.14502,282
Thrust#2,8192,1,3.15869,277
Thrust#2,8192,1,3.09668,284
Thrust#2,8192,1,3.13623,270
Thrust#2,8192,1,3.13184,269
Thrust#2,8192,1,3.14893,274
Thrust#2,8192,1,3.15186,266
Thrust#2,8192,1,3.1543,270
Thrust#2,8192,1,3.14648,269
Thrust#2,8192,1,3.13623,274
Thrust#2,8192,1,3.17871,266
Thrust#2,8192,1,3.11914,263
Thrust#2,8192,1,3.1499,263
Thrust#2,8192,1,3.14014,267
Thrust#2,8192,1,3.146,263
Thrust#2,8192,1,3.10693,263
Thrust#2,8192,1,3.146,264
Thrust#2,8192,1,3.16211,265
Thrust#2,8192,1,3.13623,263
Thrust#2,8192,1,3.17139,264
Thrust#2,8192,1,3.14209,262
Thrust#2,8192,1,3.1377,265
Thrust#2,8192,1,3.16602,263
Thrust#2,8192,1,3.15576,262
Thrust#2,8192,1,3.13965,261
Thrust#2,8192,1,3.12598,265
Thrust#2,8192,1,3.16113,264
Thrust#2,8192,1,3.13574,263
Thrust#2,8192,1,3.16309,263
Thrust#2,8192,1,3.14502,266
Thrust#2,8192,1,3.1123,263
Thrust#2,8192,1,3.12646,262
Thrust#2,8192,1,3.1377,262
Thrust#2,8192,1,3.15332,265
Thrust#2,8192,1,3.09668,263
Thrust#2,8192,1,3.1416,263
Thrust#2,8192,1,3.14355,261
Thrust#2,8192,1,3.15088,266
Thrust#2,8192,1,3.14502,263
Thrust#2,8192,1,3.1333,262
Thrust#2,8192,1,3.16211,263
Thrust#2,8192,1,3.14209,265
Thrust#2,8192,1,3.13721,263
Thrust#2,8192,1,3.14307,263
Thrust#2,8192,1,3.12988,263
Thrust#2,8192,1,3.13281,264
Thrust#2,8192,1,3.13672,265
Thrust#2,8192,1,3.14648,263
Thrust#2,8192,1,3.13672,262
Thrust#2,8192,1,3.15625,267
Thrust#2,8192,1,3.12305,262
Thrust#2,8192,1,3.14062,264
Thrust#2,8192,1,3.15234,263
Thrust#2,8192,1,3.10693,265
Thrust#2,8192,1,3.1416,262
Thrust#2,8192,1,3.13281,264
Thrust#2,8192,1,3.1626,262
Thrust#2,8192,1,3.16455,265
Thrust#2,8192,1,3.19189,264
Thrust#2,8192,1,3.15381,262
Thrust#2,8192,1,3.17529,278
Thrust#2,8192,1,3.14502,267
Thrust#2,8192,1,3.13184,262
Thrust#2,8192,1,3.146,263
Thrust#2,8192,1,3.09619,263
Thrust#2,8192,1,3.11523,266
Thrust#2,8192,1,3.16699,264
Thrust#2,8192,1,3.13574,262
Thrust#2,8192,1,3.16895,263
Thrust#2,8192,1,3.13428,266
Thrust#2,8192,1,3.1084,266
Thrust#2,8192,1,3.1665,264
Thrust#2,8192,1,3.10791,262
Thrust#2,8192,1,3.13867,271
Thrust#2,8192,1,3.16162,264
Thrust#2,8192,1,3.125,265
Thrust#2,8192,1,3.13037,263
Thrust#2,8192,1,3.17383,268
Thrust#2,8192,1,3.14111,263
Thrust#2,8192,1,3.17822,264
Thrust#2,8192,1,3.1499,263
Thrust#2,8192,1,3.14795,268
Thrust#2,8192,1,3.13086,263
Thrust#2,8192,1,3.15039,265
Thrust#2,8192,1,3.12012,262
Thrust#2,8192,1,3.12744,266
Thrust#2,8192,1,3.16211,262
Thrust#2,8192,1,3.10449,263
Thrust#2,8192,1,3.14893,262
Thrust#2,8192,1,3.14209,265
Thrust#2,8192,1,3.1499,263
Thrust#2,8192,1,3.1499,263
Thrust#2,8192,1,3.15771,267
Thrust#2,8192,1,3.13721,271
Thrust#2,8192,1,3.12695,264
Thrust#2,8192,1,3.14551,262
Thrust#2,8192,1,3.12695,263
Thrust#2,8192,1,3.14209,267
Thrust#2,8192,2,3.14453,205
Thrust#2,8192,2,3.15869,204
Thrust#2,8192,2,3.11914,290
Thrust#2,8192,2,3.14551,1478
Thrust#2,8192,2,3.16846,270
Thrust#2,8192,2,3.13965,235
Thrust#2,8192,2,3.12939,218
Thrust#2,8192,2,3.09863,213
Thrust#2,8192,2,3.17725,212
Thrust#2,8192,2,3.12061,206
Thrust#2,8192,2,3.12305,201
Thrust#2,8192,2,3.16602,204
Thrust#2,8192,2,3.11621,213
Thrust#2,8192,2,3.15234,215
Thrust#2,8192,2,3.13965,211
Thrust#2,8192,2,3.12402,212
Thrust#2,8192,2,3.17676,212
Thrust#2,8192,2,3.12451,214
Thrust#2,8192,2,3.14502,210
Thrust#2,8192,2,3.13525,212
Thrust#2,8192,2,3.13477,213
Thrust#2,8192,2,3.17139,205
Thrust#2,8192,2,3.12598,211
Thrust#2,8192,2,3.15039,212
Thrust#2,8192,2,3.16602,204
Thrust#2,8192,2,3.15332,204
Thrust#2,8192,2,3.1665,221
Thrust#2,8192,2,3.1416,213
Thrust#2,8192,2,3.1665,203
Thrust#2,8192,2,3.15039,207
Thrust#2,8192,2,3.14844,211
Thrust#2,8192,2,3.12988,212
Thrust#2,8192,2,3.10742,212
Thrust#2,8192,2,3.14746,214
Thrust#2,8192,2,3.1626,211
Thrust#2,8192,2,3.11865,204
Thrust#2,8192,2,3.14014,206
Thrust#2,8192,2,3.13623,206
Thrust#2,8192,2,3.14111,205
Thrust#2,8192,2,3.13379,206
Thrust#2,8192,2,3.13867,205
Thrust#2,8192,2,3.13525,208
Thrust#2,8192,2,3.14111,209
Thrust#2,8192,2,3.1665,205
Thrust#2,8192,2,3.15771,205
Thrust#2,8192,2,3.13086,208
Thrust#2,8192,2,3.15576,204
Thrust#2,8192,2,3.15771,208
Thrust#2,8192,2,3.12988,204
Thrust#2,8192,2,3.13672,209
Thrust#2,8192,2,3.14209,206
Thrust#2,8192,2,3.1499,205
Thrust#2,8192,2,3.14795,206
Thrust#2,8192,2,3.11426,208
Thrust#2,8192,2,3.14111,207
Thrust#2,8192,2,3.13525,203
Thrust#2,8192,2,3.14551,205
Thrust#2,8192,2,3.12988,206
Thrust#2,8192,2,3.14893,205
Thrust#2,8192,2,3.14453,205
Thrust#2,8192,2,3.11426,208
Thrust#2,8192,2,3.16016,208
Thrust#2,8192,2,3.12305,206
Thrust#2,8192,2,3.14355,210
Thrust#2,8192,2,3.16016,204
Thrust#2,8192,2,3.14209,208
Thrust#2,8192,2,3.14941,208
Thrust#2,8192,2,3.15967,205
Thrust#2,8192,2,3.17383,205
Thrust#2,8192,2,3.16504,208
Thrust#2,8192,2,3.17285,206
Thrust#2,8192,2,3.13281,206
Thrust#2,8192,2,3.1167,204
Thrust#2,8192,2,3.14307,210
Thrust#2,8192,2,3.14795,206
Thrust#2,8192,2,3.14844,204
Thrust#2,8192,2,3.14258,205
Thrust#2,8192,2,3.13379,200
Thrust#2,8192,2,3.14844,206
Thrust#2,8192,2,3.12256,204
Thrust#2,8192,2,3.09766,204
Thrust#2,8192,2,3.10693,209
Thrust#2,8192,2,3.13867,205
Thrust#2,8192,2,3.14502,206
Thrust#2,8192,2,3.16553,210
Thrust#2,8192,2,3.13184,207
Thrust#2,8192,2,3.11865,206
Thrust#2,8192,2,3.11572,206
Thrust#2,8192,2,3.13574,205
Thrust#2,8192,2,3.16455,208
Thrust#2,8192,2,3.13135,206
Thrust#2,8192,2,3.14258,204
Thrust#2,8192,2,3.13086,208
Thrust#2,8192,2,3.146,200
Thrust#2,8192,2,3.14062,207
Thrust#2,8192,2,3.125,205
Thrust#2,8192,2,3.15039,208
Thrust#2,8192,2,3.09814,208
Thrust#2,8192,2,3.11523,205
Thrust#2,8192,2,3.10938,204
Thrust#2,8192,4,3.12891,186
Thrust#2,8192,4,3.14355,194
Thrust#2,8192,4,3.12744,189
Thrust#2,8192,4,3.1499,190
Thrust#2,8192,4,3.14648,191
Thrust#2,8192,4,3.13428,183
Thrust#2,8192,4,3.14648,189
Thrust#2,8192,4,3.11279,189
Thrust#2,8192,4,3.11719,180
Thrust#2,8192,4,3.14355,191
Thrust#2,8192,4,3.11621,181
Thrust#2,8192,4,3.13135,182
Thrust#2,8192,4,3.12354,190
Thrust#2,8192,4,3.13672,194
Thrust#2,8192,4,3.14648,181
Thrust#2,8192,4,3.15869,182
Thrust#2,8192,4,3.12793,188
Thrust#2,8192,4,3.14941,192
Thrust#2,8192,4,3.13623,192
Thrust#2,8192,4,3.16846,181
Thrust#2,8192,4,3.13037,190
Thrust#2,8192,4,3.1377,192
Thrust#2,8192,4,3.14697,181
Thrust#2,8192,4,3.12793,190
Thrust#2,8192,4,3.14014,189
Thrust#2,8192,4,3.13086,191
Thrust#2,8192,4,3.14404,181
Thrust#2,8192,4,3.12451,189
Thrust#2,8192,4,3.11572,179
Thrust#2,8192,4,3.14941,185
Thrust#2,8192,4,3.14307,187
Thrust#2,8192,4,3.11963,189
Thrust#2,8192,4,3.14062,189
Thrust#2,8192,4,3.15869,192
Thrust#2,8192,4,3.15723,181
Thrust#2,8192,4,3.16113,181
Thrust#2,8192,4,3.15039,189
Thrust#2,8192,4,3.13525,183
Thrust#2,8192,4,3.15039,187
Thrust#2,8192,4,3.16553,181
Thrust#2,8192,4,3.14258,181
Thrust#2,8192,4,3.14502,192
Thrust#2,8192,4,3.14551,189
Thrust#2,8192,4,3.13672,182
Thrust#2,8192,4,3.11719,188
Thrust#2,8192,4,3.13037,184
Thrust#2,8192,4,3.14893,181
Thrust#2,8192,4,3.15967,189
Thrust#2,8192,4,3.16406,180
Thrust#2,8192,4,3.1377,184
Thrust#2,8192,4,3.15869,180
Thrust#2,8192,4,3.15381,187
Thrust#2,8192,4,3.15723,179
Thrust#2,8192,4,3.16162,195
Thrust#2,8192,4,3.10986,182
Thrust#2,8192,4,3.13916,180
Thrust#2,8192,4,3.14844,189
Thrust#2,8192,4,3.13965,183
Thrust#2,8192,4,3.12109,182
Thrust#2,8192,4,3.16699,190
Thrust#2,8192,4,3.16992,182
Thrust#2,8192,4,3.15771,196
Thrust#2,8192,4,3.1333,188
Thrust#2,8192,4,3.18896,180
Thrust#2,8192,4,3.15137,188
Thrust#2,8192,4,3.15186,181
Thrust#2,8192,4,3.15381,181
Thrust#2,8192,4,3.14697,181
Thrust#2,8192,4,3.17139,188
Thrust#2,8192,4,3.14453,191
Thrust#2,8192,4,3.11865,439
Thrust#2,8192,4,3.14404,189
Thrust#2,8192,4,3.14844,190
Thrust#2,8192,4,3.11328,192
Thrust#2,8192,4,3.14795,188
Thrust#2,8192,4,3.14795,188
Thrust#2,8192,4,3.16162,189
Thrust#2,8192,4,3.13135,184
Thrust#2,8192,4,3.14453,188
Thrust#2,8192,4,3.1499,189
Thrust#2,8192,4,3.1709,188
Thrust#2,8192,4,3.12109,184
Thrust#2,8192,4,3.13623,178
Thrust#2,8192,4,3.14795,187
Thrust#2,8192,4,3.11816,180
Thrust#2,8192,4,3.11182,183
Thrust#2,8192,4,3.10986,188
Thrust#2,8192,4,3.14062,180
Thrust#2,8192,4,3.15918,189
Thrust#2,8192,4,3.12939,184
Thrust#2,8192,4,3.14453,180
Thrust#2,8192,4,3.13525,181
Thrust#2,8192,4,3.16455,180
Thrust#2,8192,4,3.13428,192
Thrust#2,8192,4,3.14014,189
Thrust#2,8192,4,3.1499,181
Thrust#2,8192,4,3.13379,189
Thrust#2,8192,4,3.11768,184
Thrust#2,8192,4,3.14014,181
Thrust#2,8192,4,3.15771,189
Thrust#2,8192,8,3.14258,179
Thrust#2,8192,8,3.13428,182
Thrust#2,8192,8,3.14795,180
Thrust#2,8192,8,3.15088,180
Thrust#2,8192,8,3.11328,178
Thrust#2,8192,8,3.11572,182
Thrust#2,8192,8,3.15576,179
Thrust#2,8192,8,3.14502,179
Thrust#2,8192,8,3.12549,178
Thrust#2,8192,8,3.13623,182
Thrust#2,8192,8,3.12158,179
Thrust#2,8192,8,3.13477,181
Thrust#2,8192,8,3.16309,179
Thrust#2,8192,8,3.16602,182
Thrust#2,8192,8,3.14258,179
Thrust#2,8192,8,3.14062,179
Thrust#2,8192,8,3.12451,179
Thrust#2,8192,8,3.10059,182
Thrust#2,8192,8,3.16797,179
Thrust#2,8192,8,3.13818,179
Thrust#2,8192,8,3.15723,179
Thrust#2,8192,8,3.15088,183
Thrust#2,8192,8,3.16357,179
Thrust#2,8192,8,3.16553,180
Thrust#2,8192,8,3.11963,180
Thrust#2,8192,8,3.12646,183
Thrust#2,8192,8,3.14893,180
Thrust#2,8192,8,3.16406,179
Thrust#2,8192,8,3.14111,180
Thrust#2,8192,8,3.13525,182
Thrust#2,8192,8,3.12598,179
Thrust#2,8192,8,3.13965,180
Thrust#2,8192,8,3.12646,179
Thrust#2,8192,8,3.15723,183
Thrust#2,8192,8,3.12695,180
Thrust#2,8192,8,3.11475,179
Thrust#2,8192,8,3.146,179
Thrust#2,8192,8,3.13281,183
Thrust#2,8192,8,3.13135,178
Thrust#2,8192,8,3.12402,181
Thrust#2,8192,8,3.1377,180
Thrust#2,8192,8,3.14111,182
Thrust#2,8192,8,3.13574,179
Thrust#2,8192,8,3.104,179
Thrust#2,8192,8,3.17236,188
Thrust#2,8192,8,3.12012,182
Thrust#2,8192,8,3.13672,179
Thrust#2,8192,8,3.1665,178
Thrust#2,8192,8,3.12744,178
Thrust#2,8192,8,3.11035,183
Thrust#2,8192,8,3.10742,179
Thrust#2,8192,8,3.15234,185
Thrust#2,8192,8,3.15137,216
Thrust#2,8192,8,3.15527,1406
Thrust#2,8192,8,3.12207,227
Thrust#2,8192,8,3.14355,186
Thrust#2,8192,8,3.15918,188
Thrust#2,8192,8,3.13965,180
Thrust#2,8192,8,3.11377,181
Thrust#2,8192,8,3.12988,179
Thrust#2,8192,8,3.13379,191
Thrust#2,8192,8,3.12158,186
Thrust#2,8192,8,3.146,181
Thrust#2,8192,8,3.14209,179
Thrust#2,8192,8,3.16016,188
Thrust#2,8192,8,3.13037,180
Thrust#2,8192,8,3.1333,181
Thrust#2,8192,8,3.16064,186
Thrust#2,8192,8,3.12744,181
Thrust#2,8192,8,3.1665,179
Thrust#2,8192,8,3.13135,181
Thrust#2,8192,8,3.14795,177
Thrust#2,8192,8,3.12939,180
Thrust#2,8192,8,3.11475,180
Thrust#2,8192,8,3.13672,181
Thrust#2,8192,8,3.13086,177
Thrust#2,8192,8,3.13867,190
Thrust#2,8192,8,3.13281,178
Thrust#2,8192,8,3.16016,181
Thrust#2,8192,8,3.12939,178
Thrust#2,8192,8,3.18701,180
Thrust#2,8192,8,3.12158,179
Thrust#2,8192,8,3.15674,181
Thrust#2,8192,8,3.14795,181
Thrust#2,8192,8,3.16309,180
Thrust#2,8192,8,3.13135,178
Thrust#2,8192,8,3.1167,180
Thrust#2,8192,8,3.13867,180
Thrust#2,8192,8,3.13721,178
Thrust#2,8192,8,3.13086,180
Thrust#2,8192,8,3.15723,180
Thrust#2,8192,8,3.16455,181
Thrust#2,8192,8,3.15381,179
Thrust#2,8192,8,3.12744,180
Thrust#2,8192,8,3.16553,181
Thrust#2,8192,8,3.14502,182
Thrust#2,8192,8,3.12988,179
Thrust#2,8192,8,3.12646,179
Thrust#2,8192,8,3.13965,181
Thrust#2,8192,8,3.14307,181
Thrust#2,8192,16,3.12598,171
Thrust#2,8192,16,3.13379,171
Thrust#2,8192,16,3.12939,172
Thrust#2,8192,16,3.14844,172
Thrust#2,8192,16,3.10547,170
Thrust#2,8192,16,3.15625,170
Thrust#2,8192,16,3.16211,174
Thrust#2,8192,16,3.14551,173
Thrust#2,8192,16,3.1167,170
Thrust#2,8192,16,3.14307,171
Thrust#2,8192,16,3.1582,172
Thrust#2,8192,16,3.17236,174
Thrust#2,8192,16,3.12549,171
Thrust#2,8192,16,3.14453,170
Thrust#2,8192,16,3.1333,173
Thrust#2,8192,16,3.14551,171
Thrust#2,8192,16,3.13672,170
Thrust#2,8192,16,3.13135,170
Thrust#2,8192,16,3.12061,173
Thrust#2,8192,16,3.15039,172
Thrust#2,8192,16,3.15527,170
Thrust#2,8192,16,3.14746,179
Thrust#2,8192,16,3.16064,174
Thrust#2,8192,16,3.14111,172
Thrust#2,8192,16,3.16406,204
Thrust#2,8192,16,3.14697,171
Thrust#2,8192,16,3.1582,170
Thrust#2,8192,16,3.13818,172
Thrust#2,8192,16,3.12158,172
Thrust#2,8192,16,3.13281,171
Thrust#2,8192,16,3.15137,173
Thrust#2,8192,16,3.1167,174
Thrust#2,8192,16,3.12988,170
Thrust#2,8192,16,3.15039,170
Thrust#2,8192,16,3.16846,172
Thrust#2,8192,16,3.16113,172
Thrust#2,8192,16,3.17188,170
Thrust#2,8192,16,3.11035,184
Thrust#2,8192,16,3.14209,172
Thrust#2,8192,16,3.13037,173
Thrust#2,8192,16,3.10547,172
Thrust#2,8192,16,3.12939,172
Thrust#2,8192,16,3.1416,173
Thrust#2,8192,16,3.14111,176
Thrust#2,8192,16,3.13086,172
Thrust#2,8192,16,3.15527,170
Thrust#2,8192,16,3.14844,171
Thrust#2,8192,16,3.16016,172
Thrust#2,8192,16,3.15381,171
Thrust#2,8192,16,3.16211,171
Thrust#2,8192,16,3.13916,172
Thrust#2,8192,16,3.11719,172
Thrust#2,8192,16,3.15479,170
Thrust#2,8192,16,3.15576,171
Thrust#2,8192,16,3.14844,172
Thrust#2,8192,16,3.13721,171
Thrust#2,8192,16,3.14893,170
Thrust#2,8192,16,3.15332,168
Thrust#2,8192,16,3.12061,172
Thrust#2,8192,16,3.14941,174
Thrust#2,8192,16,3.15039,173
Thrust#2,8192,16,3.15137,173
Thrust#2,8192,16,3.1543,175
Thrust#2,8192,16,3.13721,172
Thrust#2,8192,16,3.11865,173
Thrust#2,8192,16,3.14941,172
Thrust#2,8192,16,3.14209,172
Thrust#2,8192,16,3.14355,173
Thrust#2,8192,16,3.13867,172
Thrust#2,8192,16,3.11768,170
Thrust#2,8192,16,3.17139,173
Thrust#2,8192,16,3.13184,173
Thrust#2,8192,16,3.14307,168
Thrust#2,8192,16,3.14844,169
Thrust#2,8192,16,3.14795,172
Thrust#2,8192,16,3.14404,174
Thrust#2,8192,16,3.13428,169
Thrust#2,8192,16,3.12061,171
Thrust#2,8192,16,3.15723,175
Thrust#2,8192,16,3.14062,174
Thrust#2,8192,16,3.15674,171
Thrust#2,8192,16,3.11621,172
Thrust#2,8192,16,3.12939,172
Thrust#2,8192,16,3.15674,171
Thrust#2,8192,16,3.14551,172
Thrust#2,8192,16,3.13086,170
Thrust#2,8192,16,3.10596,172
Thrust#2,8192,16,3.13184,172
Thrust#2,8192,16,3.11963,170
Thrust#2,8192,16,3.146,172
Thrust#2,8192,16,3.10645,172
Thrust#2,8192,16,3.15576,172
Thrust#2,8192,16,3.15576,172
Thrust#2,8192,16,3.18018,171
Thrust#2,8192,16,3.13135,172
Thrust#2,8192,16,3.14941,172
Thrust#2,8192,16,3.08008,171
Thrust#2,8192,16,3.12256,172
Thrust#2,8192,16,3.16357,174
Thrust#2,8192,16,3.14307,172
Thrust#2,8192,32,3.14111,186
Thrust#2,8192,32,3.14062,187
Thrust#2,8192,32,3.13477,189
Thrust#2,8192,32,3.15625,191
Thrust#2,8192,32,3.11719,187
Thrust#2,8192,32,3.1416,189
Thrust#2,8192,32,3.14844,189
Thrust#2,8192,32,3.12158,189
Thrust#2,8192,32,3.14746,187
Thrust#2,8192,32,3.16211,189
Thrust#2,8192,32,3.16748,188
Thrust#2,8192,32,3.12451,188
Thrust#2,8192,32,3.16357,186
Thrust#2,8192,32,3.13818,188
Thrust#2,8192,32,3.15088,189
Thrust#2,8192,32,3.16016,193
Thrust#2,8192,32,3.125,187
Thrust#2,8192,32,3.14648,187
Thrust#2,8192,32,3.12793,189
Thrust#2,8192,32,3.14502,191
Thrust#2,8192,32,3.11426,196
Thrust#2,8192,32,3.16406,233
Thrust#2,8192,32,3.14502,1195
Thrust#2,8192,32,3.15039,270
Thrust#2,8192,32,3.11768,245
Thrust#2,8192,32,3.146,209
Thrust#2,8192,32,3.16602,194
Thrust#2,8192,32,3.11719,187
Thrust#2,8192,32,3.12695,200
Thrust#2,8192,32,3.14111,191
Thrust#2,8192,32,3.10742,189
Thrust#2,8192,32,3.14551,188
Thrust#2,8192,32,3.15967,200
Thrust#2,8192,32,3.12207,192
Thrust#2,8192,32,3.1333,196
Thrust#2,8192,32,3.13037,188
Thrust#2,8192,32,3.15039,199
Thrust#2,8192,32,3.125,191
Thrust#2,8192,32,3.13916,189
Thrust#2,8192,32,3.12549,188
Thrust#2,8192,32,3.11523,199
Thrust#2,8192,32,3.125,192
Thrust#2,8192,32,3.17041,196
Thrust#2,8192,32,3.1499,189
Thrust#2,8192,32,3.12939,200
Thrust#2,8192,32,3.12012,194
Thrust#2,8192,32,3.15186,195
Thrust#2,8192,32,3.13086,188
Thrust#2,8192,32,3.15088,199
Thrust#2,8192,32,3.11084,192
Thrust#2,8192,32,3.13086,196
Thrust#2,8192,32,3.11572,188
Thrust#2,8192,32,3.15479,199
Thrust#2,8192,32,3.13916,194
Thrust#2,8192,32,3.15186,187
Thrust#2,8192,32,3.15283,186
Thrust#2,8192,32,3.14746,191
Thrust#2,8192,32,3.11182,187
Thrust#2,8192,32,3.15186,187
Thrust#2,8192,32,3.15527,188
Thrust#2,8192,32,3.12744,191
Thrust#2,8192,32,3.11475,187
Thrust#2,8192,32,3.1377,187
Thrust#2,8192,32,3.12598,187
Thrust#2,8192,32,3.11963,190
Thrust#2,8192,32,3.15674,188
Thrust#2,8192,32,3.14697,187
Thrust#2,8192,32,3.17285,187
Thrust#2,8192,32,3.15967,189
Thrust#2,8192,32,3.13721,188
Thrust#2,8192,32,3.13818,187
Thrust#2,8192,32,3.15967,186
Thrust#2,8192,32,3.15332,191
Thrust#2,8192,32,3.14209,187
Thrust#2,8192,32,3.12451,187
Thrust#2,8192,32,3.13379,187
Thrust#2,8192,32,3.14062,191
Thrust#2,8192,32,3.10986,188
Thrust#2,8192,32,3.09912,247
Thrust#2,8192,32,3.14355,189
Thrust#2,8192,32,3.15234,191
Thrust#2,8192,32,3.13477,187
Thrust#2,8192,32,3.16699,186
Thrust#2,8192,32,3.12744,187
Thrust#2,8192,32,3.12451,190
Thrust#2,8192,32,3.15234,187
Thrust#2,8192,32,3.13818,185
Thrust#2,8192,32,3.16016,188
Thrust#2,8192,32,3.12598,190
Thrust#2,8192,32,3.13672,187
Thrust#2,8192,32,3.11133,185
Thrust#2,8192,32,3.15186,188
Thrust#2,8192,32,3.12891,190
Thrust#2,8192,32,3.14404,187
Thrust#2,8192,32,3.15234,186
Thrust#2,8192,32,3.15527,187
Thrust#2,8192,32,3.12549,191
Thrust#2,8192,32,3.12939,187
Thrust#2,8192,32,3.12109,186
Thrust#2,8192,32,3.11572,187
Thrust#2,8192,64,3.12988,239
Thrust#2,8192,64,3.16406,236
Thrust#2,8192,64,3.1748,237
Thrust#2,8192,64,3.15332,235
Thrust#2,8192,64,3.15039,239
Thrust#2,8192,64,3.16455,235
Thrust#2,8192,64,3.20264,235
Thrust#2,8192,64,3.16553,236
Thrust#2,8192,64,3.15381,243
Thrust#2,8192,64,3.12842,237
Thrust#2,8192,64,3.1543,238
Thrust#2,8192,64,3.15137,236
Thrust#2,8192,64,3.13818,240
Thrust#2,8192,64,3.11328,237
Thrust#2,8192,64,3.15283,238
Thrust#2,8192,64,3.14062,237
Thrust#2,8192,64,3.13525,241
Thrust#2,8192,64,3.14551,236
Thrust#2,8192,64,3.09668,235
Thrust#2,8192,64,3.16064,237
Thrust#2,8192,64,3.1377,244
Thrust#2,8192,64,3.11768,241
Thrust#2,8192,64,3.1377,237
Thrust#2,8192,64,3.14844,237
Thrust#2,8192,64,3.14697,241
Thrust#2,8192,64,3.14893,236
Thrust#2,8192,64,3.16016,235
Thrust#2,8192,64,3.14111,236
Thrust#2,8192,64,3.13574,241
Thrust#2,8192,64,3.12305,234
Thrust#2,8192,64,3.13184,236
Thrust#2,8192,64,3.13037,234
Thrust#2,8192,64,3.16309,239
Thrust#2,8192,64,3.11426,236
Thrust#2,8192,64,3.12744,235
Thrust#2,8192,64,3.13623,235
Thrust#2,8192,64,3.15674,239
Thrust#2,8192,64,3.12305,234
Thrust#2,8192,64,3.15723,238
Thrust#2,8192,64,3.13135,237
Thrust#2,8192,64,3.16406,239
Thrust#2,8192,64,3.16504,237
Thrust#2,8192,64,3.16699,235
Thrust#2,8192,64,3.15332,235
Thrust#2,8192,64,3.13916,240
Thrust#2,8192,64,3.15088,237
Thrust#2,8192,64,3.15479,236
Thrust#2,8192,64,3.15869,237
Thrust#2,8192,64,3.16064,241
Thrust#2,8192,64,3.11865,237
Thrust#2,8192,64,3.16162,235
Thrust#2,8192,64,3.10742,235
Thrust#2,8192,64,3.14404,240
Thrust#2,8192,64,3.14014,237
Thrust#2,8192,64,3.14111,237
Thrust#2,8192,64,3.14502,234
Thrust#2,8192,64,3.1748,239
Thrust#2,8192,64,3.14111,235
Thrust#2,8192,64,3.1084,235
Thrust#2,8192,64,3.15576,235
Thrust#2,8192,64,3.15234,239
Thrust#2,8192,64,3.12988,236
Thrust#2,8192,64,3.12988,237
Thrust#2,8192,64,3.14014,235
Thrust#2,8192,64,3.14648,244
Thrust#2,8192,64,3.12109,284
Thrust#2,8192,64,3.1167,1410
Thrust#2,8192,64,3.15039,309
Thrust#2,8192,64,3.13525,253
Thrust#2,8192,64,3.1333,254
Thrust#2,8192,64,3.13574,254
Thrust#2,8192,64,3.10156,245
Thrust#2,8192,64,3.14062,246
Thrust#2,8192,64,3.15381,245
Thrust#2,8192,64,3.12842,245
Thrust#2,8192,64,3.16357,245
Thrust#2,8192,64,3.15283,246
Thrust#2,8192,64,3.14893,238
Thrust#2,8192,64,3.14795,246
Thrust#2,8192,64,3.12402,246
Thrust#2,8192,64,3.14258,245
Thrust#2,8192,64,3.14844,245
Thrust#2,8192,64,3.15771,244
Thrust#2,8192,64,3.16846,246
Thrust#2,8192,64,3.12744,246
Thrust#2,8192,64,3.13965,245
Thrust#2,8192,64,3.11084,247
Thrust#2,8192,64,3.17725,245
Thrust#2,8192,64,3.13574,245
Thrust#2,8192,64,3.13232,238
Thrust#2,8192,64,3.15869,245
Thrust#2,8192,64,3.13379,245
Thrust#2,8192,64,3.12451,235
Thrust#2,8192,64,3.17334,236
Thrust#2,8192,64,3.13086,240
Thrust#2,8192,64,3.10791,235
Thrust#2,8192,64,3.16992,235
Thrust#2,8192,64,3.12256,236
Thrust#2,8192,64,3.16943,239
Thrust#2,8192,64,3.13281,236
Thrust#2,8192,128,3.10938,343
Thrust#2,8192,128,3.14355,342
Thrust#2,8192,128,3.13623,346
Thrust#2,8192,128,3.17334,340
Thrust#2,8192,128,3.16895,341
Thrust#2,8192,128,3.13281,342
Thrust#2,8192,128,3.16016,347
Thrust#2,8192,128,3.12402,341
Thrust#2,8192,128,3.15039,343
Thrust#2,8192,128,3.14502,341
Thrust#2,8192,128,3.12354,345
Thrust#2,8192,128,3.1626,342
Thrust#2,8192,128,3.17236,344
Thrust#2,8192,128,3.12305,342
Thrust#2,8192,128,3.15332,346
Thrust#2,8192,128,3.11914,341
Thrust#2,8192,128,3.14648,346
Thrust#2,8192,128,3.125,342
Thrust#2,8192,128,3.1377,346
Thrust#2,8192,128,3.11621,341
Thrust#2,8192,128,3.16748,343
Thrust#2,8192,128,3.17432,342
Thrust#2,8192,128,3.15479,346
Thrust#2,8192,128,3.13184,340
Thrust#2,8192,128,3.15625,344
Thrust#2,8192,128,3.13037,343
Thrust#2,8192,128,3.1582,347
Thrust#2,8192,128,3.14355,344
Thrust#2,8192,128,3.15186,342
Thrust#2,8192,128,3.14062,342
Thrust#2,8192,128,3.13965,345
Thrust#2,8192,128,3.12695,344
Thrust#2,8192,128,3.15381,343
Thrust#2,8192,128,3.13867,341
Thrust#2,8192,128,3.1543,346
Thrust#2,8192,128,3.14307,344
Thrust#2,8192,128,3.15283,344
Thrust#2,8192,128,3.14844,343
Thrust#2,8192,128,3.15088,347
Thrust#2,8192,128,3.1582,343
Thrust#2,8192,128,3.13721,343
Thrust#2,8192,128,3.14404,342
Thrust#2,8192,128,3.18701,347
Thrust#2,8192,128,3.15332,344
Thrust#2,8192,128,3.11377,352
Thrust#2,8192,128,3.16504,348
Thrust#2,8192,128,3.14648,347
Thrust#2,8192,128,3.14014,343
Thrust#2,8192,128,3.12744,343
Thrust#2,8192,128,3.13086,341
Thrust#2,8192,128,3.13379,345
Thrust#2,8192,128,3.17139,342
Thrust#2,8192,128,3.11035,343
Thrust#2,8192,128,3.13477,342
Thrust#2,8192,128,3.1333,347
Thrust#2,8192,128,3.15576,343
Thrust#2,8192,128,3.125,343
Thrust#2,8192,128,3.15381,340
Thrust#2,8192,128,3.15479,346
Thrust#2,8192,128,3.16943,343
Thrust#2,8192,128,3.1333,342
Thrust#2,8192,128,3.15039,342
Thrust#2,8192,128,3.15234,344
Thrust#2,8192,128,3.13965,343
Thrust#2,8192,128,3.1377,342
Thrust#2,8192,128,3.15869,341
Thrust#2,8192,128,3.14844,346
Thrust#2,8192,128,3.14551,342
Thrust#2,8192,128,3.14404,346
Thrust#2,8192,128,3.17627,349
Thrust#2,8192,128,3.11963,1532
Thrust#2,8192,128,3.14062,383
Thrust#2,8192,128,3.12842,341
Thrust#2,8192,128,3.14795,352
Thrust#2,8192,128,3.12256,344
Thrust#2,8192,128,3.1333,344
Thrust#2,8192,128,3.15283,343
Thrust#2,8192,128,3.16895,344
Thrust#2,8192,128,3.11328,343
Thrust#2,8192,128,3.15186,345
Thrust#2,8192,128,3.16406,342
Thrust#2,8192,128,3.13281,345
Thrust#2,8192,128,3.12109,344
Thrust#2,8192,128,3.11719,345
Thrust#2,8192,128,3.146,343
Thrust#2,8192,128,3.13721,345
Thrust#2,8192,128,3.14551,342
Thrust#2,8192,128,3.12793,345
Thrust#2,8192,128,3.1333,344
Thrust#2,8192,128,3.15967,341
Thrust#2,8192,128,3.13721,341
Thrust#2,8192,128,3.1499,344
Thrust#2,8192,128,3.13428,345
Thrust#2,8192,128,3.13574,343
Thrust#2,8192,128,3.15869,344
Thrust#2,8192,128,3.1709,343
Thrust#2,8192,128,3.17969,345
Thrust#2,8192,128,3.13428,343
Thrust#2,8192,128,3.14209,341
Thrust#2,8192,128,3.14209,343
Thrust#2,8192,256,3.13672,550
Thrust#2,8192,256,3.14893,548
Thrust#2,8192,256,3.14697,549
Thrust#2,8192,256,3.12988,548
Thrust#2,8192,256,3.15723,551
Thrust#2,8192,256,3.15137,547
Thrust#2,8192,256,3.13867,548
Thrust#2,8192,256,3.13623,548
Thrust#2,8192,256,3.15088,550
Thrust#2,8192,256,3.146,546
Thrust#2,8192,256,3.14355,567
Thrust#2,8192,256,3.11768,559
Thrust#2,8192,256,3.15918,560
Thrust#2,8192,256,3.1377,559
Thrust#2,8192,256,3.14209,559
Thrust#2,8192,256,3.10449,561
Thrust#2,8192,256,3.13184,560
Thrust#2,8192,256,3.16309,565
Thrust#2,8192,256,3.16357,556
Thrust#2,8192,256,3.13086,558
Thrust#2,8192,256,3.15283,562
Thrust#2,8192,256,3.13086,547
Thrust#2,8192,256,3.1377,548
Thrust#2,8192,256,3.10938,550
Thrust#2,8192,256,3.15771,550
Thrust#2,8192,256,3.14307,545
Thrust#2,8192,256,3.14795,561
Thrust#2,8192,256,3.10938,559
Thrust#2,8192,256,3.11719,550
Thrust#2,8192,256,3.12891,548
Thrust#2,8192,256,3.14502,548
Thrust#2,8192,256,3.14795,549
Thrust#2,8192,256,3.13037,550
Thrust#2,8192,256,3.13428,547
Thrust#2,8192,256,3.14453,547
Thrust#2,8192,256,3.13916,549
Thrust#2,8192,256,3.12402,557
Thrust#2,8192,256,3.15137,1727
Thrust#2,8192,256,3.13428,593
Thrust#2,8192,256,3.11426,556
Thrust#2,8192,256,3.14697,557
Thrust#2,8192,256,3.12695,552
Thrust#2,8192,256,3.14893,554
Thrust#2,8192,256,3.125,565
Thrust#2,8192,256,3.1748,557
Thrust#2,8192,256,3.14209,553
Thrust#2,8192,256,3.13623,553
Thrust#2,8192,256,3.146,558
Thrust#2,8192,256,3.15332,557
Thrust#2,8192,256,3.11963,551
Thrust#2,8192,256,3.16748,547
Thrust#2,8192,256,3.14648,548
Thrust#2,8192,256,3.13184,546
Thrust#2,8192,256,3.13379,550
Thrust#2,8192,256,3.14404,548
Thrust#2,8192,256,3.15039,548
Thrust#2,8192,256,3.13281,547
Thrust#2,8192,256,3.13428,550
Thrust#2,8192,256,3.13086,549
Thrust#2,8192,256,3.12598,548
Thrust#2,8192,256,3.13525,547
Thrust#2,8192,256,3.146,552
Thrust#2,8192,256,3.12939,548
Thrust#2,8192,256,3.13184,546
Thrust#2,8192,256,3.15332,548
Thrust#2,8192,256,3.11719,552
Thrust#2,8192,256,3.11719,549
Thrust#2,8192,256,3.15381,548
Thrust#2,8192,256,3.12158,557
Thrust#2,8192,256,3.13281,562
Thrust#2,8192,256,3.14014,558
Thrust#2,8192,256,3.16064,561
Thrust#2,8192,256,3.1626,558
Thrust#2,8192,256,3.15771,561
Thrust#2,8192,256,3.12939,559
Thrust#2,8192,256,3.12842,557
Thrust#2,8192,256,3.17773,547
Thrust#2,8192,256,3.16504,551
Thrust#2,8192,256,3.14258,548
Thrust#2,8192,256,3.14453,545
Thrust#2,8192,256,3.1333,548
Thrust#2,8192,256,3.16357,554
Thrust#2,8192,256,3.14648,559
Thrust#2,8192,256,3.13818,568
Thrust#2,8192,256,3.13965,558
Thrust#2,8192,256,3.12842,550
Thrust#2,8192,256,3.12891,549
Thrust#2,8192,256,3.146,549
Thrust#2,8192,256,3.14209,561
Thrust#2,8192,256,3.14795,557
Thrust#2,8192,256,3.13916,548
Thrust#2,8192,256,3.15186,551
Thrust#2,8192,256,3.14453,547
Thrust#2,8192,256,3.17969,1709
Thrust#2,8192,256,3.15625,588
Thrust#2,8192,256,3.17041,561
Thrust#2,8192,256,3.12744,552
Thrust#2,8192,256,3.14502,556
Thrust#2,8192,256,3.13281,566
Thrust#2,8192,256,3.11133,550
Thrust#2,8192,512,3.16553,962
Thrust#2,8192,512,3.1416,968
Thrust#2,8192,512,3.14697,966
Thrust#2,8192,512,3.16357,970
Thrust#2,8192,512,3.1582,968
Thrust#2,8192,512,3.15723,964
Thrust#2,8192,512,3.14941,966
Thrust#2,8192,512,3.16895,967
Thrust#2,8192,512,3.15723,965
Thrust#2,8192,512,3.09131,975
Thrust#2,8192,512,3.13477,977
Thrust#2,8192,512,3.13574,980
Thrust#2,8192,512,3.17969,975
Thrust#2,8192,512,3.15674,975
Thrust#2,8192,512,3.09814,963
Thrust#2,8192,512,3.14258,979
Thrust#2,8192,512,3.12988,966
Thrust#2,8192,512,3.15283,965
Thrust#2,8192,512,3.14844,965
Thrust#2,8192,512,3.146,966
Thrust#2,8192,512,3.125,974
Thrust#2,8192,512,3.13574,975
Thrust#2,8192,512,3.16162,963
Thrust#2,8192,512,3.14014,988
Thrust#2,8192,512,3.1377,967
Thrust#2,8192,512,3.15039,976
Thrust#2,8192,512,3.13818,966
Thrust#2,8192,512,3.16455,968
Thrust#2,8192,512,3.1001,965
Thrust#2,8192,512,3.16504,982
Thrust#2,8192,512,3.13818,1224
Thrust#2,8192,512,3.15283,988
Thrust#2,8192,512,3.12451,972
Thrust#2,8192,512,3.14258,968
Thrust#2,8192,512,3.16602,968
Thrust#2,8192,512,3.16797,972
Thrust#2,8192,512,3.15527,976
Thrust#2,8192,512,3.16406,977
Thrust#2,8192,512,3.16162,977
Thrust#2,8192,512,3.11328,979
Thrust#2,8192,512,3.13623,976
Thrust#2,8192,512,3.13623,977
Thrust#2,8192,512,3.16699,964
Thrust#2,8192,512,3.14551,982
Thrust#2,8192,512,3.16748,977
Thrust#2,8192,512,3.1626,967
Thrust#2,8192,512,3.16455,2248
Thrust#2,8192,512,3.18311,1022
Thrust#2,8192,512,3.12744,968
Thrust#2,8192,512,3.14941,970
Thrust#2,8192,512,3.14551,970
Thrust#2,8192,512,3.13184,965
Thrust#2,8192,512,3.15137,967
Thrust#2,8192,512,3.13184,970
Thrust#2,8192,512,3.14795,967
Thrust#2,8192,512,3.14893,978
Thrust#2,8192,512,3.15674,977
Thrust#2,8192,512,3.12598,969
Thrust#2,8192,512,3.18066,966
Thrust#2,8192,512,3.15283,966
Thrust#2,8192,512,3.1167,966
Thrust#2,8192,512,3.17627,967
Thrust#2,8192,512,3.1333,976
Thrust#2,8192,512,3.13184,965
Thrust#2,8192,512,3.15771,967
Thrust#2,8192,512,3.13672,975
Thrust#2,8192,512,3.14502,968
Thrust#2,8192,512,3.1333,966
Thrust#2,8192,512,3.16016,965
Thrust#2,8192,512,3.14941,970
Thrust#2,8192,512,3.12549,966
Thrust#2,8192,512,3.12012,966
Thrust#2,8192,512,3.15332,967
Thrust#2,8192,512,3.12939,967
Thrust#2,8192,512,3.14404,967
Thrust#2,8192,512,3.15771,967
Thrust#2,8192,512,3.15381,965
Thrust#2,8192,512,3.14404,972
Thrust#2,8192,512,3.12451,960
Thrust#2,8192,512,3.16357,2183
Thrust#2,8192,512,3.13525,1014
Thrust#2,8192,512,3.12598,964
Thrust#2,8192,512,3.15576,966
Thrust#2,8192,512,3.12695,974
Thrust#2,8192,512,3.12891,982
Thrust#2,8192,512,3.14355,974
Thrust#2,8192,512,3.14502,975
Thrust#2,8192,512,3.13818,973
Thrust#2,8192,512,3.11328,963
Thrust#2,8192,512,3.13916,985
Thrust#2,8192,512,3.15576,975
Thrust#2,8192,512,3.13477,979
Thrust#2,8192,512,3.18457,973
Thrust#2,8192,512,3.17334,962
Thrust#2,8192,512,3.13574,976
Thrust#2,8192,512,3.1377,979
Thrust#2,8192,512,3.16504,974
Thrust#2,8192,512,3.14062,975
Thrust#2,8192,512,3.13232,976
Thrust#2,8192,512,3.15088,980
Thrust#2,8192,1024,3.13818,1815
Thrust#2,8192,1024,3.146,1810
Thrust#2,8192,1024,3.14404,1794
Thrust#2,8192,1024,3.19629,1796
Thrust#2,8192,1024,3.14209,1792
Thrust#2,8192,1024,3.13477,1815
Thrust#2,8192,1024,3.17676,1791
Thrust#2,8192,1024,3.16943,3119
Thrust#2,8192,1024,3.13379,1880
Thrust#2,8192,1024,3.13965,1820
Thrust#2,8192,1024,3.11182,1809
Thrust#2,8192,1024,3.12646,1814
Thrust#2,8192,1024,3.14453,1811
Thrust#2,8192,1024,3.13086,1807
Thrust#2,8192,1024,3.13916,1813
Thrust#2,8192,1024,3.17627,1797
Thrust#2,8192,1024,3.17871,1791
Thrust#2,8192,1024,3.17383,1807
Thrust#2,8192,1024,3.13525,1826
Thrust#2,8192,1024,3.15576,1822
Thrust#2,8192,1024,3.1416,1817
Thrust#2,8192,1024,3.16357,1797
Thrust#2,8192,1024,3.16162,1793
Thrust#2,8192,1024,3.13965,1820
Thrust#2,8192,1024,3.15381,1802
Thrust#2,8192,1024,3.146,2979
Thrust#2,8192,1024,3.11572,1842
Thrust#2,8192,1024,3.13818,1814
Thrust#2,8192,1024,3.16309,1802
Thrust#2,8192,1024,3.15186,1798
Thrust#2,8192,1024,3.14697,1793
Thrust#2,8192,1024,3.15088,1813
Thrust#2,8192,1024,3.14697,1801
Thrust#2,8192,1024,3.13379,1802
Thrust#2,8192,1024,3.15527,1806
Thrust#2,8192,1024,3.11963,1810
Thrust#2,8192,1024,3.13184,1803
Thrust#2,8192,1024,3.14258,1801
Thrust#2,8192,1024,3.1543,1812
Thrust#2,8192,1024,3.13086,1810
Thrust#2,8192,1024,3.13623,1809
Thrust#2,8192,1024,3.16895,1796
Thrust#2,8192,1024,3.14502,2978
Thrust#2,8192,1024,3.15967,1850
Thrust#2,8192,1024,3.14502,1820
Thrust#2,8192,1024,3.13623,1800
Thrust#2,8192,1024,3.19678,1803
Thrust#2,8192,1024,3.13086,1803
Thrust#2,8192,1024,3.17041,1819
Thrust#2,8192,1024,3.16064,1802
Thrust#2,8192,1024,3.1582,1790
Thrust#2,8192,1024,3.14014,1799
Thrust#2,8192,1024,3.12842,1802
Thrust#2,8192,1024,3.16553,1790
Thrust#2,8192,1024,3.16309,1799
Thrust#2,8192,1024,3.1875,1798
Thrust#2,8192,1024,3.1123,1800
Thrust#2,8192,1024,3.15918,1813
Thrust#2,8192,1024,3.1792,1796
Thrust#2,8192,1024,3.15674,1806
Thrust#2,8192,1024,3.15137,1798
Thrust#2,8192,1024,3.13428,1805
Thrust#2,8192,1024,3.12256,1793
Thrust#2,8192,1024,3.14502,1794
Thrust#2,8192,1024,3.15283,1807
Thrust#2,8192,1024,3.12988,1794
Thrust#2,8192,1024,3.1499,1805
Thrust#2,8192,1024,3.13135,1798
Thrust#2,8192,1024,3.13379,1799
Thrust#2,8192,1024,3.12842,3045
Thrust#2,8192,1024,3.13916,1865
Thrust#2,8192,1024,3.11133,1804
Thrust#2,8192,1024,3.10303,1798
Thrust#2,8192,1024,3.17676,1798
Thrust#2,8192,1024,3.1499,1807
Thrust#2,8192,1024,3.15869,1798
Thrust#2,8192,1024,3.14258,1803
Thrust#2,8192,1024,3.1333,1798
Thrust#2,8192,1024,3.13477,1821
Thrust#2,8192,1024,3.14746,1816
Thrust#2,8192,1024,3.10059,1792
Thrust#2,8192,1024,3.12354,1792
Thrust#2,8192,1024,3.12988,1797
Thrust#2,8192,1024,3.18213,1798
Thrust#2,8192,1024,3.17285,1803
Thrust#2,8192,1024,3.13623,1806
Thrust#2,8192,1024,3.14648,1806
Thrust#2,8192,1024,3.12402,3007
Thrust#2,8192,1024,3.14551,1848
Thrust#2,8192,1024,3.12891,1810
Thrust#2,8192,1024,3.15576,1800
Thrust#2,8192,1024,3.13037,1791
Thrust#2,8192,1024,3.13184,1817
Thrust#2,8192,1024,3.15039,1791
Thrust#2,8192,1024,3.16602,1795
Thrust#2,8192,1024,3.14111,1791
Thrust#2,8192,1024,3.16113,1816
Thrust#2,8192,1024,3.16113,1813
Thrust#2,8192,1024,3.16064,1816
Thrust#2,8192,1024,3.14404,1796
Thrust#2,8192,2048,3.13037,3461
Thrust#2,8192,2048,3.15381,3473
Thrust#2,8192,2048,3.11572,3461
Thrust#2,8192,2048,3.16016,4750
Thrust#2,8192,2048,3.12744,3510
Thrust#2,8192,2048,3.14941,3463
Thrust#2,8192,2048,3.16016,3485
Thrust#2,8192,2048,3.14844,3465
Thrust#2,8192,2048,3.17383,3487
Thrust#2,8192,2048,3.1499,3488
Thrust#2,8192,2048,3.14209,3460
Thrust#2,8192,2048,3.15723,3464
Thrust#2,8192,2048,3.11768,4657
Thrust#2,8192,2048,3.14355,3537
Thrust#2,8192,2048,3.17285,3474
Thrust#2,8192,2048,3.12598,3472
Thrust#2,8192,2048,3.12646,3466
Thrust#2,8192,2048,3.15283,3462
Thrust#2,8192,2048,3.17334,3480
Thrust#2,8192,2048,3.14795,3482
Thrust#2,8192,2048,3.17627,3471
Thrust#2,8192,2048,3.15479,4665
Thrust#2,8192,2048,3.146,3507
Thrust#2,8192,2048,3.17822,3479
Thrust#2,8192,2048,3.14111,3551
Thrust#2,8192,2048,3.13428,3497
Thrust#2,8192,2048,3.1499,3490
Thrust#2,8192,2048,3.12402,3529
Thrust#2,8192,2048,3.1709,3713
Thrust#2,8192,2048,3.17139,3611
Thrust#2,8192,2048,3.11523,3856
Thrust#2,8192,2048,3.10498,3512
Thrust#2,8192,2048,3.13379,3593
Thrust#2,8192,2048,3.14453,3633
Thrust#2,8192,2048,3.1543,3471
Thrust#2,8192,2048,3.146,3463
Thrust#2,8192,2048,3.10449,3503
Thrust#2,8192,2048,3.15283,3511
Thrust#2,8192,2048,3.14648,4654
Thrust#2,8192,2048,3.13037,3543
Thrust#2,8192,2048,3.14111,3477
Thrust#2,8192,2048,3.12842,3515
Thrust#2,8192,2048,3.16016,4567
Thrust#2,8192,2048,3.12988,3504
Thrust#2,8192,2048,3.13672,3471
Thrust#2,8192,2048,3.13281,3472
Thrust#2,8192,2048,3.1626,3470
Thrust#2,8192,2048,3.15137,3460
Thrust#2,8192,2048,3.10938,3468
Thrust#2,8192,2048,3.16016,3461
Thrust#2,8192,2048,3.14355,3470
Thrust#2,8192,2048,3.12842,3498
Thrust#2,8192,2048,3.17578,3503
Thrust#2,8192,2048,3.14893,4646
Thrust#2,8192,2048,3.14111,3523
Thrust#2,8192,2048,3.11279,3475
Thrust#2,8192,2048,3.13965,3485
Thrust#2,8192,2048,3.17627,3472
Thrust#2,8192,2048,3.13623,3466
Thrust#2,8192,2048,3.16309,3484
Thrust#2,8192,2048,3.13672,3472
Thrust#2,8192,2048,3.14355,3541
Thrust#2,8192,2048,3.14062,3581
Thrust#2,8192,2048,3.14062,3520
Thrust#2,8192,2048,3.16309,3511
Thrust#2,8192,2048,3.12842,3489
Thrust#2,8192,2048,3.12939,3508
Thrust#2,8192,2048,3.14648,4684
Thrust#2,8192,2048,3.12012,3641
Thrust#2,8192,2048,3.12598,3559
Thrust#2,8192,2048,3.15625,3478
Thrust#2,8192,2048,3.12695,3481
Thrust#2,8192,2048,3.13281,3494
Thrust#2,8192,2048,3.15771,3481
Thrust#2,8192,2048,3.18555,3518
Thrust#2,8192,2048,3.14795,3477
Thrust#2,8192,2048,3.13965,4719
Thrust#2,8192,2048,3.15869,3531
Thrust#2,8192,2048,3.16211,3543
Thrust#2,8192,2048,3.15137,3486
Thrust#2,8192,2048,3.16211,3478
Thrust#2,8192,2048,3.11279,3487
Thrust#2,8192,2048,3.14844,3509
Thrust#2,8192,2048,3.13721,3524
Thrust#2,8192,2048,3.15039,3474
Thrust#2,8192,2048,3.13721,4688
Thrust#2,8192,2048,3.16309,3529
Thrust#2,8192,2048,3.18506,3518
Thrust#2,8192,2048,3.13232,3468
Thrust#2,8192,2048,3.13916,3476
Thrust#2,8192,2048,3.14502,3482
Thrust#2,8192,2048,3.15869,3509
Thrust#2,8192,2048,3.14209,3557
Thrust#2,8192,2048,3.13623,3484
Thrust#2,8192,2048,3.1377,4662
Thrust#2,8192,2048,3.11914,3537
Thrust#2,8192,2048,3.13867,3521
Thrust#2,8192,2048,3.15479,3473
Thrust#2,8192,2048,3.13428,3484
Thrust#2,8192,2048,3.1123,3486
Thrust#2,8192,4096,3.15088,6815
Thrust#2,8192,4096,3.13379,6880
Thrust#2,8192,4096,3.15381,7971
Thrust#2,8192,4096,3.14941,6885
Thrust#2,8192,4096,3.12061,6811
Thrust#2,8192,4096,3.15625,6814
Thrust#2,8192,4096,3.15967,6885
Thrust#2,8192,4096,3.14062,6825
Thrust#2,8192,4096,3.1084,6841
Thrust#2,8192,4096,3.13818,7999
Thrust#2,8192,4096,3.14355,6888
Thrust#2,8192,4096,3.14844,6839
Thrust#2,8192,4096,3.12891,6823
Thrust#2,8192,4096,3.1582,6890
Thrust#2,8192,4096,3.15869,8023
Thrust#2,8192,4096,3.11768,6886
Thrust#2,8192,4096,3.11426,6840
Thrust#2,8192,4096,3.13965,6885
Thrust#2,8192,4096,3.11865,6812
Thrust#2,8192,4096,3.18506,8071
Thrust#2,8192,4096,3.14551,6892
Thrust#2,8192,4096,3.12402,6814
Thrust#2,8192,4096,3.12061,6881
Thrust#2,8192,4096,3.12354,8136
Thrust#2,8192,4096,3.10645,6853
Thrust#2,8192,4096,3.13281,6866
Thrust#2,8192,4096,3.14551,7002
Thrust#2,8192,4096,3.12207,6936
Thrust#2,8192,4096,3.13574,6833
Thrust#2,8192,4096,3.13623,6843
Thrust#2,8192,4096,3.11084,8064
Thrust#2,8192,4096,3.13965,6885
Thrust#2,8192,4096,3.12695,6845
Thrust#2,8192,4096,3.14062,6837
Thrust#2,8192,4096,3.14746,6850
Thrust#2,8192,4096,3.14893,8088
Thrust#2,8192,4096,3.13721,6879
Thrust#2,8192,4096,3.15723,6876
Thrust#2,8192,4096,3.14453,6867
Thrust#2,8192,4096,3.11182,6819
Thrust#2,8192,4096,3.1416,8009
Thrust#2,8192,4096,3.13232,6895
Thrust#2,8192,4096,3.14941,6790
Thrust#2,8192,4096,3.13135,6884
Thrust#2,8192,4096,3.10742,8080
Thrust#2,8192,4096,3.15186,6872
Thrust#2,8192,4096,3.1543,6808
Thrust#2,8192,4096,3.16357,6822
Thrust#2,8192,4096,3.1333,6884
Thrust#2,8192,4096,3.13379,6832
Thrust#2,8192,4096,3.12744,6854
Thrust#2,8192,4096,3.13867,8030
Thrust#2,8192,4096,3.15723,6832
Thrust#2,8192,4096,3.11963,6862
Thrust#2,8192,4096,3.08301,6830
Thrust#2,8192,4096,3.12402,6882
Thrust#2,8192,4096,3.14014,8025
Thrust#2,8192,4096,3.15137,6882
Thrust#2,8192,4096,3.15381,6818
Thrust#2,8192,4096,3.17041,6885
Thrust#2,8192,4096,3.15039,6954
Thrust#2,8192,4096,3.14648,7981
Thrust#2,8192,4096,3.13867,6937
Thrust#2,8192,4096,3.14697,6840
Thrust#2,8192,4096,3.14941,6895
Thrust#2,8192,4096,3.12988,7152
Thrust#2,8192,4096,3.13477,6819
Thrust#2,8192,4096,3.15625,6859
Thrust#2,8192,4096,3.15918,8060
Thrust#2,8192,4096,3.17285,6923
Thrust#2,8192,4096,3.18018,6819
Thrust#2,8192,4096,3.15576,6865
Thrust#2,8192,4096,3.15625,8034
Thrust#2,8192,4096,3.13721,6841
Thrust#2,8192,4096,3.13574,6910
Thrust#2,8192,4096,3.12549,7035
Thrust#2,8192,4096,3.13525,6895
Thrust#2,8192,4096,3.15137,7802
Thrust#2,8192,4096,3.18457,7140
Thrust#2,8192,4096,3.14551,6813
Thrust#2,8192,4096,3.13428,6847
Thrust#2,8192,4096,3.12402,6937
Thrust#2,8192,4096,3.12842,7987
Thrust#2,8192,4096,3.16748,6926
Thrust#2,8192,4096,3.14404,6885
Thrust#2,8192,4096,3.11719,6982
Thrust#2,8192,4096,3.125,7993
Thrust#2,8192,4096,3.15771,6913
Thrust#2,8192,4096,3.11914,6887
Thrust#2,8192,4096,3.18213,6849
Thrust#2,8192,4096,3.13428,6918
Thrust#2,8192,4096,3.13428,6867
Thrust#2,8192,4096,3.12744,6913
Thrust#2,8192,4096,3.13623,6907
Thrust#2,8192,4096,3.13721,7942
Thrust#2,8192,4096,3.12158,6883
Thrust#2,8192,4096,3.14746,6873
Thrust#2,8192,4096,3.13867,6931
Thrust#2,8192,4096,3.14258,7989
Thrust#2,8192,4096,3.14648,6894
Thrust#2,8192,8192,3.15332,13525
Thrust#2,8192,8192,3.16309,13585
Thrust#2,8192,8192,3.13672,14648
Thrust#2,8192,8192,3.14014,13580
Thrust#2,8192,8192,3.19336,13583
Thrust#2,8192,8192,3.10986,14515
Thrust#2,8192,8192,3.13086,13770
Thrust#2,8192,8192,3.14453,13554
Thrust#2,8192,8192,3.11572,14660
Thrust#2,8192,8192,3.16211,13588
Thrust#2,8192,8192,3.13818,13571
Thrust#2,8192,8192,3.16357,14569
Thrust#2,8192,8192,3.10596,13792
Thrust#2,8192,8192,3.16162,13573
Thrust#2,8192,8192,3.15234,14645
Thrust#2,8192,8192,3.15088,13582
Thrust#2,8192,8192,3.13037,13708
Thrust#2,8192,8192,3.13672,13632
Thrust#2,8192,8192,3.10693,14645
Thrust#2,8192,8192,3.12354,13585
Thrust#2,8192,8192,3.14648,14788
Thrust#2,8192,8192,3.1001,13584
Thrust#2,8192,8192,3.1084,13561
Thrust#2,8192,8192,3.14404,14530
Thrust#2,8192,8192,3.13477,13620
Thrust#2,8192,8192,3.14844,13534
Thrust#2,8192,8192,3.14502,14797
Thrust#2,8192,8192,3.15186,13585
Thrust#2,8192,8192,3.12402,13529
Thrust#2,8192,8192,3.14355,14537
Thrust#2,8192,8192,3.14502,13614
Thrust#2,8192,8192,3.14062,14635
Thrust#2,8192,8192,3.12744,13636
Thrust#2,8192,8192,3.12061,13539
Thrust#2,8192,8192,3.15674,13567
Thrust#2,8192,8192,3.16064,13555
Thrust#2,8192,8192,3.12109,13551
Thrust#2,8192,8192,3.13672,14724
Thrust#2,8192,8192,3.14307,13530
Thrust#2,8192,8192,3.13525,14912
Thrust#2,8192,8192,3.14453,13559
Thrust#2,8192,8192,3.15918,14843
Thrust#2,8192,8192,3.15869,13552
Thrust#2,8192,8192,3.15137,14750
Thrust#2,8192,8192,3.16162,13541
Thrust#2,8192,8192,3.13184,13672
Thrust#2,8192,8192,3.14355,13594
Thrust#2,8192,8192,3.11914,14779
Thrust#2,8192,8192,3.13916,13572
Thrust#2,8192,8192,3.13477,14747
Thrust#2,8192,8192,3.14258,13546
Thrust#2,8192,8192,3.11279,13534
Thrust#2,8192,8192,3.14404,13528
Thrust#2,8192,8192,3.13037,14746
Thrust#2,8192,8192,3.16602,13576
Thrust#2,8192,8192,3.11914,14543
Thrust#2,8192,8192,3.14062,13571
Thrust#2,8192,8192,3.13574,13593
Thrust#2,8192,8192,3.14258,13518
Thrust#2,8192,8192,3.14111,14656
Thrust#2,8192,8192,3.13184,13605
Thrust#2,8192,8192,3.1377,14739
Thrust#2,8192,8192,3.14111,13536
Thrust#2,8192,8192,3.15771,13537
Thrust#2,8192,8192,3.12549,13538
Thrust#2,8192,8192,3.11768,14581
Thrust#2,8192,8192,3.14307,13644
Thrust#2,8192,8192,3.1665,14709
Thrust#2,8192,8192,3.13574,13541
Thrust#2,8192,8192,3.15039,13546
Thrust#2,8192,8192,3.13818,13559
Thrust#2,8192,8192,3.11816,14784
Thrust#2,8192,8192,3.10303,13585
Thrust#2,8192,8192,3.11816,14757
Thrust#2,8192,8192,3.12646,13535
Thrust#2,8192,8192,3.1416,13561
Thrust#2,8192,8192,3.18506,13525
Thrust#2,8192,8192,3.12695,14763
Thrust#2,8192,8192,3.1416,13571
Thrust#2,8192,8192,3.16699,14744
Thrust#2,8192,8192,3.13428,13530
Thrust#2,8192,8192,3.1333,13547
Thrust#2,8192,8192,3.16162,13547
Thrust#2,8192,8192,3.16309,14686
Thrust#2,8192,8192,3.13574,13577
Thrust#2,8192,8192,3.12646,14539
Thrust#2,8192,8192,3.13184,13579
Thrust#2,8192,8192,3.15576,13583
Thrust#2,8192,8192,3.17236,13548
Thrust#2,8192,8192,3.17822,14795
Thrust#2,8192,8192,3.1377,13576
Thrust#2,8192,8192,3.15088,14515
Thrust#2,8192,8192,3.16113,13547
Thrust#2,8192,8192,3.13916,13572
Thrust#2,8192,8192,3.12061,13536
Thrust#2,8192,8192,3.12256,14747
Thrust#2,8192,8192,3.12207,13578
Thrust#2,8192,8192,3.12793,14535
Thrust#2,8192,8192,3.15381,13585
Thrust#2,8192,8192,3.17188,13576
Thrust#2,16384,1,3.14673,488
Thrust#2,16384,1,3.12598,456
Thrust#2,16384,1,3.16455,439
Thrust#2,16384,1,3.13135,413
Thrust#2,16384,1,3.1394,411
Thrust#2,16384,1,3.12866,429
Thrust#2,16384,1,3.14844,399
Thrust#2,16384,1,3.13599,402
Thrust#2,16384,1,3.14502,406
Thrust#2,16384,1,3.14648,1545
Thrust#2,16384,1,3.16016,515
Thrust#2,16384,1,3.14087,446
Thrust#2,16384,1,3.11719,407
Thrust#2,16384,1,3.15112,408
Thrust#2,16384,1,3.1377,403
Thrust#2,16384,1,3.15161,408
Thrust#2,16384,1,3.15576,408
Thrust#2,16384,1,3.13574,409
Thrust#2,16384,1,3.15405,410
Thrust#2,16384,1,3.14966,413
Thrust#2,16384,1,3.14404,422
Thrust#2,16384,1,3.15454,409
Thrust#2,16384,1,3.14771,410
Thrust#2,16384,1,3.14111,410
Thrust#2,16384,1,3.13501,407
Thrust#2,16384,1,3.14331,484
Thrust#2,16384,1,3.13672,403
Thrust#2,16384,1,3.1228,415
Thrust#2,16384,1,3.12402,402
Thrust#2,16384,1,3.14209,402
Thrust#2,16384,1,3.13257,404
Thrust#2,16384,1,3.15527,405
Thrust#2,16384,1,3.13257,409
Thrust#2,16384,1,3.11523,400
Thrust#2,16384,1,3.15503,401
Thrust#2,16384,1,3.14746,408
Thrust#2,16384,1,3.12231,403
Thrust#2,16384,1,3.13892,403
Thrust#2,16384,1,3.14868,403
Thrust#2,16384,1,3.146,407
Thrust#2,16384,1,3.15747,403
Thrust#2,16384,1,3.16284,403
Thrust#2,16384,1,3.13892,402
Thrust#2,16384,1,3.15137,406
Thrust#2,16384,1,3.13794,402
Thrust#2,16384,1,3.11328,418
Thrust#2,16384,1,3.10571,529
Thrust#2,16384,1,3.14478,490
Thrust#2,16384,1,3.13184,449
Thrust#2,16384,1,3.14258,419
Thrust#2,16384,1,3.13403,430
Thrust#2,16384,1,3.15601,408
Thrust#2,16384,1,3.14746,416
Thrust#2,16384,1,3.15283,448
Thrust#2,16384,1,3.1377,480
Thrust#2,16384,1,3.1438,459
Thrust#2,16384,1,3.13696,454
Thrust#2,16384,1,3.13135,458
Thrust#2,16384,1,3.13306,454
Thrust#2,16384,1,3.1521,456
Thrust#2,16384,1,3.12524,465
Thrust#2,16384,1,3.14355,449
Thrust#2,16384,1,3.14404,453
Thrust#2,16384,1,3.1582,442
Thrust#2,16384,1,3.14941,601
Thrust#2,16384,1,3.11694,447
Thrust#2,16384,1,3.14038,440
Thrust#2,16384,1,3.13794,452
Thrust#2,16384,1,3.146,443
Thrust#2,16384,1,3.14624,442
Thrust#2,16384,1,3.15405,441
Thrust#2,16384,1,3.13477,439
Thrust#2,16384,1,3.15625,441
Thrust#2,16384,1,3.14429,449
Thrust#2,16384,1,3.14746,451
Thrust#2,16384,1,3.13892,460
Thrust#2,16384,1,3.12183,432
Thrust#2,16384,1,3.13062,407
Thrust#2,16384,1,3.14233,405
Thrust#2,16384,1,3.15063,402
Thrust#2,16384,1,3.13477,496
Thrust#2,16384,1,3.14697,1371
Thrust#2,16384,1,3.15723,501
Thrust#2,16384,1,3.14307,455
Thrust#2,16384,1,3.15479,417
Thrust#2,16384,1,3.11597,416
Thrust#2,16384,1,3.14233,409
Thrust#2,16384,1,3.14038,410
Thrust#2,16384,1,3.14136,416
Thrust#2,16384,1,3.11841,410
Thrust#2,16384,1,3.14917,417
Thrust#2,16384,1,3.14453,418
Thrust#2,16384,1,3.12939,416
Thrust#2,16384,1,3.15381,418
Thrust#2,16384,1,3.1355,415
Thrust#2,16384,1,3.12402,420
Thrust#2,16384,1,3.1333,407
Thrust#2,16384,1,3.12476,402
Thrust#2,16384,1,3.13159,400
Thrust#2,16384,1,3.14014,406
Thrust#2,16384,2,3.14771,410
Thrust#2,16384,2,3.13647,289
Thrust#2,16384,2,3.13281,289
Thrust#2,16384,2,3.15186,291
Thrust#2,16384,2,3.12158,289
Thrust#2,16384,2,3.14795,279
Thrust#2,16384,2,3.1521,288
Thrust#2,16384,2,3.11597,293
Thrust#2,16384,2,3.14453,287
Thrust#2,16384,2,3.16943,288
Thrust#2,16384,2,3.11865,292
Thrust#2,16384,2,3.13501,290
Thrust#2,16384,2,3.12646,288
Thrust#2,16384,2,3.11621,286
Thrust#2,16384,2,3.14209,289
Thrust#2,16384,2,3.13623,291
Thrust#2,16384,2,3.15039,292
Thrust#2,16384,2,3.15015,288
Thrust#2,16384,2,3.12036,289
Thrust#2,16384,2,3.1311,290
Thrust#2,16384,2,3.12549,288
Thrust#2,16384,2,3.1377,289
Thrust#2,16384,2,3.16699,289
Thrust#2,16384,2,3.13843,290
Thrust#2,16384,2,3.11987,287
Thrust#2,16384,2,3.13867,286
Thrust#2,16384,2,3.15283,289
Thrust#2,16384,2,3.13403,281
Thrust#2,16384,2,3.11523,290
Thrust#2,16384,2,3.13843,288
Thrust#2,16384,2,3.14136,281
Thrust#2,16384,2,3.13599,290
Thrust#2,16384,2,3.14893,288
Thrust#2,16384,2,3.14136,288
Thrust#2,16384,2,3.14697,289
Thrust#2,16384,2,3.11938,291
Thrust#2,16384,2,3.13623,287
Thrust#2,16384,2,3.14282,290
Thrust#2,16384,2,3.12402,290
Thrust#2,16384,2,3.14966,290
Thrust#2,16384,2,3.14771,279
Thrust#2,16384,2,3.1604,288
Thrust#2,16384,2,3.15259,281
Thrust#2,16384,2,3.13623,289
Thrust#2,16384,2,3.15503,288
Thrust#2,16384,2,3.11255,289
Thrust#2,16384,2,3.14185,288
Thrust#2,16384,2,3.14282,291
Thrust#2,16384,2,3.14404,287
Thrust#2,16384,2,3.15552,282
Thrust#2,16384,2,3.12134,290
Thrust#2,16384,2,3.12939,292
Thrust#2,16384,2,3.15405,292
Thrust#2,16384,2,3.12793,288
Thrust#2,16384,2,3.13916,290
Thrust#2,16384,2,3.14551,448
Thrust#2,16384,2,3.11304,288
Thrust#2,16384,2,3.16431,287
Thrust#2,16384,2,3.13916,294
Thrust#2,16384,2,3.12134,280
Thrust#2,16384,2,3.14917,282
Thrust#2,16384,2,3.12817,289
Thrust#2,16384,2,3.16528,292
Thrust#2,16384,2,3.17236,280
Thrust#2,16384,2,3.14648,290
Thrust#2,16384,2,3.125,288
Thrust#2,16384,2,3.14746,321
Thrust#2,16384,2,3.14307,321
Thrust#2,16384,2,3.15308,317
Thrust#2,16384,2,3.14233,290
Thrust#2,16384,2,3.14014,292
Thrust#2,16384,2,3.15308,293
Thrust#2,16384,2,3.14502,293
Thrust#2,16384,2,3.13892,317
Thrust#2,16384,2,3.13428,292
Thrust#2,16384,2,3.15186,289
Thrust#2,16384,2,3.13599,287
Thrust#2,16384,2,3.13818,280
Thrust#2,16384,2,3.13281,292
Thrust#2,16384,2,3.14258,465
Thrust#2,16384,2,3.15771,436
Thrust#2,16384,2,3.13672,318
Thrust#2,16384,2,3.14844,291
Thrust#2,16384,2,3.14331,296
Thrust#2,16384,2,3.1355,297
Thrust#2,16384,2,3.13989,293
Thrust#2,16384,2,3.14502,285
Thrust#2,16384,2,3.12207,287
Thrust#2,16384,2,3.15649,297
Thrust#2,16384,2,3.12183,291
Thrust#2,16384,2,3.14233,285
Thrust#2,16384,2,3.146,286
Thrust#2,16384,2,3.14307,288
Thrust#2,16384,2,3.14819,293
Thrust#2,16384,2,3.14331,294
Thrust#2,16384,2,3.1438,295
Thrust#2,16384,2,3.13232,468
Thrust#2,16384,2,3.15503,310
Thrust#2,16384,2,3.14917,290
Thrust#2,16384,2,3.12134,292
Thrust#2,16384,4,3.13818,229
Thrust#2,16384,4,3.13965,226
Thrust#2,16384,4,3.13965,229
Thrust#2,16384,4,3.14478,227
Thrust#2,16384,4,3.12866,231
Thrust#2,16384,4,3.13184,226
Thrust#2,16384,4,3.14551,223
Thrust#2,16384,4,3.15405,222
Thrust#2,16384,4,3.1521,225
Thrust#2,16384,4,3.14185,223
Thrust#2,16384,4,3.12695,224
Thrust#2,16384,4,3.13892,381
Thrust#2,16384,4,3.16089,225
Thrust#2,16384,4,3.15479,223
Thrust#2,16384,4,3.13794,221
Thrust#2,16384,4,3.14478,214
Thrust#2,16384,4,3.15234,227
Thrust#2,16384,4,3.13916,226
Thrust#2,16384,4,3.1394,223
Thrust#2,16384,4,3.13013,223
Thrust#2,16384,4,3.13867,227
Thrust#2,16384,4,3.14355,223
Thrust#2,16384,4,3.1377,222
Thrust#2,16384,4,3.1543,223
Thrust#2,16384,4,3.1355,225
Thrust#2,16384,4,3.13647,230
Thrust#2,16384,4,3.11401,273
Thrust#2,16384,4,3.12573,1259
Thrust#2,16384,4,3.11133,343
Thrust#2,16384,4,3.15894,297
Thrust#2,16384,4,3.1499,236
Thrust#2,16384,4,3.1604,229
Thrust#2,16384,4,3.14673,230
Thrust#2,16384,4,3.11401,229
Thrust#2,16384,4,3.13867,229
Thrust#2,16384,4,3.14941,219
Thrust#2,16384,4,3.13892,221
Thrust#2,16384,4,3.13086,222
Thrust#2,16384,4,3.11938,228
Thrust#2,16384,4,3.14844,221
Thrust#2,16384,4,3.11987,220
Thrust#2,16384,4,3.13867,222
Thrust#2,16384,4,3.12524,228
Thrust#2,16384,4,3.13062,221
Thrust#2,16384,4,3.13989,221
Thrust#2,16384,4,3.14526,222
Thrust#2,16384,4,3.14233,219
Thrust#2,16384,4,3.12646,220
Thrust#2,16384,4,3.12695,221
Thrust#2,16384,4,3.1438,222
Thrust#2,16384,4,3.14233,220
Thrust#2,16384,4,3.12817,230
Thrust#2,16384,4,3.12744,220
Thrust#2,16384,4,3.17041,221
Thrust#2,16384,4,3.13867,228
Thrust#2,16384,4,3.13257,221
Thrust#2,16384,4,3.14868,221
Thrust#2,16384,4,3.13159,222
Thrust#2,16384,4,3.16528,229
Thrust#2,16384,4,3.13306,220
Thrust#2,16384,4,3.13232,221
Thrust#2,16384,4,3.14453,222
Thrust#2,16384,4,3.14307,227
Thrust#2,16384,4,3.12085,222
Thrust#2,16384,4,3.14722,230
Thrust#2,16384,4,3.11646,229
Thrust#2,16384,4,3.13916,229
Thrust#2,16384,4,3.15991,220
Thrust#2,16384,4,3.14258,221
Thrust#2,16384,4,3.12671,223
Thrust#2,16384,4,3.11987,228
Thrust#2,16384,4,3.13477,221
Thrust#2,16384,4,3.1333,222
Thrust#2,16384,4,3.10962,223
Thrust#2,16384,4,3.13062,223
Thrust#2,16384,4,3.14258,222
Thrust#2,16384,4,3.12598,314
Thrust#2,16384,4,3.13647,225
Thrust#2,16384,4,3.15161,221
Thrust#2,16384,4,3.13208,222
Thrust#2,16384,4,3.1438,222
Thrust#2,16384,4,3.12744,226
Thrust#2,16384,4,3.14087,222
Thrust#2,16384,4,3.16016,222
Thrust#2,16384,4,3.15967,223
Thrust#2,16384,4,3.15088,225
Thrust#2,16384,4,3.13916,222
Thrust#2,16384,4,3.12598,224
Thrust#2,16384,4,3.1228,222
Thrust#2,16384,4,3.13916,225
Thrust#2,16384,4,3.14941,221
Thrust#2,16384,4,3.15356,223
Thrust#2,16384,4,3.14478,224
Thrust#2,16384,4,3.14746,227
Thrust#2,16384,4,3.14697,220
Thrust#2,16384,4,3.1543,222
Thrust#2,16384,4,3.1394,221
Thrust#2,16384,4,3.15601,225
Thrust#2,16384,4,3.12573,222
Thrust#2,16384,4,3.14404,222
Thrust#2,16384,8,3.15015,206
Thrust#2,16384,8,3.12695,210
Thrust#2,16384,8,3.15771,205
Thrust#2,16384,8,3.14014,205
Thrust#2,16384,8,3.13745,207
Thrust#2,16384,8,3.13721,208
Thrust#2,16384,8,3.14453,208
Thrust#2,16384,8,3.15454,206
Thrust#2,16384,8,3.16309,206
Thrust#2,16384,8,3.10718,210
Thrust#2,16384,8,3.13623,205
Thrust#2,16384,8,3.12939,204
Thrust#2,16384,8,3.13745,217
Thrust#2,16384,8,3.13135,214
Thrust#2,16384,8,3.15356,207
Thrust#2,16384,8,3.12402,206
Thrust#2,16384,8,3.1416,207
Thrust#2,16384,8,3.15576,210
Thrust#2,16384,8,3.14282,207
Thrust#2,16384,8,3.14722,204
Thrust#2,16384,8,3.1438,207
Thrust#2,16384,8,3.13086,211
Thrust#2,16384,8,3.13623,207
Thrust#2,16384,8,3.1582,209
Thrust#2,16384,8,3.14917,206
Thrust#2,16384,8,3.13672,214
Thrust#2,16384,8,3.14258,208
Thrust#2,16384,8,3.12061,207
Thrust#2,16384,8,3.12842,204
Thrust#2,16384,8,3.1355,211
Thrust#2,16384,8,3.14673,210
Thrust#2,16384,8,3.14697,207
Thrust#2,16384,8,3.14551,205
Thrust#2,16384,8,3.14429,210
Thrust#2,16384,8,3.16455,207
Thrust#2,16384,8,3.15063,205
Thrust#2,16384,8,3.14673,205
Thrust#2,16384,8,3.15015,209
Thrust#2,16384,8,3.11597,205
Thrust#2,16384,8,3.13452,205
Thrust#2,16384,8,3.13892,205
Thrust#2,16384,8,3.17212,211
Thrust#2,16384,8,3.10547,211
Thrust#2,16384,8,3.15649,209
Thrust#2,16384,8,3.13843,206
Thrust#2,16384,8,3.15552,210
Thrust#2,16384,8,3.15991,206
Thrust#2,16384,8,3.14453,204
Thrust#2,16384,8,3.1438,205
Thrust#2,16384,8,3.16455,210
Thrust#2,16384,8,3.13062,208
Thrust#2,16384,8,3.15503,370
Thrust#2,16384,8,3.15283,205
Thrust#2,16384,8,3.1499,211
Thrust#2,16384,8,3.15698,207
Thrust#2,16384,8,3.15454,205
Thrust#2,16384,8,3.12915,206
Thrust#2,16384,8,3.14087,298
Thrust#2,16384,8,3.16382,206
Thrust#2,16384,8,3.12695,207
Thrust#2,16384,8,3.15137,207
Thrust#2,16384,8,3.14575,210
Thrust#2,16384,8,3.15942,206
Thrust#2,16384,8,3.1355,206
Thrust#2,16384,8,3.13989,203
Thrust#2,16384,8,3.15747,210
Thrust#2,16384,8,3.13281,207
Thrust#2,16384,8,3.11499,206
Thrust#2,16384,8,3.16455,205
Thrust#2,16384,8,3.1355,211
Thrust#2,16384,8,3.13403,205
Thrust#2,16384,8,3.13232,207
Thrust#2,16384,8,3.14844,206
Thrust#2,16384,8,3.14478,210
Thrust#2,16384,8,3.13013,206
Thrust#2,16384,8,3.14697,203
Thrust#2,16384,8,3.12769,208
Thrust#2,16384,8,3.14502,210
Thrust#2,16384,8,3.13745,205
Thrust#2,16384,8,3.12842,207
Thrust#2,16384,8,3.12793,206
Thrust#2,16384,8,3.13184,208
Thrust#2,16384,8,3.1311,205
Thrust#2,16384,8,3.12939,206
Thrust#2,16384,8,3.11206,206
Thrust#2,16384,8,3.12988,208
Thrust#2,16384,8,3.14087,206
Thrust#2,16384,8,3.1687,213
Thrust#2,16384,8,3.16138,255
Thrust#2,16384,8,3.14014,1384
Thrust#2,16384,8,3.13379,276
Thrust#2,16384,8,3.15137,243
Thrust#2,16384,8,3.15015,226
Thrust#2,16384,8,3.15161,212
Thrust#2,16384,8,3.15088,213
Thrust#2,16384,8,3.13379,212
Thrust#2,16384,8,3.14575,212
Thrust#2,16384,8,3.14722,212
Thrust#2,16384,8,3.14966,214
Thrust#2,16384,8,3.14673,211
Thrust#2,16384,16,3.1438,221
Thrust#2,16384,16,3.14185,214
Thrust#2,16384,16,3.1438,212
Thrust#2,16384,16,3.14722,214
Thrust#2,16384,16,3.14673,220
Thrust#2,16384,16,3.14404,221
Thrust#2,16384,16,3.13794,215
Thrust#2,16384,16,3.1521,220
Thrust#2,16384,16,3.13623,220
Thrust#2,16384,16,3.14648,219
Thrust#2,16384,16,3.1394,216
Thrust#2,16384,16,3.15015,218
Thrust#2,16384,16,3.14136,222
Thrust#2,16384,16,3.1416,220
Thrust#2,16384,16,3.14893,214
Thrust#2,16384,16,3.14648,213
Thrust#2,16384,16,3.12329,213
Thrust#2,16384,16,3.13745,215
Thrust#2,16384,16,3.16138,211
Thrust#2,16384,16,3.16064,217
Thrust#2,16384,16,3.14575,361
Thrust#2,16384,16,3.11768,214
Thrust#2,16384,16,3.15771,218
Thrust#2,16384,16,3.16382,212
Thrust#2,16384,16,3.14331,213
Thrust#2,16384,16,3.12109,213
Thrust#2,16384,16,3.12769,216
Thrust#2,16384,16,3.13086,212
Thrust#2,16384,16,3.12988,212
Thrust#2,16384,16,3.14111,213
Thrust#2,16384,16,3.12988,218
Thrust#2,16384,16,3.13892,212
Thrust#2,16384,16,3.17065,212
Thrust#2,16384,16,3.12061,214
Thrust#2,16384,16,3.15991,218
Thrust#2,16384,16,3.15039,215
Thrust#2,16384,16,3.14844,212
Thrust#2,16384,16,3.13525,212
Thrust#2,16384,16,3.11475,217
Thrust#2,16384,16,3.12524,214
Thrust#2,16384,16,3.13452,213
Thrust#2,16384,16,3.15674,213
Thrust#2,16384,16,3.13232,216
Thrust#2,16384,16,3.14307,213
Thrust#2,16384,16,3.14185,212
Thrust#2,16384,16,3.13745,213
Thrust#2,16384,16,3.1438,216
Thrust#2,16384,16,3.14111,217
Thrust#2,16384,16,3.13916,216
Thrust#2,16384,16,3.12744,215
Thrust#2,16384,16,3.13062,217
Thrust#2,16384,16,3.14111,213
Thrust#2,16384,16,3.14307,212
Thrust#2,16384,16,3.14697,214
Thrust#2,16384,16,3.13623,216
Thrust#2,16384,16,3.14844,213
Thrust#2,16384,16,3.16016,214
Thrust#2,16384,16,3.13892,214
Thrust#2,16384,16,3.15771,216
Thrust#2,16384,16,3.15601,213
Thrust#2,16384,16,3.11963,212
Thrust#2,16384,16,3.13379,213
Thrust#2,16384,16,3.15234,217
Thrust#2,16384,16,3.14844,214
Thrust#2,16384,16,3.1311,213
Thrust#2,16384,16,3.12573,213
Thrust#2,16384,16,3.12476,217
Thrust#2,16384,16,3.14307,212
Thrust#2,16384,16,3.15088,212
Thrust#2,16384,16,3.14551,220
Thrust#2,16384,16,3.15894,218
Thrust#2,16384,16,3.12402,213
Thrust#2,16384,16,3.14697,214
Thrust#2,16384,16,3.16138,258
Thrust#2,16384,16,3.13647,218
Thrust#2,16384,16,3.14526,214
Thrust#2,16384,16,3.1731,212
Thrust#2,16384,16,3.1582,214
Thrust#2,16384,16,3.14551,218
Thrust#2,16384,16,3.15479,213
Thrust#2,16384,16,3.16309,218
Thrust#2,16384,16,3.15234,214
Thrust#2,16384,16,3.13721,217
Thrust#2,16384,16,3.1228,212
Thrust#2,16384,16,3.14233,214
Thrust#2,16384,16,3.14526,214
Thrust#2,16384,16,3.13135,231
Thrust#2,16384,16,3.15527,215
Thrust#2,16384,16,3.10352,213
Thrust#2,16384,16,3.14819,532
Thrust#2,16384,16,3.16089,211
Thrust#2,16384,16,3.13013,213
Thrust#2,16384,16,3.13647,379
Thrust#2,16384,16,3.15332,213
Thrust#2,16384,16,3.15015,216
Thrust#2,16384,16,3.12817,213
Thrust#2,16384,16,3.15747,212
Thrust#2,16384,16,3.12744,212
Thrust#2,16384,16,3.12329,215
Thrust#2,16384,16,3.14087,209
Thrust#2,16384,32,3.1228,211
Thrust#2,16384,32,3.15405,213
Thrust#2,16384,32,3.13818,215
Thrust#2,16384,32,3.12817,212
Thrust#2,16384,32,3.14526,213
Thrust#2,16384,32,3.15405,212
Thrust#2,16384,32,3.1333,215
Thrust#2,16384,32,3.14795,212
Thrust#2,16384,32,3.13892,212
Thrust#2,16384,32,3.12769,212
Thrust#2,16384,32,3.13843,216
Thrust#2,16384,32,3.15039,204
Thrust#2,16384,32,3.14893,213
Thrust#2,16384,32,3.13379,212
Thrust#2,16384,32,3.13501,216
Thrust#2,16384,32,3.15112,205
Thrust#2,16384,32,3.14868,206
Thrust#2,16384,32,3.12329,204
Thrust#2,16384,32,3.13452,214
Thrust#2,16384,32,3.15918,214
Thrust#2,16384,32,3.12866,212
Thrust#2,16384,32,3.14038,212
Thrust#2,16384,32,3.15063,208
Thrust#2,16384,32,3.146,214
Thrust#2,16384,32,3.1333,213
Thrust#2,16384,32,3.15259,205
Thrust#2,16384,32,3.14746,229
Thrust#2,16384,32,3.12646,218
Thrust#2,16384,32,3.12891,213
Thrust#2,16384,32,3.1416,1493
Thrust#2,16384,32,3.13232,283
Thrust#2,16384,32,3.15771,236
Thrust#2,16384,32,3.13281,236
Thrust#2,16384,32,3.15454,220
Thrust#2,16384,32,3.12573,215
Thrust#2,16384,32,3.13647,210
Thrust#2,16384,32,3.1604,221
Thrust#2,16384,32,3.14502,221
Thrust#2,16384,32,3.12915,213
Thrust#2,16384,32,3.16064,212
Thrust#2,16384,32,3.12988,221
Thrust#2,16384,32,3.1167,220
Thrust#2,16384,32,3.15869,221
Thrust#2,16384,32,3.1543,212
Thrust#2,16384,32,3.17261,211
Thrust#2,16384,32,3.13989,220
Thrust#2,16384,32,3.1416,215
Thrust#2,16384,32,3.14331,211
Thrust#2,16384,32,3.15234,220
Thrust#2,16384,32,3.13135,214
Thrust#2,16384,32,3.15112,220
Thrust#2,16384,32,3.14429,212
Thrust#2,16384,32,3.13672,212
Thrust#2,16384,32,3.13379,219
Thrust#2,16384,32,3.15649,212
Thrust#2,16384,32,3.14233,213
Thrust#2,16384,32,3.14233,208
Thrust#2,16384,32,3.13257,213
Thrust#2,16384,32,3.17212,212
Thrust#2,16384,32,3.12158,216
Thrust#2,16384,32,3.12207,234
Thrust#2,16384,32,3.14136,303
Thrust#2,16384,32,3.14917,257
Thrust#2,16384,32,3.15942,218
Thrust#2,16384,32,3.15039,217
Thrust#2,16384,32,3.14209,246
Thrust#2,16384,32,3.1355,215
Thrust#2,16384,32,3.14575,213
Thrust#2,16384,32,3.12134,249
Thrust#2,16384,32,3.13184,215
Thrust#2,16384,32,3.13306,204
Thrust#2,16384,32,3.15186,214
Thrust#2,16384,32,3.14502,220
Thrust#2,16384,32,3.1228,215
Thrust#2,16384,32,3.14258,216
Thrust#2,16384,32,3.13599,218
Thrust#2,16384,32,3.14893,212
Thrust#2,16384,32,3.14673,215
Thrust#2,16384,32,3.11963,214
Thrust#2,16384,32,3.13525,216
Thrust#2,16384,32,3.16187,215
Thrust#2,16384,32,3.14819,213
Thrust#2,16384,32,3.14575,213
Thrust#2,16384,32,3.1731,206
Thrust#2,16384,32,3.15479,216
Thrust#2,16384,32,3.15015,214
Thrust#2,16384,32,3.15186,213
Thrust#2,16384,32,3.14917,206
Thrust#2,16384,32,3.13623,207
Thrust#2,16384,32,3.15991,204
Thrust#2,16384,32,3.15088,205
Thrust#2,16384,32,3.14697,214
Thrust#2,16384,32,3.15479,217
Thrust#2,16384,32,3.12988,212
Thrust#2,16384,32,3.1106,212
Thrust#2,16384,32,3.146,215
Thrust#2,16384,32,3.15186,215
Thrust#2,16384,32,3.14429,213
Thrust#2,16384,32,3.14136,213
Thrust#2,16384,32,3.14746,213
Thrust#2,16384,64,3.13159,248
Thrust#2,16384,64,3.13721,244
Thrust#2,16384,64,3.15356,244
Thrust#2,16384,64,3.13867,247
Thrust#2,16384,64,3.14014,250
Thrust#2,16384,64,3.13989,246
Thrust#2,16384,64,3.1687,245
Thrust#2,16384,64,3.13843,247
Thrust#2,16384,64,3.13794,248
Thrust#2,16384,64,3.12598,245
Thrust#2,16384,64,3.16699,247
Thrust#2,16384,64,3.14526,247
Thrust#2,16384,64,3.13721,249
Thrust#2,16384,64,3.13794,245
Thrust#2,16384,64,3.14136,246
Thrust#2,16384,64,3.1582,250
Thrust#2,16384,64,3.12329,248
Thrust#2,16384,64,3.13037,246
Thrust#2,16384,64,3.13965,245
Thrust#2,16384,64,3.16235,247
Thrust#2,16384,64,3.11548,247
Thrust#2,16384,64,3.12622,246
Thrust#2,16384,64,3.13452,246
Thrust#2,16384,64,3.1228,245
Thrust#2,16384,64,3.1438,248
Thrust#2,16384,64,3.13403,246
Thrust#2,16384,64,3.12305,246
Thrust#2,16384,64,3.16309,251
Thrust#2,16384,64,3.15723,259
Thrust#2,16384,64,3.13257,299
Thrust#2,16384,64,3.12598,251
Thrust#2,16384,64,3.13965,248
Thrust#2,16384,64,3.15503,248
Thrust#2,16384,64,3.1543,245
Thrust#2,16384,64,3.10278,247
Thrust#2,16384,64,3.15356,250
Thrust#2,16384,64,3.13062,246
Thrust#2,16384,64,3.13892,246
Thrust#2,16384,64,3.14966,247
Thrust#2,16384,64,3.12158,249
Thrust#2,16384,64,3.12134,248
Thrust#2,16384,64,3.13208,245
Thrust#2,16384,64,3.14136,244
Thrust#2,16384,64,3.14282,249
Thrust#2,16384,64,3.14429,246
Thrust#2,16384,64,3.14038,247
Thrust#2,16384,64,3.15112,245
Thrust#2,16384,64,3.12524,247
Thrust#2,16384,64,3.13477,245
Thrust#2,16384,64,3.13281,245
Thrust#2,16384,64,3.16846,246
Thrust#2,16384,64,3.13135,248
Thrust#2,16384,64,3.12793,244
Thrust#2,16384,64,3.14795,245
Thrust#2,16384,64,3.14575,246
Thrust#2,16384,64,3.13647,248
Thrust#2,16384,64,3.15381,245
Thrust#2,16384,64,3.13379,246
Thrust#2,16384,64,3.1377,247
Thrust#2,16384,64,3.14014,251
Thrust#2,16384,64,3.14282,1493
Thrust#2,16384,64,3.14648,311
Thrust#2,16384,64,3.15381,287
Thrust#2,16384,64,3.16699,260
Thrust#2,16384,64,3.14722,245
Thrust#2,16384,64,3.14453,256
Thrust#2,16384,64,3.12817,241
Thrust#2,16384,64,3.12769,254
Thrust#2,16384,64,3.15161,285
Thrust#2,16384,64,3.13989,249
Thrust#2,16384,64,3.12939,245
Thrust#2,16384,64,3.14331,253
Thrust#2,16384,64,3.14209,253
Thrust#2,16384,64,3.1377,256
Thrust#2,16384,64,3.14917,242
Thrust#2,16384,64,3.13989,255
Thrust#2,16384,64,3.15234,246
Thrust#2,16384,64,3.15381,256
Thrust#2,16384,64,3.16064,243
Thrust#2,16384,64,3.1355,254
Thrust#2,16384,64,3.14087,246
Thrust#2,16384,64,3.14185,256
Thrust#2,16384,64,3.13379,242
Thrust#2,16384,64,3.16675,255
Thrust#2,16384,64,3.15381,249
Thrust#2,16384,64,3.14136,250
Thrust#2,16384,64,3.1377,245
Thrust#2,16384,64,3.12329,246
Thrust#2,16384,64,3.15918,250
Thrust#2,16384,64,3.14233,320
Thrust#2,16384,64,3.15088,246
Thrust#2,16384,64,3.15015,246
Thrust#2,16384,64,3.1416,247
Thrust#2,16384,64,3.12817,247
Thrust#2,16384,64,3.13257,246
Thrust#2,16384,64,3.14282,246
Thrust#2,16384,64,3.15283,246
Thrust#2,16384,64,3.15625,246
Thrust#2,16384,64,3.13867,249
Thrust#2,16384,64,3.1543,247
Thrust#2,16384,128,3.1499,342
Thrust#2,16384,128,3.16016,345
Thrust#2,16384,128,3.15259,343
Thrust#2,16384,128,3.10571,344
Thrust#2,16384,128,3.13208,346
Thrust#2,16384,128,3.13306,351
Thrust#2,16384,128,3.15771,343
Thrust#2,16384,128,3.13428,345
Thrust#2,16384,128,3.14575,343
Thrust#2,16384,128,3.13281,345
Thrust#2,16384,128,3.14331,343
Thrust#2,16384,128,3.13843,343
Thrust#2,16384,128,3.14282,346
Thrust#2,16384,128,3.15942,347
Thrust#2,16384,128,3.15308,344
Thrust#2,16384,128,3.14868,347
Thrust#2,16384,128,3.15771,343
Thrust#2,16384,128,3.15308,348
Thrust#2,16384,128,3.1377,343
Thrust#2,16384,128,3.11353,344
Thrust#2,16384,128,3.14233,345
Thrust#2,16384,128,3.13354,347
Thrust#2,16384,128,3.1521,342
Thrust#2,16384,128,3.12598,343
Thrust#2,16384,128,3.12695,344
Thrust#2,16384,128,3.12305,347
Thrust#2,16384,128,3.16431,344
Thrust#2,16384,128,3.12622,344
Thrust#2,16384,128,3.12646,343
Thrust#2,16384,128,3.14624,348
Thrust#2,16384,128,3.13232,346
Thrust#2,16384,128,3.14624,345
Thrust#2,16384,128,3.13599,345
Thrust#2,16384,128,3.14648,346
Thrust#2,16384,128,3.146,346
Thrust#2,16384,128,3.13232,344
Thrust#2,16384,128,3.14697,345
Thrust#2,16384,128,3.13428,387
Thrust#2,16384,128,3.12598,341
Thrust#2,16384,128,3.13599,344
Thrust#2,16384,128,3.13721,345
Thrust#2,16384,128,3.13452,347
Thrust#2,16384,128,3.14844,343
Thrust#2,16384,128,3.14746,343
Thrust#2,16384,128,3.14771,345
Thrust#2,16384,128,3.13501,347
Thrust#2,16384,128,3.13379,345
Thrust#2,16384,128,3.11743,363
Thrust#2,16384,128,3.14526,348
Thrust#2,16384,128,3.14429,345
Thrust#2,16384,128,3.11377,344
Thrust#2,16384,128,3.12671,344
Thrust#2,16384,128,3.13354,345
Thrust#2,16384,128,3.14722,354
Thrust#2,16384,128,3.12793,348
Thrust#2,16384,128,3.12842,371
Thrust#2,16384,128,3.14038,345
Thrust#2,16384,128,3.13403,346
Thrust#2,16384,128,3.11304,345
Thrust#2,16384,128,3.15967,348
Thrust#2,16384,128,3.14526,356
Thrust#2,16384,128,3.12036,1499
Thrust#2,16384,128,3.14551,397
Thrust#2,16384,128,3.13037,348
Thrust#2,16384,128,3.11035,352
Thrust#2,16384,128,3.15063,352
Thrust#2,16384,128,3.14478,354
Thrust#2,16384,128,3.13965,341
Thrust#2,16384,128,3.10986,352
Thrust#2,16384,128,3.11914,353
Thrust#2,16384,128,3.15186,357
Thrust#2,16384,128,3.13062,353
Thrust#2,16384,128,3.11597,351
Thrust#2,16384,128,3.146,352
Thrust#2,16384,128,3.14771,353
Thrust#2,16384,128,3.16235,341
Thrust#2,16384,128,3.1416,386
Thrust#2,16384,128,3.1189,350
Thrust#2,16384,128,3.16357,355
Thrust#2,16384,128,3.14136,343
Thrust#2,16384,128,3.14771,344
Thrust#2,16384,128,3.15845,343
Thrust#2,16384,128,3.12451,357
Thrust#2,16384,128,3.14648,385
Thrust#2,16384,128,3.14453,345
Thrust#2,16384,128,3.13574,345
Thrust#2,16384,128,3.15137,347
Thrust#2,16384,128,3.14282,342
Thrust#2,16384,128,3.16089,345
Thrust#2,16384,128,3.14917,348
Thrust#2,16384,128,3.1416,346
Thrust#2,16384,128,3.15747,344
Thrust#2,16384,128,3.15332,344
Thrust#2,16384,128,3.13428,347
Thrust#2,16384,128,3.12134,345
Thrust#2,16384,128,3.13525,343
Thrust#2,16384,128,3.13135,343
Thrust#2,16384,128,3.1499,344
Thrust#2,16384,128,3.12646,345
Thrust#2,16384,128,3.15015,343
Thrust#2,16384,256,3.14893,548
Thrust#2,16384,256,3.15942,577
Thrust#2,16384,256,3.12183,555
Thrust#2,16384,256,3.1272,549
Thrust#2,16384,256,3.14453,551
Thrust#2,16384,256,3.14136,553
Thrust#2,16384,256,3.14673,547
Thrust#2,16384,256,3.15405,547
Thrust#2,16384,256,3.14087,560
Thrust#2,16384,256,3.15015,565
Thrust#2,16384,256,3.14893,561
Thrust#2,16384,256,3.14673,560
Thrust#2,16384,256,3.11987,561
Thrust#2,16384,256,3.13013,563
Thrust#2,16384,256,3.146,560
Thrust#2,16384,256,3.12793,561
Thrust#2,16384,256,3.14209,575
Thrust#2,16384,256,3.14258,590
Thrust#2,16384,256,3.14282,550
Thrust#2,16384,256,3.14771,661
Thrust#2,16384,256,3.13501,561
Thrust#2,16384,256,3.1272,553
Thrust#2,16384,256,3.14795,549
Thrust#2,16384,256,3.14185,548
Thrust#2,16384,256,3.14062,548
Thrust#2,16384,256,3.14819,553
Thrust#2,16384,256,3.13281,548
Thrust#2,16384,256,3.14648,550
Thrust#2,16384,256,3.16992,549
Thrust#2,16384,256,3.14648,568
Thrust#2,16384,256,3.12866,560
Thrust#2,16384,256,3.15308,550
Thrust#2,16384,256,3.13647,550
Thrust#2,16384,256,3.13403,554
Thrust#2,16384,256,3.09985,547
Thrust#2,16384,256,3.12671,548
Thrust#2,16384,256,3.16504,549
Thrust#2,16384,256,3.14502,551
Thrust#2,16384,256,3.12524,551
Thrust#2,16384,256,3.14233,551
Thrust#2,16384,256,3.1377,549
Thrust#2,16384,256,3.13135,598
Thrust#2,16384,256,3.14233,585
Thrust#2,16384,256,3.16089,562
Thrust#2,16384,256,3.13477,548
Thrust#2,16384,256,3.16187,558
Thrust#2,16384,256,3.14331,550
Thrust#2,16384,256,3.14185,591
Thrust#2,16384,256,3.15796,562
Thrust#2,16384,256,3.13306,551
Thrust#2,16384,256,3.15137,548
Thrust#2,16384,256,3.15747,549
Thrust#2,16384,256,3.15723,550
Thrust#2,16384,256,3.14429,551
Thrust#2,16384,256,3.1394,551
Thrust#2,16384,256,3.13452,561
Thrust#2,16384,256,3.13696,563
Thrust#2,16384,256,3.14673,562
Thrust#2,16384,256,3.11621,560
Thrust#2,16384,256,3.13916,553
Thrust#2,16384,256,3.15137,554
Thrust#2,16384,256,3.11353,554
Thrust#2,16384,256,3.13672,549
Thrust#2,16384,256,3.1416,1771
Thrust#2,16384,256,3.13794,588
Thrust#2,16384,256,3.14038,556
Thrust#2,16384,256,3.13965,557
Thrust#2,16384,256,3.15576,565
Thrust#2,16384,256,3.16528,565
Thrust#2,16384,256,3.14478,565
Thrust#2,16384,256,3.14746,567
Thrust#2,16384,256,3.13354,571
Thrust#2,16384,256,3.17041,575
Thrust#2,16384,256,3.15771,563
Thrust#2,16384,256,3.14648,558
Thrust#2,16384,256,3.14404,592
Thrust#2,16384,256,3.14087,549
Thrust#2,16384,256,3.14136,552
Thrust#2,16384,256,3.13281,549
Thrust#2,16384,256,3.13818,549
Thrust#2,16384,256,3.15015,547
Thrust#2,16384,256,3.14038,553
Thrust#2,16384,256,3.12036,552
Thrust#2,16384,256,3.13745,548
Thrust#2,16384,256,3.15015,552
Thrust#2,16384,256,3.1394,563
Thrust#2,16384,256,3.13916,548
Thrust#2,16384,256,3.13062,549
Thrust#2,16384,256,3.13916,551
Thrust#2,16384,256,3.15698,551
Thrust#2,16384,256,3.14478,549
Thrust#2,16384,256,3.1272,562
Thrust#2,16384,256,3.12256,555
Thrust#2,16384,256,3.13843,550
Thrust#2,16384,256,3.13208,550
Thrust#2,16384,256,3.14722,550
Thrust#2,16384,256,3.15137,551
Thrust#2,16384,256,3.13428,552
Thrust#2,16384,256,3.14014,550
Thrust#2,16384,256,3.13965,549
Thrust#2,16384,512,3.14307,969
Thrust#2,16384,512,3.14111,967
Thrust#2,16384,512,3.16528,968
Thrust#2,16384,512,3.12866,1008
Thrust#2,16384,512,3.12744,978
Thrust#2,16384,512,3.14526,967
Thrust#2,16384,512,3.14502,966
Thrust#2,16384,512,3.1377,988
Thrust#2,16384,512,3.1355,970
Thrust#2,16384,512,3.1394,968
Thrust#2,16384,512,3.12866,981
Thrust#2,16384,512,3.1272,2115
Thrust#2,16384,512,3.15405,1012
Thrust#2,16384,512,3.15015,984
Thrust#2,16384,512,3.14819,983
Thrust#2,16384,512,3.16895,973
Thrust#2,16384,512,3.12988,968
Thrust#2,16384,512,3.1145,973
Thrust#2,16384,512,3.13916,1008
Thrust#2,16384,512,3.13501,969
Thrust#2,16384,512,3.14355,972
Thrust#2,16384,512,3.12549,967
Thrust#2,16384,512,3.1499,970
Thrust#2,16384,512,3.14819,967
Thrust#2,16384,512,3.14453,969
Thrust#2,16384,512,3.14258,967
Thrust#2,16384,512,3.12402,966
Thrust#2,16384,512,3.14282,967
Thrust#2,16384,512,3.12036,970
Thrust#2,16384,512,3.15503,976
Thrust#2,16384,512,3.13062,996
Thrust#2,16384,512,3.11401,991
Thrust#2,16384,512,3.13452,967
Thrust#2,16384,512,3.15845,967
Thrust#2,16384,512,3.14404,969
Thrust#2,16384,512,3.1333,973
Thrust#2,16384,512,3.11426,1008
Thrust#2,16384,512,3.14258,968
Thrust#2,16384,512,3.13403,966
Thrust#2,16384,512,3.125,969
Thrust#2,16384,512,3.15576,966
Thrust#2,16384,512,3.13599,969
Thrust#2,16384,512,3.16064,978
Thrust#2,16384,512,3.17236,968
Thrust#2,16384,512,3.146,2141
Thrust#2,16384,512,3.14185,1008
Thrust#2,16384,512,3.12231,984
Thrust#2,16384,512,3.14526,973
Thrust#2,16384,512,3.11963,975
Thrust#2,16384,512,3.14526,965
Thrust#2,16384,512,3.1355,978
Thrust#2,16384,512,3.12329,1010
Thrust#2,16384,512,3.17407,978
Thrust#2,16384,512,3.14453,966
Thrust#2,16384,512,3.14941,968
Thrust#2,16384,512,3.13208,970
Thrust#2,16384,512,3.15308,969
Thrust#2,16384,512,3.14551,967
Thrust#2,16384,512,3.13892,964
Thrust#2,16384,512,3.1731,971
Thrust#2,16384,512,3.13208,991
Thrust#2,16384,512,3.17432,970
Thrust#2,16384,512,3.13013,968
Thrust#2,16384,512,3.17407,968
Thrust#2,16384,512,3.14111,967
Thrust#2,16384,512,3.13232,968
Thrust#2,16384,512,3.13623,969
Thrust#2,16384,512,3.15552,990
Thrust#2,16384,512,3.12744,1023
Thrust#2,16384,512,3.13086,969
Thrust#2,16384,512,3.13501,967
Thrust#2,16384,512,3.15332,967
Thrust#2,16384,512,3.1416,966
Thrust#2,16384,512,3.14941,967
Thrust#2,16384,512,3.14233,972
Thrust#2,16384,512,3.1543,980
Thrust#2,16384,512,3.15967,2190
Thrust#2,16384,512,3.13696,1032
Thrust#2,16384,512,3.14648,972
Thrust#2,16384,512,3.13062,978
Thrust#2,16384,512,3.16626,971
Thrust#2,16384,512,3.14429,967
Thrust#2,16384,512,3.16113,975
Thrust#2,16384,512,3.12329,1121
Thrust#2,16384,512,3.13843,968
Thrust#2,16384,512,3.14404,968
Thrust#2,16384,512,3.14624,972
Thrust#2,16384,512,3.14722,967
Thrust#2,16384,512,3.14648,967
Thrust#2,16384,512,3.12842,967
Thrust#2,16384,512,3.15063,980
Thrust#2,16384,512,3.12891,978
Thrust#2,16384,512,3.14282,975
Thrust#2,16384,512,3.15259,978
Thrust#2,16384,512,3.13916,970
Thrust#2,16384,512,3.13843,966
Thrust#2,16384,512,3.1377,968
Thrust#2,16384,512,3.12231,969
Thrust#2,16384,512,3.17529,980
Thrust#2,16384,512,3.15015,977
Thrust#2,16384,1024,3.12476,1811
Thrust#2,16384,1024,3.13916,1908
Thrust#2,16384,1024,3.15625,1812
Thrust#2,16384,1024,3.15332,1804
Thrust#2,16384,1024,3.1521,1796
Thrust#2,16384,1024,3.14673,3000
Thrust#2,16384,1024,3.14868,1857
Thrust#2,16384,1024,3.14551,1814
Thrust#2,16384,1024,3.146,1817
Thrust#2,16384,1024,3.14282,1848
Thrust#2,16384,1024,3.15063,1797
Thrust#2,16384,1024,3.13477,1805
Thrust#2,16384,1024,3.13574,1814
Thrust#2,16384,1024,3.13232,1997
Thrust#2,16384,1024,3.15869,1875
Thrust#2,16384,1024,3.14136,1803
Thrust#2,16384,1024,3.14502,1818
Thrust#2,16384,1024,3.1604,1817
Thrust#2,16384,1024,3.12915,1851
Thrust#2,16384,1024,3.14429,1803
Thrust#2,16384,1024,3.14844,1833
Thrust#2,16384,1024,3.13208,1912
Thrust#2,16384,1024,3.11499,2953
Thrust#2,16384,1024,3.13965,1847
Thrust#2,16384,1024,3.1626,1814
Thrust#2,16384,1024,3.14136,1814
Thrust#2,16384,1024,3.1333,1811
Thrust#2,16384,1024,3.13599,1845
Thrust#2,16384,1024,3.13721,1811
Thrust#2,16384,1024,3.16382,1795
Thrust#2,16384,1024,3.14795,1802
Thrust#2,16384,1024,3.16699,1804
Thrust#2,16384,1024,3.146,1808
Thrust#2,16384,1024,3.13037,1804
Thrust#2,16384,1024,3.16553,1814
Thrust#2,16384,1024,3.12256,1805
Thrust#2,16384,1024,3.12622,1854
Thrust#2,16384,1024,3.14771,1805
Thrust#2,16384,1024,3.13501,1804
Thrust#2,16384,1024,3.13281,1811
Thrust#2,16384,1024,3.146,1822
Thrust#2,16384,1024,3.12085,1796
Thrust#2,16384,1024,3.15747,1794
Thrust#2,16384,1024,3.14624,1795
Thrust#2,16384,1024,3.14062,1810
Thrust#2,16384,1024,3.1377,1846
Thrust#2,16384,1024,3.14282,1803
Thrust#2,16384,1024,3.13794,1805
Thrust#2,16384,1024,3.13745,1822
Thrust#2,16384,1024,3.13867,3127
Thrust#2,16384,1024,3.15161,1858
Thrust#2,16384,1024,3.15576,1854
Thrust#2,16384,1024,3.15918,1823
Thrust#2,16384,1024,3.11035,1854
Thrust#2,16384,1024,3.14209,1805
Thrust#2,16384,1024,3.14062,1803
Thrust#2,16384,1024,3.12476,1803
Thrust#2,16384,1024,3.12891,1807
Thrust#2,16384,1024,3.14502,1810
Thrust#2,16384,1024,3.15137,1846
Thrust#2,16384,1024,3.16626,1810
Thrust#2,16384,1024,3.1311,1806
Thrust#2,16384,1024,3.14746,1844
Thrust#2,16384,1024,3.14746,1795
Thrust#2,16384,1024,3.12598,1806
Thrust#2,16384,1024,3.14624,1808
Thrust#2,16384,1024,3.13843,1810
Thrust#2,16384,1024,3.14111,2990
Thrust#2,16384,1024,3.12817,1880
Thrust#2,16384,1024,3.16846,1806
Thrust#2,16384,1024,3.12549,1830
Thrust#2,16384,1024,3.12988,1853
Thrust#2,16384,1024,3.14136,1795
Thrust#2,16384,1024,3.14038,1804
Thrust#2,16384,1024,3.13916,1809
Thrust#2,16384,1024,3.13989,1804
Thrust#2,16384,1024,3.14575,1805
Thrust#2,16384,1024,3.15308,1804
Thrust#2,16384,1024,3.15308,1812
Thrust#2,16384,1024,3.13525,1812
Thrust#2,16384,1024,3.12915,1853
Thrust#2,16384,1024,3.13892,1795
Thrust#2,16384,1024,3.12329,1805
Thrust#2,16384,1024,3.15747,1820
Thrust#2,16384,1024,3.16455,3009
Thrust#2,16384,1024,3.16577,1855
Thrust#2,16384,1024,3.12598,1845
Thrust#2,16384,1024,3.15625,1824
Thrust#2,16384,1024,3.13281,1856
Thrust#2,16384,1024,3.12817,1813
Thrust#2,16384,1024,3.14673,1805
Thrust#2,16384,1024,3.14819,1806
Thrust#2,16384,1024,3.14404,1806
Thrust#2,16384,1024,3.15674,1803
Thrust#2,16384,1024,3.16235,1805
Thrust#2,16384,1024,3.15845,1808
Thrust#2,16384,1024,3.13232,1795
Thrust#2,16384,1024,3.14429,1807
Thrust#2,16384,1024,3.14136,1867
Thrust#2,16384,1024,3.14502,1815
Thrust#2,16384,2048,3.14648,3470
Thrust#2,16384,2048,3.1416,4682
Thrust#2,16384,2048,3.15479,3508
Thrust#2,16384,2048,3.14111,3516
Thrust#2,16384,2048,3.17261,3467
Thrust#2,16384,2048,3.14478,3487
Thrust#2,16384,2048,3.12622,3468
Thrust#2,16384,2048,3.12451,3475
Thrust#2,16384,2048,3.1543,3525
Thrust#2,16384,2048,3.1604,3498
Thrust#2,16384,2048,3.14526,3488
Thrust#2,16384,2048,3.14331,3472
Thrust#2,16384,2048,3.16846,3475
Thrust#2,16384,2048,3.14355,3507
Thrust#2,16384,2048,3.14697,3487
Thrust#2,16384,2048,3.13403,4701
Thrust#2,16384,2048,3.14453,3516
Thrust#2,16384,2048,3.15503,3511
Thrust#2,16384,2048,3.12158,3475
Thrust#2,16384,2048,3.1499,3508
Thrust#2,16384,2048,3.15015,3493
Thrust#2,16384,2048,3.1604,3476
Thrust#2,16384,2048,3.15088,3534
Thrust#2,16384,2048,3.14819,3491
Thrust#2,16384,2048,3.12378,4837
Thrust#2,16384,2048,3.15161,3529
Thrust#2,16384,2048,3.14551,3522
Thrust#2,16384,2048,3.13647,3466
Thrust#2,16384,2048,3.17017,3485
Thrust#2,16384,2048,3.13428,3503
Thrust#2,16384,2048,3.13599,3493
Thrust#2,16384,2048,3.14746,3507
Thrust#2,16384,2048,3.14502,3475
Thrust#2,16384,2048,3.15063,3466
Thrust#2,16384,2048,3.12769,4672
Thrust#2,16384,2048,3.13745,3506
Thrust#2,16384,2048,3.1416,3511
Thrust#2,16384,2048,3.13159,3468
Thrust#2,16384,2048,3.14453,3479
Thrust#2,16384,2048,3.14478,3510
Thrust#2,16384,2048,3.12915,3538
Thrust#2,16384,2048,3.14868,3480
Thrust#2,16384,2048,3.1333,3477
Thrust#2,16384,2048,3.14624,4724
Thrust#2,16384,2048,3.11597,3517
Thrust#2,16384,2048,3.14673,3518
Thrust#2,16384,2048,3.13477,3467
Thrust#2,16384,2048,3.15015,3490
Thrust#2,16384,2048,3.14819,3469
Thrust#2,16384,2048,3.16235,3522
Thrust#2,16384,2048,3.125,3538
Thrust#2,16384,2048,3.16162,3471
Thrust#2,16384,2048,3.12378,4688
Thrust#2,16384,2048,3.14307,3523
Thrust#2,16384,2048,3.11035,3511
Thrust#2,16384,2048,3.12378,3468
Thrust#2,16384,2048,3.14819,3481
Thrust#2,16384,2048,3.15454,3475
Thrust#2,16384,2048,3.12427,3490
Thrust#2,16384,2048,3.12378,3550
Thrust#2,16384,2048,3.13916,3504
Thrust#2,16384,2048,3.1355,4628
Thrust#2,16384,2048,3.1521,3529
Thrust#2,16384,2048,3.14941,3523
Thrust#2,16384,2048,3.14819,3482
Thrust#2,16384,2048,3.11768,3517
Thrust#2,16384,2048,3.14941,3630
Thrust#2,16384,2048,3.13989,3471
Thrust#2,16384,2048,3.1355,3534
Thrust#2,16384,2048,3.15503,3531
Thrust#2,16384,2048,3.13916,3491
Thrust#2,16384,2048,3.14014,3469
Thrust#2,16384,2048,3.15845,3491
Thrust#2,16384,2048,3.12866,3514
Thrust#2,16384,2048,3.13135,3478
Thrust#2,16384,2048,3.16626,4712
Thrust#2,16384,2048,3.13867,3517
Thrust#2,16384,2048,3.1394,3518
Thrust#2,16384,2048,3.15747,3480
Thrust#2,16384,2048,3.12988,3506
Thrust#2,16384,2048,3.12573,3499
Thrust#2,16384,2048,3.13159,3472
Thrust#2,16384,2048,3.14526,3512
Thrust#2,16384,2048,3.13281,3484
Thrust#2,16384,2048,3.14062,4692
Thrust#2,16384,2048,3.14038,3527
Thrust#2,16384,2048,3.12769,3511
Thrust#2,16384,2048,3.15161,3485
Thrust#2,16384,2048,3.13159,3477
Thrust#2,16384,2048,3.1416,3492
Thrust#2,16384,2048,3.13745,3517
Thrust#2,16384,2048,3.13721,3530
Thrust#2,16384,2048,3.1311,3487
Thrust#2,16384,2048,3.13208,4689
Thrust#2,16384,2048,3.14478,3532
Thrust#2,16384,2048,3.14062,3536
Thrust#2,16384,2048,3.13989,3471
Thrust#2,16384,2048,3.14062,3467
Thrust#2,16384,2048,3.12402,3486
Thrust#2,16384,2048,3.14453,3502
Thrust#2,16384,4096,3.13525,6882
Thrust#2,16384,4096,3.16357,8098
Thrust#2,16384,4096,3.14966,6831
Thrust#2,16384,4096,3.16675,6879
Thrust#2,16384,4096,3.14307,6806
Thrust#2,16384,4096,3.12866,6877
Thrust#2,16384,4096,3.13037,8043
Thrust#2,16384,4096,3.14966,6862
Thrust#2,16384,4096,3.13696,6830
Thrust#2,16384,4096,3.11841,7012
Thrust#2,16384,4096,3.13184,6843
Thrust#2,16384,4096,3.15747,6827
Thrust#2,16384,4096,3.12109,6859
Thrust#2,16384,4096,3.16895,8013
Thrust#2,16384,4096,3.14868,6897
Thrust#2,16384,4096,3.12402,6840
Thrust#2,16384,4096,3.12085,6860
Thrust#2,16384,4096,3.1311,6891
Thrust#2,16384,4096,3.12866,7920
Thrust#2,16384,4096,3.13208,6965
Thrust#2,16384,4096,3.15601,6938
Thrust#2,16384,4096,3.15576,6981
Thrust#2,16384,4096,3.13257,6942
Thrust#2,16384,4096,3.13428,8003
Thrust#2,16384,4096,3.13452,6894
Thrust#2,16384,4096,3.13867,6803
Thrust#2,16384,4096,3.16016,6892
Thrust#2,16384,4096,3.12915,6828
Thrust#2,16384,4096,3.14722,6872
Thrust#2,16384,4096,3.16138,6798
Thrust#2,16384,4096,3.15088,8093
Thrust#2,16384,4096,3.1416,6920
Thrust#2,16384,4096,3.13159,6845
Thrust#2,16384,4096,3.15356,6849
Thrust#2,16384,4096,3.14111,8007
Thrust#2,16384,4096,3.1355,6878
Thrust#2,16384,4096,3.15894,6838
Thrust#2,16384,4096,3.14526,6846
Thrust#2,16384,4096,3.15942,6878
Thrust#2,16384,4096,3.15601,8090
Thrust#2,16384,4096,3.12598,6879
Thrust#2,16384,4096,3.15259,6821
Thrust#2,16384,4096,3.12231,6884
Thrust#2,16384,4096,3.14087,6843
Thrust#2,16384,4096,3.13721,8027
Thrust#2,16384,4096,3.15332,6891
Thrust#2,16384,4096,3.1355,6797
Thrust#2,16384,4096,3.14282,6890
Thrust#2,16384,4096,3.12427,8007
Thrust#2,16384,4096,3.1438,6887
Thrust#2,16384,4096,3.14038,6802
Thrust#2,16384,4096,3.17529,6820
Thrust#2,16384,4096,3.17383,6886
Thrust#2,16384,4096,3.14502,6833
Thrust#2,16384,4096,3.12891,6862
Thrust#2,16384,4096,3.13794,8005
Thrust#2,16384,4096,3.13428,6863
Thrust#2,16384,4096,3.12402,6853
Thrust#2,16384,4096,3.14966,6854
Thrust#2,16384,4096,3.13354,6886
Thrust#2,16384,4096,3.14526,8006
Thrust#2,16384,4096,3.13379,6885
Thrust#2,16384,4096,3.12476,6812
Thrust#2,16384,4096,3.14355,6838
Thrust#2,16384,4096,3.12915,6958
Thrust#2,16384,4096,3.15625,8851
Thrust#2,16384,4096,3.13892,7555
Thrust#2,16384,4096,3.14868,7055
Thrust#2,16384,4096,3.15015,7170
Thrust#2,16384,4096,3.12402,6884
Thrust#2,16384,4096,3.14941,6931
Thrust#2,16384,4096,3.14624,6855
Thrust#2,16384,4096,3.15405,6804
Thrust#2,16384,4096,3.16357,7088
Thrust#2,16384,4096,3.14746,9748
Thrust#2,16384,4096,3.15601,8439
Thrust#2,16384,4096,3.13208,7414
Thrust#2,16384,4096,3.14771,6855
Thrust#2,16384,4096,3.12646,6890
Thrust#2,16384,4096,3.14502,6909
Thrust#2,16384,4096,3.14966,9425
Thrust#2,16384,4096,3.10742,8846
Thrust#2,16384,4096,3.13794,6947
Thrust#2,16384,4096,3.1416,6867
Thrust#2,16384,4096,3.11255,6864
Thrust#2,16384,4096,3.14551,6811
Thrust#2,16384,4096,3.13794,6846
Thrust#2,16384,4096,3.15527,6806
Thrust#2,16384,4096,3.14819,6914
Thrust#2,16384,4096,3.13818,6828
Thrust#2,16384,4096,3.14819,6820
Thrust#2,16384,4096,3.12231,6850
Thrust#2,16384,4096,3.1272,6804
Thrust#2,16384,4096,3.14307,6879
Thrust#2,16384,4096,3.13208,7430
Thrust#2,16384,4096,3.11353,6875
Thrust#2,16384,4096,3.15259,6860
Thrust#2,16384,4096,3.15503,6820
Thrust#2,16384,4096,3.15503,6848
Thrust#2,16384,4096,3.14429,6867
Thrust#2,16384,8192,3.146,13534
Thrust#2,16384,8192,3.12109,13494
Thrust#2,16384,8192,3.14648,14312
Thrust#2,16384,8192,3.14307,13686
Thrust#2,16384,8192,3.16553,13521
Thrust#2,16384,8192,3.1521,13541
Thrust#2,16384,8192,3.1731,13479
Thrust#2,16384,8192,3.15112,13503
Thrust#2,16384,8192,3.1228,13569
Thrust#2,16384,8192,3.14673,13574
Thrust#2,16384,8192,3.13477,13831
Thrust#2,16384,8192,3.13672,13586
Thrust#2,16384,8192,3.14014,13911
Thrust#2,16384,8192,3.13599,13571
Thrust#2,16384,8192,3.13672,13949
Thrust#2,16384,8192,3.15527,13566
Thrust#2,16384,8192,3.146,13525
Thrust#2,16384,8192,3.12646,13849
Thrust#2,16384,8192,3.13696,13865
Thrust#2,16384,8192,3.12476,13563
Thrust#2,16384,8192,3.15088,13558
Thrust#2,16384,8192,3.12549,13704
Thrust#2,16384,8192,3.13916,13544
Thrust#2,16384,8192,3.16724,13550
Thrust#2,16384,8192,3.14819,13926
Thrust#2,16384,8192,3.16162,13559
Thrust#2,16384,8192,3.14014,13556
Thrust#2,16384,8192,3.146,13595
Thrust#2,16384,8192,3.14917,13558
Thrust#2,16384,8192,3.13794,13564
Thrust#2,16384,8192,3.1355,13739
Thrust#2,16384,8192,3.15601,13592
Thrust#2,16384,8192,3.12915,13579
Thrust#2,16384,8192,3.14722,13534
Thrust#2,16384,8192,3.14429,13474
Thrust#2,16384,8192,3.125,13552
Thrust#2,16384,8192,3.1499,13530
Thrust#2,16384,8192,3.14355,13512
Thrust#2,16384,8192,3.13037,13544
Thrust#2,16384,8192,3.17285,13493
Thrust#2,16384,8192,3.16748,13520
Thrust#2,16384,8192,3.1167,13543
Thrust#2,16384,8192,3.14868,13530
Thrust#2,16384,8192,3.13013,13521
Thrust#2,16384,8192,3.15845,13538
Thrust#2,16384,8192,3.13916,13503
Thrust#2,16384,8192,3.12354,13521
Thrust#2,16384,8192,3.1748,13547
Thrust#2,16384,8192,3.14819,13550
Thrust#2,16384,8192,3.13477,13523
Thrust#2,16384,8192,3.13452,13517
Thrust#2,16384,8192,3.13135,13564
Thrust#2,16384,8192,3.1543,13943
Thrust#2,16384,8192,3.14648,13570
Thrust#2,16384,8192,3.13257,13549
Thrust#2,16384,8192,3.14062,13858
Thrust#2,16384,8192,3.14331,13635
Thrust#2,16384,8192,3.1394,13714
Thrust#2,16384,8192,3.14087,13865
Thrust#2,16384,8192,3.12427,13589
Thrust#2,16384,8192,3.14038,13601
Thrust#2,16384,8192,3.13379,13585
Thrust#2,16384,8192,3.1543,15682
Thrust#2,16384,8192,3.12793,15491
Thrust#2,16384,8192,3.11987,15576
Thrust#2,16384,8192,3.16919,14370
Thrust#2,16384,8192,3.12744,14413
Thrust#2,16384,8192,3.16479,14442
Thrust#2,16384,8192,3.16504,13802
Thrust#2,16384,8192,3.125,14387
Thrust#2,16384,8192,3.11279,13793
Thrust#2,16384,8192,3.14478,13581
Thrust#2,16384,8192,3.14453,13550
Thrust#2,16384,8192,3.13623,15645
Thrust#2,16384,8192,3.1311,15563
Thrust#2,16384,8192,3.14136,15523
Thrust#2,16384,8192,3.17261,14352
Thrust#2,16384,8192,3.13208,14581
Thrust#2,16384,8192,3.12012,14376
Thrust#2,16384,8192,3.1438,13768
Thrust#2,16384,8192,3.13672,14429
Thrust#2,16384,8192,3.13989,13800
Thrust#2,16384,8192,3.13037,13539
Thrust#2,16384,8192,3.17212,13925
Thrust#2,16384,8192,3.14844,13689
Thrust#2,16384,8192,3.14868,13556
Thrust#2,16384,8192,3.13647,13930
Thrust#2,16384,8192,3.13647,13577
Thrust#2,16384,8192,3.1499,13890
Thrust#2,16384,8192,3.11694,13597
Thrust#2,16384,8192,3.12915,13719
Thrust#2,16384,8192,3.16211,13579
Thrust#2,16384,8192,3.14844,13802
Thrust#2,16384,8192,3.15845,13558
Thrust#2,16384,8192,3.15039,13923
Thrust#2,16384,8192,3.16162,13577
Thrust#2,16384,8192,3.14307,13862
Thrust#2,16384,8192,3.14355,13543
Thrust#2,16384,8192,3.13208,13584
Thrust#2,16384,8192,3.14526,13563
Thrust#2,16384,16384,3.15527,26871
Thrust#2,16384,16384,3.1377,27109
Thrust#2,16384,16384,3.15088,26889
Thrust#2,16384,16384,3.13794,26864
Thrust#2,16384,16384,3.15869,26881
Thrust#2,16384,16384,3.13623,26858
Thrust#2,16384,16384,3.13745,26891
Thrust#2,16384,16384,3.15942,27062
Thrust#2,16384,16384,3.13208,26991
Thrust#2,16384,16384,3.15283,26894
Thrust#2,16384,16384,3.14575,28774
Thrust#2,16384,16384,3.14185,27126
Thrust#2,16384,16384,3.13916,27473
Thrust#2,16384,16384,3.12036,27097
Thrust#2,16384,16384,3.1665,27111
Thrust#2,16384,16384,3.14966,27329
Thrust#2,16384,16384,3.15186,27245
Thrust#2,16384,16384,3.16602,27182
Thrust#2,16384,16384,3.14453,27190
Thrust#2,16384,16384,3.13965,27322
Thrust#2,16384,16384,3.15283,26918
Thrust#2,16384,16384,3.14062,27240
Thrust#2,16384,16384,3.1355,27065
Thrust#2,16384,16384,3.13525,27185
Thrust#2,16384,16384,3.146,26895
Thrust#2,16384,16384,3.14746,27232
Thrust#2,16384,16384,3.13818,26894
Thrust#2,16384,16384,3.13696,27005
Thrust#2,16384,16384,3.15552,27196
Thrust#2,16384,16384,3.1355,28941
Thrust#2,16384,16384,3.13281,28818
Thrust#2,16384,16384,3.12695,29187
Thrust#2,16384,16384,3.12891,27712
Thrust#2,16384,16384,3.16992,27527
Thrust#2,16384,16384,3.12646,29067
Thrust#2,16384,16384,3.14648,27120
Thrust#2,16384,16384,3.14111,27701
Thrust#2,16384,16384,3.1499,29311
Thrust#2,16384,16384,3.15137,27044
Thrust#2,16384,16384,3.1438,26944
Thrust#2,16384,16384,3.14453,28805
Thrust#2,16384,16384,3.1416,28933
Thrust#2,16384,16384,3.15137,28828
Thrust#2,16384,16384,3.1438,28220
Thrust#2,16384,16384,3.15576,27714
Thrust#2,16384,16384,3.14062,27547
Thrust#2,16384,16384,3.15942,27530
Thrust#2,16384,16384,3.15771,27785
Thrust#2,16384,16384,3.15332,27747
Thrust#2,16384,16384,3.14795,27244
Thrust#2,16384,16384,3.12939,28572
Thrust#2,16384,16384,3.15405,27215
Thrust#2,16384,16384,3.13623,28801
Thrust#2,16384,16384,3.12842,28038
Thrust#2,16384,16384,3.15186,27129
Thrust#2,16384,16384,3.13013,28109
Thrust#2,16384,16384,3.13428,27205
Thrust#2,16384,16384,3.12524,27080
Thrust#2,16384,16384,3.15234,26992
Thrust#2,16384,16384,3.14502,27235
Thrust#2,16384,16384,3.13867,27019
Thrust#2,16384,16384,3.1311,26924
Thrust#2,16384,16384,3.1272,28954
Thrust#2,16384,16384,3.12622,27050
Thrust#2,16384,16384,3.14038,27267
Thrust#2,16384,16384,3.12891,27046
Thrust#2,16384,16384,3.125,27823
Thrust#2,16384,16384,3.12793,26886
Thrust#2,16384,16384,3.15234,26913
Thrust#2,16384,16384,3.16406,28809
Thrust#2,16384,16384,3.13892,28854
Thrust#2,16384,16384,3.15601,27663
Thrust#2,16384,16384,3.15552,27256
Thrust#2,16384,16384,3.14819,28807
Thrust#2,16384,16384,3.1626,27139
Thrust#2,16384,16384,3.15918,27310
Thrust#2,16384,16384,3.1582,27064
Thrust#2,16384,16384,3.11694,26885
Thrust#2,16384,16384,3.14185,26884
Thrust#2,16384,16384,3.12524,26905
Thrust#2,16384,16384,3.14185,27122
Thrust#2,16384,16384,3.14526,26861
Thrust#2,16384,16384,3.14697,26864
Thrust#2,16384,16384,3.15039,26859
Thrust#2,16384,16384,3.14722,26873
Thrust#2,16384,16384,3.13867,26878
Thrust#2,16384,16384,3.12256,26887
Thrust#2,16384,16384,3.13135,26871
Thrust#2,16384,16384,3.13696,26856
Thrust#2,16384,16384,3.14502,26883
Thrust#2,16384,16384,3.13403,26880
Thrust#2,16384,16384,3.12085,26950
Thrust#2,16384,16384,3.15283,28381
Thrust#2,16384,16384,3.15796,27058
Thrust#2,16384,16384,3.14062,26895
Thrust#2,16384,16384,3.16187,27587
Thrust#2,16384,16384,3.14014,27069
Thrust#2,16384,16384,3.16138,26995
Thrust#2,16384,16384,3.15552,27038
Thrust#2,16384,16384,3.14111,28905
Thrust#2,32768,1,3.14392,1186
Thrust#2,32768,1,3.12244,926
Thrust#2,32768,1,3.13672,793
Thrust#2,32768,1,3.12317,752
Thrust#2,32768,1,3.14294,712
Thrust#2,32768,1,3.14368,712
Thrust#2,32768,1,3.15308,747
Thrust#2,32768,1,3.12927,735
Thrust#2,32768,1,3.14001,713
Thrust#2,32768,1,3.13989,704
Thrust#2,32768,1,3.14526,715
Thrust#2,32768,1,3.14111,710
Thrust#2,32768,1,3.14307,704
Thrust#2,32768,1,3.146,711
Thrust#2,32768,1,3.14404,715
Thrust#2,32768,1,3.14844,709
Thrust#2,32768,1,3.12744,712
Thrust#2,32768,1,3.12427,713
Thrust#2,32768,1,3.14392,711
Thrust#2,32768,1,3.12646,704
Thrust#2,32768,1,3.13586,703
Thrust#2,32768,1,3.15356,706
Thrust#2,32768,1,3.13989,719
Thrust#2,32768,1,3.11987,721
Thrust#2,32768,1,3.14099,705
Thrust#2,32768,1,3.1333,863
Thrust#2,32768,1,3.14343,705
Thrust#2,32768,1,3.14673,705
Thrust#2,32768,1,3.12573,714
Thrust#2,32768,1,3.13293,709
Thrust#2,32768,1,3.151,704
Thrust#2,32768,1,3.14404,705
Thrust#2,32768,1,3.14819,706
Thrust#2,32768,1,3.13904,708
Thrust#2,32768,1,3.13635,706
Thrust#2,32768,1,3.13306,706
Thrust#2,32768,1,3.15405,707
Thrust#2,32768,1,3.13721,718
Thrust#2,32768,1,3.14148,739
Thrust#2,32768,1,3.13586,707
Thrust#2,32768,1,3.13403,708
Thrust#2,32768,1,3.15063,706
Thrust#2,32768,1,3.13147,705
Thrust#2,32768,1,3.15015,704
Thrust#2,32768,1,3.13672,707
Thrust#2,32768,1,3.1217,707
Thrust#2,32768,1,3.14563,705
Thrust#2,32768,1,3.14441,704
Thrust#2,32768,1,3.13892,864
Thrust#2,32768,1,3.13928,708
Thrust#2,32768,1,3.13977,706
Thrust#2,32768,1,3.14197,705
Thrust#2,32768,1,3.13977,707
Thrust#2,32768,1,3.14368,705
Thrust#2,32768,1,3.13184,706
Thrust#2,32768,1,3.14343,706
Thrust#2,32768,1,3.14917,708
Thrust#2,32768,1,3.13684,721
Thrust#2,32768,1,3.13403,710
Thrust#2,32768,1,3.14392,704
Thrust#2,32768,1,3.14343,713
Thrust#2,32768,1,3.12622,705
Thrust#2,32768,1,3.1405,705
Thrust#2,32768,1,3.15393,706
Thrust#2,32768,1,3.13,708
Thrust#2,32768,1,3.13635,705
Thrust#2,32768,1,3.14124,706
Thrust#2,32768,1,3.15137,702
Thrust#2,32768,1,3.13513,709
Thrust#2,32768,1,3.13977,705
Thrust#2,32768,1,3.14429,705
Thrust#2,32768,1,3.13403,869
Thrust#2,32768,1,3.13843,709
Thrust#2,32768,1,3.16455,705
Thrust#2,32768,1,3.13464,705
Thrust#2,32768,1,3.15515,705
Thrust#2,32768,1,3.12793,708
Thrust#2,32768,1,3.13794,705
Thrust#2,32768,1,3.13391,706
Thrust#2,32768,1,3.16614,705
Thrust#2,32768,1,3.125,709
Thrust#2,32768,1,3.14673,705
Thrust#2,32768,1,3.14478,706
Thrust#2,32768,1,3.12891,706
Thrust#2,32768,1,3.13464,708
Thrust#2,32768,1,3.13196,705
Thrust#2,32768,1,3.14905,710
Thrust#2,32768,1,3.1427,706
Thrust#2,32768,1,3.13904,708
Thrust#2,32768,1,3.13831,705
Thrust#2,32768,1,3.12976,706
Thrust#2,32768,1,3.13879,705
Thrust#2,32768,1,3.14868,708
Thrust#2,32768,1,3.1532,705
Thrust#2,32768,1,3.14368,861
Thrust#2,32768,1,3.16113,710
Thrust#2,32768,1,3.12927,704
Thrust#2,32768,1,3.13525,704
Thrust#2,32768,1,3.14685,703
Thrust#2,32768,1,3.13464,707
Thrust#2,32768,2,3.12146,447
Thrust#2,32768,2,3.1344,444
Thrust#2,32768,2,3.13818,443
Thrust#2,32768,2,3.13,439
Thrust#2,32768,2,3.15527,442
Thrust#2,32768,2,3.14819,443
Thrust#2,32768,2,3.14661,434
Thrust#2,32768,2,3.15039,438
Thrust#2,32768,2,3.15198,443
Thrust#2,32768,2,3.14111,444
Thrust#2,32768,2,3.16064,436
Thrust#2,32768,2,3.14722,460
Thrust#2,32768,2,3.14844,451
Thrust#2,32768,2,3.14429,443
Thrust#2,32768,2,3.14404,437
Thrust#2,32768,2,3.14636,444
Thrust#2,32768,2,3.15039,435
Thrust#2,32768,2,3.13196,443
Thrust#2,32768,2,3.15662,444
Thrust#2,32768,2,3.13037,437
Thrust#2,32768,2,3.13538,434
Thrust#2,32768,2,3.14294,434
Thrust#2,32768,2,3.14661,444
Thrust#2,32768,2,3.1488,437
Thrust#2,32768,2,3.16382,435
Thrust#2,32768,2,3.15649,433
Thrust#2,32768,2,3.12634,449
Thrust#2,32768,2,3.15039,435
Thrust#2,32768,2,3.14075,590
Thrust#2,32768,2,3.13855,443
Thrust#2,32768,2,3.1311,449
Thrust#2,32768,2,3.13281,436
Thrust#2,32768,2,3.13025,442
Thrust#2,32768,2,3.12939,444
Thrust#2,32768,2,3.13696,437
Thrust#2,32768,2,3.14734,728
Thrust#2,32768,2,3.12708,454
Thrust#2,32768,2,3.13599,440
Thrust#2,32768,2,3.14795,457
Thrust#2,32768,2,3.1377,444
Thrust#2,32768,2,3.13745,447
Thrust#2,32768,2,3.14795,454
Thrust#2,32768,2,3.15295,478
Thrust#2,32768,2,3.15417,434
Thrust#2,32768,2,3.12866,444
Thrust#2,32768,2,3.15845,437
Thrust#2,32768,2,3.14551,436
Thrust#2,32768,2,3.15405,441
Thrust#2,32768,2,3.14478,443
Thrust#2,32768,2,3.14893,446
Thrust#2,32768,2,3.1637,433
Thrust#2,32768,2,3.14343,434
Thrust#2,32768,2,3.15918,436
Thrust#2,32768,2,3.13599,446
Thrust#2,32768,2,3.13672,443
Thrust#2,32768,2,3.12622,434
Thrust#2,32768,2,3.14832,444
Thrust#2,32768,2,3.12915,450
Thrust#2,32768,2,3.1593,436
Thrust#2,32768,2,3.15698,435
Thrust#2,32768,2,3.14331,435
Thrust#2,32768,2,3.14624,456
Thrust#2,32768,2,3.14575,472
Thrust#2,32768,2,3.14673,592
Thrust#2,32768,2,3.14819,446
Thrust#2,32768,2,3.11365,446
Thrust#2,32768,2,3.14355,435
Thrust#2,32768,2,3.13611,443
Thrust#2,32768,2,3.14185,445
Thrust#2,32768,2,3.13123,436
Thrust#2,32768,2,3.13745,504
Thrust#2,32768,2,3.14502,435
Thrust#2,32768,2,3.14258,435
Thrust#2,32768,2,3.14893,437
Thrust#2,32768,2,3.13452,435
Thrust#2,32768,2,3.14038,442
Thrust#2,32768,2,3.14893,444
Thrust#2,32768,2,3.14014,445
Thrust#2,32768,2,3.15027,435
Thrust#2,32768,2,3.13159,443
Thrust#2,32768,2,3.15112,446
Thrust#2,32768,2,3.11658,443
Thrust#2,32768,2,3.14001,444
Thrust#2,32768,2,3.14551,443
Thrust#2,32768,2,3.14832,680
Thrust#2,32768,2,3.14722,487
Thrust#2,32768,2,3.14526,439
Thrust#2,32768,2,3.14075,446
Thrust#2,32768,2,3.14453,438
Thrust#2,32768,2,3.15015,438
Thrust#2,32768,2,3.1377,441
Thrust#2,32768,2,3.14197,443
Thrust#2,32768,2,3.12598,438
Thrust#2,32768,2,3.13074,450
Thrust#2,32768,2,3.15234,441
Thrust#2,32768,2,3.13391,445
Thrust#2,32768,2,3.14136,436
Thrust#2,32768,2,3.1488,434
Thrust#2,32768,2,3.13733,443
Thrust#2,32768,2,3.12939,436
Thrust#2,32768,4,3.13208,453
Thrust#2,32768,4,3.13049,312
Thrust#2,32768,4,3.13196,320
Thrust#2,32768,4,3.13269,315
Thrust#2,32768,4,3.11987,311
Thrust#2,32768,4,3.14905,311
Thrust#2,32768,4,3.15125,312
Thrust#2,32768,4,3.12415,324
Thrust#2,32768,4,3.15674,310
Thrust#2,32768,4,3.1593,320
Thrust#2,32768,4,3.1416,311
Thrust#2,32768,4,3.13904,323
Thrust#2,32768,4,3.13208,322
Thrust#2,32768,4,3.14807,312
Thrust#2,32768,4,3.13135,320
Thrust#2,32768,4,3.12317,315
Thrust#2,32768,4,3.14783,313
Thrust#2,32768,4,3.14612,346
Thrust#2,32768,4,3.13794,314
Thrust#2,32768,4,3.14709,315
Thrust#2,32768,4,3.12488,312
Thrust#2,32768,4,3.14246,312
Thrust#2,32768,4,3.14404,310
Thrust#2,32768,4,3.13513,313
Thrust#2,32768,4,3.14771,312
Thrust#2,32768,4,3.15161,312
Thrust#2,32768,4,3.14673,311
Thrust#2,32768,4,3.13135,314
Thrust#2,32768,4,3.13867,312
Thrust#2,32768,4,3.14453,311
Thrust#2,32768,4,3.13782,312
Thrust#2,32768,4,3.13159,323
Thrust#2,32768,4,3.1449,310
Thrust#2,32768,4,3.14832,312
Thrust#2,32768,4,3.15295,312
Thrust#2,32768,4,3.14526,314
Thrust#2,32768,4,3.13403,321
Thrust#2,32768,4,3.15076,321
Thrust#2,32768,4,3.15417,320
Thrust#2,32768,4,3.13391,314
Thrust#2,32768,4,3.15784,320
Thrust#2,32768,4,3.14294,312
Thrust#2,32768,4,3.15417,325
Thrust#2,32768,4,3.14734,312
Thrust#2,32768,4,3.14868,323
Thrust#2,32768,4,3.1532,323
Thrust#2,32768,4,3.14758,315
Thrust#2,32768,4,3.14355,319
Thrust#2,32768,4,3.14001,321
Thrust#2,32768,4,3.15381,311
Thrust#2,32768,4,3.13745,479
Thrust#2,32768,4,3.14587,322
Thrust#2,32768,4,3.1543,310
Thrust#2,32768,4,3.15112,312
Thrust#2,32768,4,3.11719,315
Thrust#2,32768,4,3.13599,310
Thrust#2,32768,4,3.15771,311
Thrust#2,32768,4,3.14429,312
Thrust#2,32768,4,3.14136,322
Thrust#2,32768,4,3.1366,312
Thrust#2,32768,4,3.14868,310
Thrust#2,32768,4,3.13013,311
Thrust#2,32768,4,3.13428,323
Thrust#2,32768,4,3.13245,320
Thrust#2,32768,4,3.13599,320
Thrust#2,32768,4,3.15344,320
Thrust#2,32768,4,3.13599,315
Thrust#2,32768,4,3.14587,311
Thrust#2,32768,4,3.14734,311
Thrust#2,32768,4,3.13831,313
Thrust#2,32768,4,3.14111,315
Thrust#2,32768,4,3.13696,311
Thrust#2,32768,4,3.1405,321
Thrust#2,32768,4,3.1366,322
Thrust#2,32768,4,3.14954,314
Thrust#2,32768,4,3.13794,312
Thrust#2,32768,4,3.1344,320
Thrust#2,32768,4,3.14148,313
Thrust#2,32768,4,3.14966,322
Thrust#2,32768,4,3.14331,320
Thrust#2,32768,4,3.14648,321
Thrust#2,32768,4,3.12854,312
Thrust#2,32768,4,3.14124,321
Thrust#2,32768,4,3.14429,321
Thrust#2,32768,4,3.13721,319
Thrust#2,32768,4,3.14417,312
Thrust#2,32768,4,3.14062,321
Thrust#2,32768,4,3.13977,320
Thrust#2,32768,4,3.12146,311
Thrust#2,32768,4,3.1521,312
Thrust#2,32768,4,3.13953,313
Thrust#2,32768,4,3.14697,320
Thrust#2,32768,4,3.1521,320
Thrust#2,32768,4,3.13354,315
Thrust#2,32768,4,3.13855,312
Thrust#2,32768,4,3.13342,320
Thrust#2,32768,4,3.1394,312
Thrust#2,32768,4,3.14258,314
Thrust#2,32768,4,3.14343,324
Thrust#2,32768,4,3.13281,322
Thrust#2,32768,8,3.14429,253
Thrust#2,32768,8,3.14575,259
Thrust#2,32768,8,3.13782,414
Thrust#2,32768,8,3.1416,327
Thrust#2,32768,8,3.14746,267
Thrust#2,32768,8,3.15271,268
Thrust#2,32768,8,3.15601,258
Thrust#2,32768,8,3.14392,256
Thrust#2,32768,8,3.13513,256
Thrust#2,32768,8,3.14124,259
Thrust#2,32768,8,3.14661,257
Thrust#2,32768,8,3.14062,256
Thrust#2,32768,8,3.14893,256
Thrust#2,32768,8,3.13501,260
Thrust#2,32768,8,3.14758,256
Thrust#2,32768,8,3.15417,256
Thrust#2,32768,8,3.13599,255
Thrust#2,32768,8,3.14258,271
Thrust#2,32768,8,3.13965,257
Thrust#2,32768,8,3.15295,255
Thrust#2,32768,8,3.14001,258
Thrust#2,32768,8,3.14954,255
Thrust#2,32768,8,3.14709,255
Thrust#2,32768,8,3.15662,256
Thrust#2,32768,8,3.15051,258
Thrust#2,32768,8,3.14282,256
Thrust#2,32768,8,3.14014,254
Thrust#2,32768,8,3.1134,256
Thrust#2,32768,8,3.13318,259
Thrust#2,32768,8,3.14355,255
Thrust#2,32768,8,3.1405,260
Thrust#2,32768,8,3.15088,256
Thrust#2,32768,8,3.14758,258
Thrust#2,32768,8,3.1604,255
Thrust#2,32768,8,3.1488,256
Thrust#2,32768,8,3.15308,255
Thrust#2,32768,8,3.13904,259
Thrust#2,32768,8,3.14307,256
Thrust#2,32768,8,3.15247,259
Thrust#2,32768,8,3.14734,254
Thrust#2,32768,8,3.14307,259
Thrust#2,32768,8,3.14539,256
Thrust#2,32768,8,3.1377,254
Thrust#2,32768,8,3.15247,256
Thrust#2,32768,8,3.1438,260
Thrust#2,32768,8,3.14819,255
Thrust#2,32768,8,3.14465,256
Thrust#2,32768,8,3.14648,255
Thrust#2,32768,8,3.13757,259
Thrust#2,32768,8,3.14307,257
Thrust#2,32768,8,3.14722,255
Thrust#2,32768,8,3.15271,255
Thrust#2,32768,8,3.13953,257
Thrust#2,32768,8,3.14453,266
Thrust#2,32768,8,3.1532,265
Thrust#2,32768,8,3.14465,257
Thrust#2,32768,8,3.12573,259
Thrust#2,32768,8,3.12195,256
Thrust#2,32768,8,3.15198,256
Thrust#2,32768,8,3.15833,254
Thrust#2,32768,8,3.15649,258
Thrust#2,32768,8,3.14697,253
Thrust#2,32768,8,3.15979,350
Thrust#2,32768,8,3.14026,422
Thrust#2,32768,8,3.14453,259
Thrust#2,32768,8,3.15479,256
Thrust#2,32768,8,3.13635,257
Thrust#2,32768,8,3.14282,257
Thrust#2,32768,8,3.13489,259
Thrust#2,32768,8,3.13611,257
Thrust#2,32768,8,3.15576,257
Thrust#2,32768,8,3.13062,257
Thrust#2,32768,8,3.13818,258
Thrust#2,32768,8,3.15247,254
Thrust#2,32768,8,3.15527,254
Thrust#2,32768,8,3.14954,258
Thrust#2,32768,8,3.13525,258
Thrust#2,32768,8,3.13342,258
Thrust#2,32768,8,3.13818,256
Thrust#2,32768,8,3.13855,261
Thrust#2,32768,8,3.13757,254
Thrust#2,32768,8,3.15088,255
Thrust#2,32768,8,3.1416,254
Thrust#2,32768,8,3.14929,259
Thrust#2,32768,8,3.15222,257
Thrust#2,32768,8,3.13013,256
Thrust#2,32768,8,3.13318,257
Thrust#2,32768,8,3.14185,258
Thrust#2,32768,8,3.14209,255
Thrust#2,32768,8,3.15259,255
Thrust#2,32768,8,3.13354,254
Thrust#2,32768,8,3.13062,258
Thrust#2,32768,8,3.13647,256
Thrust#2,32768,8,3.1416,257
Thrust#2,32768,8,3.11829,254
Thrust#2,32768,8,3.12805,264
Thrust#2,32768,8,3.1438,256
Thrust#2,32768,8,3.15479,257
Thrust#2,32768,8,3.14246,256
Thrust#2,32768,8,3.14868,257
Thrust#2,32768,16,3.13379,249
Thrust#2,32768,16,3.1582,256
Thrust#2,32768,16,3.13733,256
Thrust#2,32768,16,3.14734,258
Thrust#2,32768,16,3.13098,256
Thrust#2,32768,16,3.1394,253
Thrust#2,32768,16,3.1543,287
Thrust#2,32768,16,3.13525,257
Thrust#2,32768,16,3.14563,248
Thrust#2,32768,16,3.15857,254
Thrust#2,32768,16,3.14575,256
Thrust#2,32768,16,3.15784,249
Thrust#2,32768,16,3.15161,254
Thrust#2,32768,16,3.15149,251
Thrust#2,32768,16,3.13208,258
Thrust#2,32768,16,3.12622,248
Thrust#2,32768,16,3.14453,249
Thrust#2,32768,16,3.12939,248
Thrust#2,32768,16,3.13037,256
Thrust#2,32768,16,3.14136,258
Thrust#2,32768,16,3.13721,247
Thrust#2,32768,16,3.12817,257
Thrust#2,32768,16,3.15674,257
Thrust#2,32768,16,3.14929,256
Thrust#2,32768,16,3.14514,247
Thrust#2,32768,16,3.1355,416
Thrust#2,32768,16,3.15588,258
Thrust#2,32768,16,3.15442,256
Thrust#2,32768,16,3.13477,268
Thrust#2,32768,16,3.13379,256
Thrust#2,32768,16,3.14514,250
Thrust#2,32768,16,3.13757,247
Thrust#2,32768,16,3.14478,246
Thrust#2,32768,16,3.13525,247
Thrust#2,32768,16,3.14526,260
Thrust#2,32768,16,3.1582,260
Thrust#2,32768,16,3.13342,282
Thrust#2,32768,16,3.13843,250
Thrust#2,32768,16,3.13379,249
Thrust#2,32768,16,3.13562,254
Thrust#2,32768,16,3.1405,246
Thrust#2,32768,16,3.14514,278
Thrust#2,32768,16,3.15466,260
Thrust#2,32768,16,3.13293,247
Thrust#2,32768,16,3.14819,248
Thrust#2,32768,16,3.14807,275
Thrust#2,32768,16,3.1571,258
Thrust#2,32768,16,3.15479,255
Thrust#2,32768,16,3.13843,244
Thrust#2,32768,16,3.13953,254
Thrust#2,32768,16,3.14954,259
Thrust#2,32768,16,3.14258,245
Thrust#2,32768,16,3.1532,255
Thrust#2,32768,16,3.13013,249
Thrust#2,32768,16,3.14771,259
Thrust#2,32768,16,3.14038,256
Thrust#2,32768,16,3.15698,247
Thrust#2,32768,16,3.13586,246
Thrust#2,32768,16,3.13501,258
Thrust#2,32768,16,3.13123,246
Thrust#2,32768,16,3.14185,255
Thrust#2,32768,16,3.1427,248
Thrust#2,32768,16,3.14905,258
Thrust#2,32768,16,3.14893,277
Thrust#2,32768,16,3.1394,288
Thrust#2,32768,16,3.14343,259
Thrust#2,32768,16,3.15405,260
Thrust#2,32768,16,3.13538,268
Thrust#2,32768,16,3.14307,249
Thrust#2,32768,16,3.13867,257
Thrust#2,32768,16,3.13965,260
Thrust#2,32768,16,3.14673,247
Thrust#2,32768,16,3.13257,247
Thrust#2,32768,16,3.15234,248
Thrust#2,32768,16,3.14062,257
Thrust#2,32768,16,3.12366,255
Thrust#2,32768,16,3.14331,255
Thrust#2,32768,16,3.12878,255
Thrust#2,32768,16,3.13599,251
Thrust#2,32768,16,3.15369,254
Thrust#2,32768,16,3.14636,254
Thrust#2,32768,16,3.13904,246
Thrust#2,32768,16,3.15186,259
Thrust#2,32768,16,3.13574,255
Thrust#2,32768,16,3.14819,247
Thrust#2,32768,16,3.14844,257
Thrust#2,32768,16,3.13904,249
Thrust#2,32768,16,3.14636,256
Thrust#2,32768,16,3.14917,395
Thrust#2,32768,16,3.14832,251
Thrust#2,32768,16,3.13989,256
Thrust#2,32768,16,3.13965,245
Thrust#2,32768,16,3.15515,248
Thrust#2,32768,16,3.13928,247
Thrust#2,32768,16,3.16602,258
Thrust#2,32768,16,3.15137,256
Thrust#2,32768,16,3.14526,256
Thrust#2,32768,16,3.12854,259
Thrust#2,32768,16,3.13367,259
Thrust#2,32768,16,3.14685,257
Thrust#2,32768,32,3.12683,279
Thrust#2,32768,32,3.14978,272
Thrust#2,32768,32,3.16687,272
Thrust#2,32768,32,3.14429,272
Thrust#2,32768,32,3.14612,269
Thrust#2,32768,32,3.14099,270
Thrust#2,32768,32,3.13794,270
Thrust#2,32768,32,3.16077,271
Thrust#2,32768,32,3.14734,276
Thrust#2,32768,32,3.15332,278
Thrust#2,32768,32,3.12537,272
Thrust#2,32768,32,3.14612,270
Thrust#2,32768,32,3.14185,271
Thrust#2,32768,32,3.1272,279
Thrust#2,32768,32,3.12952,272
Thrust#2,32768,32,3.1377,279
Thrust#2,32768,32,3.15515,270
Thrust#2,32768,32,3.14563,270
Thrust#2,32768,32,3.1593,274
Thrust#2,32768,32,3.14355,271
Thrust#2,32768,32,3.1416,269
Thrust#2,32768,32,3.13159,280
Thrust#2,32768,32,3.14478,273
Thrust#2,32768,32,3.14758,277
Thrust#2,32768,32,3.13354,279
Thrust#2,32768,32,3.14795,273
Thrust#2,32768,32,3.13367,271
Thrust#2,32768,32,3.13074,271
Thrust#2,32768,32,3.15674,270
Thrust#2,32768,32,3.14978,271
Thrust#2,32768,32,3.13123,271
Thrust#2,32768,32,3.151,281
Thrust#2,32768,32,3.15491,271
Thrust#2,32768,32,3.14307,272
Thrust#2,32768,32,3.13171,272
Thrust#2,32768,32,3.14636,271
Thrust#2,32768,32,3.15588,271
Thrust#2,32768,32,3.15198,609
Thrust#2,32768,32,3.13562,299
Thrust#2,32768,32,3.16235,282
Thrust#2,32768,32,3.14978,270
Thrust#2,32768,32,3.13391,272
Thrust#2,32768,32,3.14014,271
Thrust#2,32768,32,3.14429,268
Thrust#2,32768,32,3.14392,278
Thrust#2,32768,32,3.12646,272
Thrust#2,32768,32,3.13953,419
Thrust#2,32768,32,3.15796,278
Thrust#2,32768,32,3.12659,277
Thrust#2,32768,32,3.13953,272
Thrust#2,32768,32,3.14014,278
Thrust#2,32768,32,3.13733,278
Thrust#2,32768,32,3.146,279
Thrust#2,32768,32,3.15308,273
Thrust#2,32768,32,3.15198,271
Thrust#2,32768,32,3.13293,270
Thrust#2,32768,32,3.15283,270
Thrust#2,32768,32,3.14514,273
Thrust#2,32768,32,3.14783,270
Thrust#2,32768,32,3.15576,273
Thrust#2,32768,32,3.15051,270
Thrust#2,32768,32,3.13196,274
Thrust#2,32768,32,3.13647,271
Thrust#2,32768,32,3.13281,270
Thrust#2,32768,32,3.14343,270
Thrust#2,32768,32,3.13513,282
Thrust#2,32768,32,3.13196,280
Thrust#2,32768,32,3.13611,270
Thrust#2,32768,32,3.14856,269
Thrust#2,32768,32,3.13086,274
Thrust#2,32768,32,3.12793,282
Thrust#2,32768,32,3.13708,269
Thrust#2,32768,32,3.13513,269
Thrust#2,32768,32,3.15344,287
Thrust#2,32768,32,3.14294,422
Thrust#2,32768,32,3.14771,456
Thrust#2,32768,32,3.15039,275
Thrust#2,32768,32,3.14587,278
Thrust#2,32768,32,3.15137,278
Thrust#2,32768,32,3.13159,280
Thrust#2,32768,32,3.13965,276
Thrust#2,32768,32,3.14758,277
Thrust#2,32768,32,3.15051,278
Thrust#2,32768,32,3.1377,281
Thrust#2,32768,32,3.14368,277
Thrust#2,32768,32,3.15125,275
Thrust#2,32768,32,3.15344,277
Thrust#2,32768,32,3.13782,280
Thrust#2,32768,32,3.14771,276
Thrust#2,32768,32,3.15259,277
Thrust#2,32768,32,3.14258,279
Thrust#2,32768,32,3.14551,288
Thrust#2,32768,32,3.1355,275
Thrust#2,32768,32,3.13684,283
Thrust#2,32768,32,3.14758,277
Thrust#2,32768,32,3.15112,280
Thrust#2,32768,32,3.15625,276
Thrust#2,32768,32,3.14282,278
Thrust#2,32768,32,3.13855,277
Thrust#2,32768,32,3.13452,281
Thrust#2,32768,64,3.14099,277
Thrust#2,32768,64,3.1416,277
Thrust#2,32768,64,3.12854,369
Thrust#2,32768,64,3.14575,282
Thrust#2,32768,64,3.15393,276
Thrust#2,32768,64,3.15369,277
Thrust#2,32768,64,3.13574,283
Thrust#2,32768,64,3.13062,282
Thrust#2,32768,64,3.13989,278
Thrust#2,32768,64,3.14319,277
Thrust#2,32768,64,3.13843,277
Thrust#2,32768,64,3.15686,288
Thrust#2,32768,64,3.12097,276
Thrust#2,32768,64,3.13159,276
Thrust#2,32768,64,3.1438,277
Thrust#2,32768,64,3.1438,289
Thrust#2,32768,64,3.14258,277
Thrust#2,32768,64,3.13989,276
Thrust#2,32768,64,3.12805,277
Thrust#2,32768,64,3.13623,280
Thrust#2,32768,64,3.14014,278
Thrust#2,32768,64,3.14868,276
Thrust#2,32768,64,3.14417,277
Thrust#2,32768,64,3.13049,280
Thrust#2,32768,64,3.15039,300
Thrust#2,32768,64,3.12793,287
Thrust#2,32768,64,3.13257,289
Thrust#2,32768,64,3.13879,279
Thrust#2,32768,64,3.14526,277
Thrust#2,32768,64,3.14209,277
Thrust#2,32768,64,3.14282,277
Thrust#2,32768,64,3.14917,281
Thrust#2,32768,64,3.12476,279
Thrust#2,32768,64,3.13672,278
Thrust#2,32768,64,3.13879,277
Thrust#2,32768,64,3.14612,281
Thrust#2,32768,64,3.14429,281
Thrust#2,32768,64,3.13367,286
Thrust#2,32768,64,3.1366,278
Thrust#2,32768,64,3.1427,281
Thrust#2,32768,64,3.15613,278
Thrust#2,32768,64,3.1344,276
Thrust#2,32768,64,3.14221,286
Thrust#2,32768,64,3.13452,279
Thrust#2,32768,64,3.13953,276
Thrust#2,32768,64,3.13586,277
Thrust#2,32768,64,3.13647,277
Thrust#2,32768,64,3.14929,280
Thrust#2,32768,64,3.14001,277
Thrust#2,32768,64,3.13879,284
Thrust#2,32768,64,3.14648,276
Thrust#2,32768,64,3.15588,280
Thrust#2,32768,64,3.14612,278
Thrust#2,32768,64,3.13635,285
Thrust#2,32768,64,3.14661,278
Thrust#2,32768,64,3.14417,285
Thrust#2,32768,64,3.14209,277
Thrust#2,32768,64,3.13049,277
Thrust#2,32768,64,3.13586,278
Thrust#2,32768,64,3.14636,393
Thrust#2,32768,64,3.13257,277
Thrust#2,32768,64,3.15186,282
Thrust#2,32768,64,3.15808,278
Thrust#2,32768,64,3.12036,279
Thrust#2,32768,64,3.13599,278
Thrust#2,32768,64,3.16077,276
Thrust#2,32768,64,3.14685,279
Thrust#2,32768,64,3.1521,279
Thrust#2,32768,64,3.14783,277
Thrust#2,32768,64,3.15234,277
Thrust#2,32768,64,3.15955,279
Thrust#2,32768,64,3.1167,278
Thrust#2,32768,64,3.125,278
Thrust#2,32768,64,3.14404,277
Thrust#2,32768,64,3.1394,276
Thrust#2,32768,64,3.14648,281
Thrust#2,32768,64,3.12854,278
Thrust#2,32768,64,3.13049,287
Thrust#2,32768,64,3.14099,278
Thrust#2,32768,64,3.1405,281
Thrust#2,32768,64,3.14575,277
Thrust#2,32768,64,3.15149,276
Thrust#2,32768,64,3.12964,278
Thrust#2,32768,64,3.13745,280
Thrust#2,32768,64,3.14014,277
Thrust#2,32768,64,3.14343,277
Thrust#2,32768,64,3.12915,277
Thrust#2,32768,64,3.15625,279
Thrust#2,32768,64,3.14038,284
Thrust#2,32768,64,3.15527,278
Thrust#2,32768,64,3.14795,288
Thrust#2,32768,64,3.13635,297
Thrust#2,32768,64,3.13977,286
Thrust#2,32768,64,3.15491,296
Thrust#2,32768,64,3.14124,280
Thrust#2,32768,64,3.15588,279
Thrust#2,32768,64,3.13428,278
Thrust#2,32768,64,3.14709,279
Thrust#2,32768,64,3.14307,277
Thrust#2,32768,64,3.14624,289
Thrust#2,32768,128,3.12268,352
Thrust#2,32768,128,3.14722,352
Thrust#2,32768,128,3.15735,352
Thrust#2,32768,128,3.14026,354
Thrust#2,32768,128,3.12646,351
Thrust#2,32768,128,3.14233,352
Thrust#2,32768,128,3.14526,353
Thrust#2,32768,128,3.14075,354
Thrust#2,32768,128,3.13879,351
Thrust#2,32768,128,3.15332,351
Thrust#2,32768,128,3.13916,353
Thrust#2,32768,128,3.13159,354
Thrust#2,32768,128,3.14758,355
Thrust#2,32768,128,3.13562,403
Thrust#2,32768,128,3.13721,355
Thrust#2,32768,128,3.13953,352
Thrust#2,32768,128,3.1449,352
Thrust#2,32768,128,3.13501,352
Thrust#2,32768,128,3.16162,354
Thrust#2,32768,128,3.1239,353
Thrust#2,32768,128,3.12744,351
Thrust#2,32768,128,3.15454,353
Thrust#2,32768,128,3.13379,355
Thrust#2,32768,128,3.15222,351
Thrust#2,32768,128,3.1394,352
Thrust#2,32768,128,3.15393,395
Thrust#2,32768,128,3.14795,355
Thrust#2,32768,128,3.13757,353
Thrust#2,32768,128,3.1543,351
Thrust#2,32768,128,3.15088,351
Thrust#2,32768,128,3.15564,356
Thrust#2,32768,128,3.13562,352
Thrust#2,32768,128,3.13306,351
Thrust#2,32768,128,3.15161,352
Thrust#2,32768,128,3.14294,356
Thrust#2,32768,128,3.1355,353
Thrust#2,32768,128,3.14209,654
Thrust#2,32768,128,3.13708,495
Thrust#2,32768,128,3.12146,394
Thrust#2,32768,128,3.14502,368
Thrust#2,32768,128,3.14697,369
Thrust#2,32768,128,3.14014,366
Thrust#2,32768,128,3.14832,362
Thrust#2,32768,128,3.1344,359
Thrust#2,32768,128,3.13599,362
Thrust#2,32768,128,3.14172,359
Thrust#2,32768,128,3.15503,352
Thrust#2,32768,128,3.1333,360
Thrust#2,32768,128,3.14087,363
Thrust#2,32768,128,3.13806,357
Thrust#2,32768,128,3.12622,360
Thrust#2,32768,128,3.14795,360
Thrust#2,32768,128,3.14526,363
Thrust#2,32768,128,3.1394,360
Thrust#2,32768,128,3.12976,359
Thrust#2,32768,128,3.14221,350
Thrust#2,32768,128,3.13574,355
Thrust#2,32768,128,3.14258,500
Thrust#2,32768,128,3.12708,351
Thrust#2,32768,128,3.13831,353
Thrust#2,32768,128,3.13159,355
Thrust#2,32768,128,3.12708,352
Thrust#2,32768,128,3.12683,351
Thrust#2,32768,128,3.13818,352
Thrust#2,32768,128,3.15552,355
Thrust#2,32768,128,3.13318,352
Thrust#2,32768,128,3.14673,351
Thrust#2,32768,128,3.13147,352
Thrust#2,32768,128,3.13953,438
Thrust#2,32768,128,3.14856,353
Thrust#2,32768,128,3.15344,351
Thrust#2,32768,128,3.12891,351
Thrust#2,32768,128,3.12927,355
Thrust#2,32768,128,3.15259,352
Thrust#2,32768,128,3.1416,350
Thrust#2,32768,128,3.14819,351
Thrust#2,32768,128,3.14172,363
Thrust#2,32768,128,3.14282,352
Thrust#2,32768,128,3.13916,351
Thrust#2,32768,128,3.14844,363
Thrust#2,32768,128,3.15356,368
Thrust#2,32768,128,3.14551,352
Thrust#2,32768,128,3.14575,352
Thrust#2,32768,128,3.13013,351
Thrust#2,32768,128,3.13892,354
Thrust#2,32768,128,3.14441,349
Thrust#2,32768,128,3.15149,352
Thrust#2,32768,128,3.13245,352
Thrust#2,32768,128,3.13452,354
Thrust#2,32768,128,3.14307,352
Thrust#2,32768,128,3.14404,353
Thrust#2,32768,128,3.14001,365
Thrust#2,32768,128,3.14172,357
Thrust#2,32768,128,3.14087,352
Thrust#2,32768,128,3.13611,353
Thrust#2,32768,128,3.15137,351
Thrust#2,32768,128,3.14172,357
Thrust#2,32768,128,3.15576,351
Thrust#2,32768,128,3.1283,363
Thrust#2,32768,128,3.14514,353
Thrust#2,32768,256,3.14734,552
Thrust#2,32768,256,3.13745,549
Thrust#2,32768,256,3.14209,562
Thrust#2,32768,256,3.14819,602
Thrust#2,32768,256,3.1416,560
Thrust#2,32768,256,3.1438,556
Thrust#2,32768,256,3.12427,548
Thrust#2,32768,256,3.14062,550
Thrust#2,32768,256,3.15149,550
Thrust#2,32768,256,3.15576,549
Thrust#2,32768,256,3.14648,547
Thrust#2,32768,256,3.15308,552
Thrust#2,32768,256,3.14233,565
Thrust#2,32768,256,3.14026,551
Thrust#2,32768,256,3.14783,549
Thrust#2,32768,256,3.13611,555
Thrust#2,32768,256,3.12219,551
Thrust#2,32768,256,3.13782,549
Thrust#2,32768,256,3.12061,547
Thrust#2,32768,256,3.14026,570
Thrust#2,32768,256,3.1554,551
Thrust#2,32768,256,3.13708,550
Thrust#2,32768,256,3.16687,548
Thrust#2,32768,256,3.12927,547
Thrust#2,32768,256,3.15259,550
Thrust#2,32768,256,3.16565,547
Thrust#2,32768,256,3.13538,549
Thrust#2,32768,256,3.14319,551
Thrust#2,32768,256,3.146,551
Thrust#2,32768,256,3.146,550
Thrust#2,32768,256,3.14539,550
Thrust#2,32768,256,3.13184,553
Thrust#2,32768,256,3.15576,597
Thrust#2,32768,256,3.14221,548
Thrust#2,32768,256,3.11536,548
Thrust#2,32768,256,3.14343,553
Thrust#2,32768,256,3.15198,548
Thrust#2,32768,256,3.13647,560
Thrust#2,32768,256,3.13538,559
Thrust#2,32768,256,3.14917,564
Thrust#2,32768,256,3.1427,560
Thrust#2,32768,256,3.14392,570
Thrust#2,32768,256,3.13354,549
Thrust#2,32768,256,3.14783,563
Thrust#2,32768,256,3.12512,558
Thrust#2,32768,256,3.14221,549
Thrust#2,32768,256,3.13855,549
Thrust#2,32768,256,3.12842,552
Thrust#2,32768,256,3.15137,548
Thrust#2,32768,256,3.13904,549
Thrust#2,32768,256,3.1377,550
Thrust#2,32768,256,3.13647,562
Thrust#2,32768,256,3.14172,560
Thrust#2,32768,256,3.12231,558
Thrust#2,32768,256,3.13245,561
Thrust#2,32768,256,3.13391,563
Thrust#2,32768,256,3.14807,571
Thrust#2,32768,256,3.14062,550
Thrust#2,32768,256,3.14319,563
Thrust#2,32768,256,3.12952,554
Thrust#2,32768,256,3.12976,547
Thrust#2,32768,256,3.1532,549
Thrust#2,32768,256,3.14026,594
Thrust#2,32768,256,3.14563,550
Thrust#2,32768,256,3.13452,549
Thrust#2,32768,256,3.15161,549
Thrust#2,32768,256,3.13452,553
Thrust#2,32768,256,3.15771,548
Thrust#2,32768,256,3.12854,549
Thrust#2,32768,256,3.14575,547
Thrust#2,32768,256,3.13074,552
Thrust#2,32768,256,3.13293,549
Thrust#2,32768,256,3.15894,548
Thrust#2,32768,256,3.13733,548
Thrust#2,32768,256,3.12524,551
Thrust#2,32768,256,3.12195,550
Thrust#2,32768,256,3.13611,547
Thrust#2,32768,256,3.14917,550
Thrust#2,32768,256,3.13708,551
Thrust#2,32768,256,3.15295,548
Thrust#2,32768,256,3.14771,548
Thrust#2,32768,256,3.14819,550
Thrust#2,32768,256,3.14172,550
Thrust#2,32768,256,3.14685,545
Thrust#2,32768,256,3.12939,549
Thrust#2,32768,256,3.15198,552
Thrust#2,32768,256,3.14551,549
Thrust#2,32768,256,3.14941,548
Thrust#2,32768,256,3.13318,549
Thrust#2,32768,256,3.15088,551
Thrust#2,32768,256,3.13831,548
Thrust#2,32768,256,3.13989,596
Thrust#2,32768,256,3.12805,550
Thrust#2,32768,256,3.13855,551
Thrust#2,32768,256,3.13342,548
Thrust#2,32768,256,3.12891,548
Thrust#2,32768,256,3.13708,551
Thrust#2,32768,256,3.13428,552
Thrust#2,32768,256,3.13171,550
Thrust#2,32768,256,3.13196,547
Thrust#2,32768,512,3.15479,970
Thrust#2,32768,512,3.15125,966
Thrust#2,32768,512,3.13562,967
Thrust#2,32768,512,3.14392,966
Thrust#2,32768,512,3.13672,980
Thrust#2,32768,512,3.12463,978
Thrust#2,32768,512,3.13538,988
Thrust#2,32768,512,3.14587,977
Thrust#2,32768,512,3.13391,982
Thrust#2,32768,512,3.13904,967
Thrust#2,32768,512,3.14026,966
Thrust#2,32768,512,3.1377,968
Thrust#2,32768,512,3.13171,1028
Thrust#2,32768,512,3.14685,983
Thrust#2,32768,512,3.14001,966
Thrust#2,32768,512,3.1272,970
Thrust#2,32768,512,3.13684,967
Thrust#2,32768,512,3.13086,975
Thrust#2,32768,512,3.14624,966
Thrust#2,32768,512,3.14221,970
Thrust#2,32768,512,3.1449,969
Thrust#2,32768,512,3.14185,978
Thrust#2,32768,512,3.1405,979
Thrust#2,32768,512,3.14062,979
Thrust#2,32768,512,3.13232,981
Thrust#2,32768,512,3.15283,977
Thrust#2,32768,512,3.14331,967
Thrust#2,32768,512,3.1416,968
Thrust#2,32768,512,3.14124,967
Thrust#2,32768,512,3.15015,1011
Thrust#2,32768,512,3.13867,974
Thrust#2,32768,512,3.13013,966
Thrust#2,32768,512,3.1272,968
Thrust#2,32768,512,3.13403,965
Thrust#2,32768,512,3.15503,970
Thrust#2,32768,512,3.13623,965
Thrust#2,32768,512,3.1416,972
Thrust#2,32768,512,3.13098,976
Thrust#2,32768,512,3.13293,982
Thrust#2,32768,512,3.14563,983
Thrust#2,32768,512,3.13953,974
Thrust#2,32768,512,3.14893,981
Thrust#2,32768,512,3.14392,966
Thrust#2,32768,512,3.14526,966
Thrust#2,32768,512,3.14404,967
Thrust#2,32768,512,3.13391,971
Thrust#2,32768,512,3.1405,1013
Thrust#2,32768,512,3.14502,969
Thrust#2,32768,512,3.15149,969
Thrust#2,32768,512,3.13892,970
Thrust#2,32768,512,3.15161,976
Thrust#2,32768,512,3.14697,968
Thrust#2,32768,512,3.13818,967
Thrust#2,32768,512,3.1615,972
Thrust#2,32768,512,3.15002,966
Thrust#2,32768,512,3.15039,968
Thrust#2,32768,512,3.14099,969
Thrust#2,32768,512,3.15637,968
Thrust#2,32768,512,3.14539,967
Thrust#2,32768,512,3.146,966
Thrust#2,32768,512,3.15271,974
Thrust#2,32768,512,3.12964,990
Thrust#2,32768,512,3.14343,969
Thrust#2,32768,512,3.13049,1008
Thrust#2,32768,512,3.14795,971
Thrust#2,32768,512,3.14587,966
Thrust#2,32768,512,3.13562,967
Thrust#2,32768,512,3.14233,970
Thrust#2,32768,512,3.13672,966
Thrust#2,32768,512,3.13745,978
Thrust#2,32768,512,3.13049,965
Thrust#2,32768,512,3.12769,971
Thrust#2,32768,512,3.15479,967
Thrust#2,32768,512,3.13489,966
Thrust#2,32768,512,3.13696,979
Thrust#2,32768,512,3.14294,970
Thrust#2,32768,512,3.14685,967
Thrust#2,32768,512,3.15356,966
Thrust#2,32768,512,3.14111,966
Thrust#2,32768,512,3.13416,969
Thrust#2,32768,512,3.13538,1027
Thrust#2,32768,512,3.14941,969
Thrust#2,32768,512,3.13452,970
Thrust#2,32768,512,3.12695,965
Thrust#2,32768,512,3.146,977
Thrust#2,32768,512,3.1582,976
Thrust#2,32768,512,3.13831,984
Thrust#2,32768,512,3.13049,1007
Thrust#2,32768,512,3.14001,985
Thrust#2,32768,512,3.14246,968
Thrust#2,32768,512,3.14819,969
Thrust#2,32768,512,3.13135,966
Thrust#2,32768,512,3.14697,966
Thrust#2,32768,512,3.12671,967
Thrust#2,32768,512,3.12207,997
Thrust#2,32768,512,3.1394,968
Thrust#2,32768,512,3.15088,982
Thrust#2,32768,512,3.14014,1010
Thrust#2,32768,512,3.1416,968
Thrust#2,32768,512,3.14624,966
Thrust#2,32768,1024,3.15173,1802
Thrust#2,32768,1024,3.13733,1804
Thrust#2,32768,1024,3.14099,1814
Thrust#2,32768,1024,3.1449,1814
Thrust#2,32768,1024,3.14148,1817
Thrust#2,32768,1024,3.15234,1813
Thrust#2,32768,1024,3.13269,1813
Thrust#2,32768,1024,3.13806,1819
Thrust#2,32768,1024,3.14197,1856
Thrust#2,32768,1024,3.14575,1801
Thrust#2,32768,1024,3.13391,1812
Thrust#2,32768,1024,3.13367,1812
Thrust#2,32768,1024,3.14429,1821
Thrust#2,32768,1024,3.13892,1819
Thrust#2,32768,1024,3.12439,1812
Thrust#2,32768,1024,3.13928,1809
Thrust#2,32768,1024,3.1394,1810
Thrust#2,32768,1024,3.16272,1846
Thrust#2,32768,1024,3.151,1827
Thrust#2,32768,1024,3.14258,1813
Thrust#2,32768,1024,3.14478,1811
Thrust#2,32768,1024,3.13379,1813
Thrust#2,32768,1024,3.13696,1806
Thrust#2,32768,1024,3.14404,1841
Thrust#2,32768,1024,3.14343,1840
Thrust#2,32768,1024,3.1355,1805
Thrust#2,32768,1024,3.1543,1846
Thrust#2,32768,1024,3.13574,1802
Thrust#2,32768,1024,3.1438,1809
Thrust#2,32768,1024,3.1571,1816
Thrust#2,32768,1024,3.14148,1813
Thrust#2,32768,1024,3.1239,1812
Thrust#2,32768,1024,3.13916,1811
Thrust#2,32768,1024,3.13684,1847
Thrust#2,32768,1024,3.13867,1822
Thrust#2,32768,1024,3.1322,1847
Thrust#2,32768,1024,3.14124,1807
Thrust#2,32768,1024,3.13916,1804
Thrust#2,32768,1024,3.14258,1807
Thrust#2,32768,1024,3.14355,1814
Thrust#2,32768,1024,3.14722,1818
Thrust#2,32768,1024,3.15576,1803
Thrust#2,32768,1024,3.14246,1802
Thrust#2,32768,1024,3.14075,1814
Thrust#2,32768,1024,3.14197,1851
Thrust#2,32768,1024,3.14978,1803
Thrust#2,32768,1024,3.13892,1806
Thrust#2,32768,1024,3.15649,1809
Thrust#2,32768,1024,3.13831,1803
Thrust#2,32768,1024,3.13611,1802
Thrust#2,32768,1024,3.14197,1814
Thrust#2,32768,1024,3.16602,1807
Thrust#2,32768,1024,3.14661,1814
Thrust#2,32768,1024,3.13977,1881
Thrust#2,32768,1024,3.13818,1819
Thrust#2,32768,1024,3.14746,1806
Thrust#2,32768,1024,3.1322,1807
Thrust#2,32768,1024,3.15259,1802
Thrust#2,32768,1024,3.14783,1817
Thrust#2,32768,1024,3.13989,1813
Thrust#2,32768,1024,3.13452,1815
Thrust#2,32768,1024,3.14783,1802
Thrust#2,32768,1024,3.14099,1825
Thrust#2,32768,1024,3.14697,1846
Thrust#2,32768,1024,3.13586,1804
Thrust#2,32768,1024,3.15051,1814
Thrust#2,32768,1024,3.14368,1801
Thrust#2,32768,1024,3.14722,1813
Thrust#2,32768,1024,3.12939,1820
Thrust#2,32768,1024,3.14661,1823
Thrust#2,32768,1024,3.1427,1803
Thrust#2,32768,1024,3.12573,1803
Thrust#2,32768,1024,3.14795,1852
Thrust#2,32768,1024,3.13672,1847
Thrust#2,32768,1024,3.1532,1823
Thrust#2,32768,1024,3.14905,1833
Thrust#2,32768,1024,3.14648,1808
Thrust#2,32768,1024,3.14453,1803
Thrust#2,32768,1024,3.14343,1803
Thrust#2,32768,1024,3.1499,1805
Thrust#2,32768,1024,3.14368,1805
Thrust#2,32768,1024,3.13574,1847
Thrust#2,32768,1024,3.14905,1804
Thrust#2,32768,1024,3.13647,1805
Thrust#2,32768,1024,3.13855,1803
Thrust#2,32768,1024,3.13269,1825
Thrust#2,32768,1024,3.14612,1808
Thrust#2,32768,1024,3.12842,1825
Thrust#2,32768,1024,3.13721,1814
Thrust#2,32768,1024,3.14709,1814
Thrust#2,32768,1024,3.14331,1862
Thrust#2,32768,1024,3.13477,1816
Thrust#2,32768,1024,3.1488,1802
Thrust#2,32768,1024,3.15271,1834
Thrust#2,32768,1024,3.13062,2053
Thrust#2,32768,1024,3.1438,1821
Thrust#2,32768,1024,3.13025,1813
Thrust#2,32768,1024,3.13477,1817
Thrust#2,32768,1024,3.14966,1827
Thrust#2,32768,1024,3.12939,1879
Thrust#2,32768,2048,3.15625,3476
Thrust#2,32768,2048,3.1322,3476
Thrust#2,32768,2048,3.15735,3477
Thrust#2,32768,2048,3.12573,3468
Thrust#2,32768,2048,3.15503,3520
Thrust#2,32768,2048,3.14734,3475
Thrust#2,32768,2048,3.13538,3499
Thrust#2,32768,2048,3.1416,3538
Thrust#2,32768,2048,3.14697,3496
Thrust#2,32768,2048,3.13574,3517
Thrust#2,32768,2048,3.13904,3476
Thrust#2,32768,2048,3.14526,3480
Thrust#2,32768,2048,3.16687,3475
Thrust#2,32768,2048,3.12964,3489
Thrust#2,32768,2048,3.13245,3527
Thrust#2,32768,2048,3.14917,3470
Thrust#2,32768,2048,3.13757,3476
Thrust#2,32768,2048,3.13733,3499
Thrust#2,32768,2048,3.14319,3490
Thrust#2,32768,2048,3.12976,3516
Thrust#2,32768,2048,3.14233,3477
Thrust#2,32768,2048,3.13757,3473
Thrust#2,32768,2048,3.13391,3491
Thrust#2,32768,2048,3.14221,3513
Thrust#2,32768,2048,3.16528,3481
Thrust#2,32768,2048,3.1377,3476
Thrust#2,32768,2048,3.1543,3477
Thrust#2,32768,2048,3.15015,3471
Thrust#2,32768,2048,3.14844,3551
Thrust#2,32768,2048,3.14343,3493
Thrust#2,32768,2048,3.15344,3472
Thrust#2,32768,2048,3.15051,3476
Thrust#2,32768,2048,3.15491,3477
Thrust#2,32768,2048,3.13782,3527
Thrust#2,32768,2048,3.14075,3478
Thrust#2,32768,2048,3.14136,3475
Thrust#2,32768,2048,3.14014,3482
Thrust#2,32768,2048,3.15479,3476
Thrust#2,32768,2048,3.13464,3542
Thrust#2,32768,2048,3.15063,3489
Thrust#2,32768,2048,3.14893,3471
Thrust#2,32768,2048,3.15942,3477
Thrust#2,32768,2048,3.12915,3485
Thrust#2,32768,2048,3.14819,3521
Thrust#2,32768,2048,3.13684,3486
Thrust#2,32768,2048,3.13342,3468
Thrust#2,32768,2048,3.16626,3474
Thrust#2,32768,2048,3.14746,3509
Thrust#2,32768,2048,3.13599,3487
Thrust#2,32768,2048,3.1377,3509
Thrust#2,32768,2048,3.13306,3478
Thrust#2,32768,2048,3.16614,3482
Thrust#2,32768,2048,3.12805,3531
Thrust#2,32768,2048,3.13611,3466
Thrust#2,32768,2048,3.13623,3477
Thrust#2,32768,2048,3.15332,3464
Thrust#2,32768,2048,3.15759,3496
Thrust#2,32768,2048,3.1449,3509
Thrust#2,32768,2048,3.15393,3478
Thrust#2,32768,2048,3.14319,3520
Thrust#2,32768,2048,3.13855,3500
Thrust#2,32768,2048,3.12976,3515
Thrust#2,32768,2048,3.13916,3472
Thrust#2,32768,2048,3.14807,3476
Thrust#2,32768,2048,3.14026,3465
Thrust#2,32768,2048,3.15662,3483
Thrust#2,32768,2048,3.14246,3509
Thrust#2,32768,2048,3.1427,3492
Thrust#2,32768,2048,3.14209,3478
Thrust#2,32768,2048,3.14771,3495
Thrust#2,32768,2048,3.15283,3508
Thrust#2,32768,2048,3.13684,3519
Thrust#2,32768,2048,3.14124,3485
Thrust#2,32768,2048,3.14185,3476
Thrust#2,32768,2048,3.12854,3478
Thrust#2,32768,2048,3.14246,3482
Thrust#2,32768,2048,3.15088,3508
Thrust#2,32768,2048,3.13379,3470
Thrust#2,32768,2048,3.15833,3466
Thrust#2,32768,2048,3.15051,3481
Thrust#2,32768,2048,3.1604,3502
Thrust#2,32768,2048,3.14209,3541
Thrust#2,32768,2048,3.14319,3466
Thrust#2,32768,2048,3.14148,3481
Thrust#2,32768,2048,3.12732,3479
Thrust#2,32768,2048,3.13232,3509
Thrust#2,32768,2048,3.13879,3468
Thrust#2,32768,2048,3.14429,3469
Thrust#2,32768,2048,3.13245,3474
Thrust#2,32768,2048,3.13049,3469
Thrust#2,32768,2048,3.15601,3542
Thrust#2,32768,2048,3.13342,3489
Thrust#2,32768,2048,3.14539,3468
Thrust#2,32768,2048,3.12134,3484
Thrust#2,32768,2048,3.14221,3474
Thrust#2,32768,2048,3.12366,3510
Thrust#2,32768,2048,3.14783,3468
Thrust#2,32768,2048,3.14502,3479
Thrust#2,32768,2048,3.14624,3465
Thrust#2,32768,2048,3.14282,3533
Thrust#2,32768,4096,3.15308,6903
Thrust#2,32768,4096,3.15161,6829
Thrust#2,32768,4096,3.13806,6826
Thrust#2,32768,4096,3.16357,6856
Thrust#2,32768,4096,3.14246,6832
Thrust#2,32768,4096,3.13721,6852
Thrust#2,32768,4096,3.13098,7033
Thrust#2,32768,4096,3.14624,6882
Thrust#2,32768,4096,3.14893,6812
Thrust#2,32768,4096,3.1333,6803
Thrust#2,32768,4096,3.14563,6864
Thrust#2,32768,4096,3.12488,6823
Thrust#2,32768,4096,3.14832,6899
Thrust#2,32768,4096,3.12854,6830
Thrust#2,32768,4096,3.14172,6814
Thrust#2,32768,4096,3.14612,6858
Thrust#2,32768,4096,3.13977,6813
Thrust#2,32768,4096,3.13611,6923
Thrust#2,32768,4096,3.14551,6872
Thrust#2,32768,4096,3.13489,6928
Thrust#2,32768,4096,3.13708,6882
Thrust#2,32768,4096,3.15771,6833
Thrust#2,32768,4096,3.12781,6863
Thrust#2,32768,4096,3.14612,6843
Thrust#2,32768,4096,3.13428,6872
Thrust#2,32768,4096,3.13257,6813
Thrust#2,32768,4096,3.13623,6792
Thrust#2,32768,4096,3.1377,6866
Thrust#2,32768,4096,3.13757,6855
Thrust#2,32768,4096,3.14368,6874
Thrust#2,32768,4096,3.13525,6814
Thrust#2,32768,4096,3.12549,6815
Thrust#2,32768,4096,3.1394,6858
Thrust#2,32768,4096,3.13403,6824
Thrust#2,32768,4096,3.15112,6898
Thrust#2,32768,4096,3.14099,6811
Thrust#2,32768,4096,3.14624,6936
Thrust#2,32768,4096,3.13,6828
Thrust#2,32768,4096,3.13843,6814
Thrust#2,32768,4096,3.14941,6889
Thrust#2,32768,4096,3.15234,6839
Thrust#2,32768,4096,3.14307,6867
Thrust#2,32768,4096,3.14258,6846
Thrust#2,32768,4096,3.13782,7247
Thrust#2,32768,4096,3.15283,6897
Thrust#2,32768,4096,3.14087,6841
Thrust#2,32768,4096,3.13135,6869
Thrust#2,32768,4096,3.13354,6817
Thrust#2,32768,4096,3.14441,6802
Thrust#2,32768,4096,3.13232,6859
Thrust#2,32768,4096,3.15479,6855
Thrust#2,32768,4096,3.12524,6863
Thrust#2,32768,4096,3.14258,6815
Thrust#2,32768,4096,3.12549,6862
Thrust#2,32768,4096,3.14832,6803
Thrust#2,32768,4096,3.13953,6814
Thrust#2,32768,4096,3.1604,6875
Thrust#2,32768,4096,3.14026,6839
Thrust#2,32768,4096,3.13635,6846
Thrust#2,32768,4096,3.12915,6811
Thrust#2,32768,4096,3.15698,6815
Thrust#2,32768,4096,3.13904,6898
Thrust#2,32768,4096,3.13354,6835
Thrust#2,32768,4096,3.14062,6869
Thrust#2,32768,4096,3.13403,7015
Thrust#2,32768,4096,3.14795,6854
Thrust#2,32768,4096,3.14404,6884
Thrust#2,32768,4096,3.14807,6835
Thrust#2,32768,4096,3.14929,6858
Thrust#2,32768,4096,3.13513,6806
Thrust#2,32768,4096,3.15552,6849
Thrust#2,32768,4096,3.146,6814
Thrust#2,32768,4096,3.14954,6859
Thrust#2,32768,4096,3.12793,6873
Thrust#2,32768,4096,3.1405,6813
Thrust#2,32768,4096,3.14001,6848
Thrust#2,32768,4096,3.14014,6814
Thrust#2,32768,4096,3.14465,6837
Thrust#2,32768,4096,3.13684,6878
Thrust#2,32768,4096,3.16431,6819
Thrust#2,32768,4096,3.15283,6873
Thrust#2,32768,4096,3.13489,6816
Thrust#2,32768,4096,3.14099,6802
Thrust#2,32768,4096,3.14868,6893
Thrust#2,32768,4096,3.15027,6833
Thrust#2,32768,4096,3.13757,6851
Thrust#2,32768,4096,3.14502,6812
Thrust#2,32768,4096,3.14062,6862
Thrust#2,32768,4096,3.13196,6845
Thrust#2,32768,4096,3.15503,6832
Thrust#2,32768,4096,3.14819,6860
Thrust#2,32768,4096,3.12524,6814
Thrust#2,32768,4096,3.13025,6858
Thrust#2,32768,4096,3.1311,6816
Thrust#2,32768,4096,3.14087,6851
Thrust#2,32768,4096,3.1377,6874
Thrust#2,32768,4096,3.15259,6804
Thrust#2,32768,4096,3.14539,6850
Thrust#2,32768,4096,3.13782,6824
Thrust#2,32768,4096,3.15479,6814
Thrust#2,32768,8192,3.14026,13543
Thrust#2,32768,8192,3.15198,13536
Thrust#2,32768,8192,3.15247,13513
Thrust#2,32768,8192,3.14331,13562
Thrust#2,32768,8192,3.14307,13514
Thrust#2,32768,8192,3.14697,13551
Thrust#2,32768,8192,3.13647,13536
Thrust#2,32768,8192,3.14734,13521
Thrust#2,32768,8192,3.15369,13506
Thrust#2,32768,8192,3.146,13545
Thrust#2,32768,8192,3.14221,13532
Thrust#2,32768,8192,3.13464,13566
Thrust#2,32768,8192,3.12439,13799
Thrust#2,32768,8192,3.13989,13482
Thrust#2,32768,8192,3.15564,13592
Thrust#2,32768,8192,3.15308,13579
Thrust#2,32768,8192,3.14429,13613
Thrust#2,32768,8192,3.14331,16309
Thrust#2,32768,8192,3.125,14203
Thrust#2,32768,8192,3.15527,14607
Thrust#2,32768,8192,3.14343,14573
Thrust#2,32768,8192,3.13513,13688
Thrust#2,32768,8192,3.12598,14435
Thrust#2,32768,8192,3.14697,13689
Thrust#2,32768,8192,3.13525,13690
Thrust#2,32768,8192,3.15979,13641
Thrust#2,32768,8192,3.14124,13713
Thrust#2,32768,8192,3.13696,13628
Thrust#2,32768,8192,3.14062,13723
Thrust#2,32768,8192,3.14722,13767
Thrust#2,32768,8192,3.13489,13659
Thrust#2,32768,8192,3.14587,13609
Thrust#2,32768,8192,3.14551,13567
Thrust#2,32768,8192,3.12854,13622
Thrust#2,32768,8192,3.14563,14073
Thrust#2,32768,8192,3.14221,13863
Thrust#2,32768,8192,3.1427,13601
Thrust#2,32768,8192,3.11658,13888
Thrust#2,32768,8192,3.1438,13670
Thrust#2,32768,8192,3.12659,13885
Thrust#2,32768,8192,3.13843,13662
Thrust#2,32768,8192,3.14233,14260
Thrust#2,32768,8192,3.14294,13626
Thrust#2,32768,8192,3.13818,14070
Thrust#2,32768,8192,3.15393,13740
Thrust#2,32768,8192,3.12781,13615
Thrust#2,32768,8192,3.151,14271
Thrust#2,32768,8192,3.15576,14380
Thrust#2,32768,8192,3.14172,13674
Thrust#2,32768,8192,3.146,13610
Thrust#2,32768,8192,3.1355,13621
Thrust#2,32768,8192,3.14197,14194
Thrust#2,32768,8192,3.13794,13590
Thrust#2,32768,8192,3.13599,13568
Thrust#2,32768,8192,3.12207,15544
Thrust#2,32768,8192,3.1499,15409
Thrust#2,32768,8192,3.14099,15535
Thrust#2,32768,8192,3.12793,14416
Thrust#2,32768,8192,3.14233,14251
Thrust#2,32768,8192,3.13123,14125
Thrust#2,32768,8192,3.14856,14373
Thrust#2,32768,8192,3.14905,14286
Thrust#2,32768,8192,3.12891,13618
Thrust#2,32768,8192,3.12927,13864
Thrust#2,32768,8192,3.1394,13723
Thrust#2,32768,8192,3.13684,13696
Thrust#2,32768,8192,3.14001,13859
Thrust#2,32768,8192,3.12341,13671
Thrust#2,32768,8192,3.12842,13710
Thrust#2,32768,8192,3.15222,13760
Thrust#2,32768,8192,3.15405,13782
Thrust#2,32768,8192,3.1427,13697
Thrust#2,32768,8192,3.16052,13776
Thrust#2,32768,8192,3.14026,13671
Thrust#2,32768,8192,3.16016,13668
Thrust#2,32768,8192,3.14722,13615
Thrust#2,32768,8192,3.13916,13679
Thrust#2,32768,8192,3.13782,13669
Thrust#2,32768,8192,3.13831,13651
Thrust#2,32768,8192,3.15369,13670
Thrust#2,32768,8192,3.13989,13613
Thrust#2,32768,8192,3.12268,13566
Thrust#2,32768,8192,3.13342,13599
Thrust#2,32768,8192,3.14832,13574
Thrust#2,32768,8192,3.15308,13566
Thrust#2,32768,8192,3.13672,15571
Thrust#2,32768,8192,3.15662,15400
Thrust#2,32768,8192,3.13843,15242
Thrust#2,32768,8192,3.14758,14331
Thrust#2,32768,8192,3.14099,14291
Thrust#2,32768,8192,3.1355,14777
Thrust#2,32768,8192,3.13904,14437
Thrust#2,32768,8192,3.13806,13788
Thrust#2,32768,8192,3.13977,13591
Thrust#2,32768,8192,3.1355,13793
Thrust#2,32768,8192,3.13867,13609
Thrust#2,32768,8192,3.13867,13597
Thrust#2,32768,8192,3.14734,13596
Thrust#2,32768,8192,3.13293,15473
Thrust#2,32768,8192,3.14551,15429
Thrust#2,32768,16384,3.13635,28165
Thrust#2,32768,16384,3.12769,27368
Thrust#2,32768,16384,3.12561,27239
Thrust#2,32768,16384,3.13879,28831
Thrust#2,32768,16384,3.13635,28846
Thrust#2,32768,16384,3.15833,27191
Thrust#2,32768,16384,3.14075,27508
Thrust#2,32768,16384,3.13135,27065
Thrust#2,32768,16384,3.15588,27229
Thrust#2,32768,16384,3.13696,27034
Thrust#2,32768,16384,3.15698,26954
Thrust#2,32768,16384,3.14075,26982
Thrust#2,32768,16384,3.15015,26951
Thrust#2,32768,16384,3.13611,27112
Thrust#2,32768,16384,3.1449,26951
Thrust#2,32768,16384,3.13892,26907
Thrust#2,32768,16384,3.14514,26910
Thrust#2,32768,16384,3.14307,27849
Thrust#2,32768,16384,3.1449,26961
Thrust#2,32768,16384,3.16089,27499
Thrust#2,32768,16384,3.15222,27019
Thrust#2,32768,16384,3.14001,28923
Thrust#2,32768,16384,3.13367,27252
Thrust#2,32768,16384,3.15454,27095
Thrust#2,32768,16384,3.13562,29024
Thrust#2,32768,16384,3.15173,27773
Thrust#2,32768,16384,3.13782,27076
Thrust#2,32768,16384,3.14661,26886
Thrust#2,32768,16384,3.14111,28786
Thrust#2,32768,16384,3.12183,29240
Thrust#2,32768,16384,3.13477,29740
Thrust#2,32768,16384,3.14636,27623
Thrust#2,32768,16384,3.14221,27288
Thrust#2,32768,16384,3.1543,27475
Thrust#2,32768,16384,3.15137,26940
Thrust#2,32768,16384,3.13269,29989
Thrust#2,32768,16384,3.13684,29169
Thrust#2,32768,16384,3.15173,29175
Thrust#2,32768,16384,3.13147,27477
Thrust#2,32768,16384,3.14136,30121
Thrust#2,32768,16384,3.11792,28887
Thrust#2,32768,16384,3.1344,29640
Thrust#2,32768,16384,3.14673,27426
Thrust#2,32768,16384,3.15393,29005
Thrust#2,32768,16384,3.14099,28767
Thrust#2,32768,16384,3.14966,28839
Thrust#2,32768,16384,3.14465,28791
Thrust#2,32768,16384,3.13855,30174
Thrust#2,32768,16384,3.1377,28888
Thrust#2,32768,16384,3.14783,28718
Thrust#2,32768,16384,3.14197,27694
Thrust#2,32768,16384,3.14941,27681
Thrust#2,32768,16384,3.13684,27035
Thrust#2,32768,16384,3.14014,27566
Thrust#2,32768,16384,3.13171,30139
Thrust#2,32768,16384,3.13867,27276
Thrust#2,32768,16384,3.15283,28221
Thrust#2,32768,16384,3.13123,27085
Thrust#2,32768,16384,3.15479,26992
Thrust#2,32768,16384,3.14502,27873
Thrust#2,32768,16384,3.13489,27239
Thrust#2,32768,16384,3.15405,27878
Thrust#2,32768,16384,3.15723,27237
Thrust#2,32768,16384,3.13696,26917
Thrust#2,32768,16384,3.13464,26917
Thrust#2,32768,16384,3.14917,28924
Thrust#2,32768,16384,3.13574,29246
Thrust#2,32768,16384,3.13745,29024
Thrust#2,32768,16384,3.1394,27223
Thrust#2,32768,16384,3.1311,26997
Thrust#2,32768,16384,3.15015,27097
Thrust#2,32768,16384,3.15601,27158
Thrust#2,32768,16384,3.14636,27054
Thrust#2,32768,16384,3.14404,27035
Thrust#2,32768,16384,3.1416,29380
Thrust#2,32768,16384,3.14917,28564
Thrust#2,32768,16384,3.14014,28046
Thrust#2,32768,16384,3.14771,30004
Thrust#2,32768,16384,3.13855,27131
Thrust#2,32768,16384,3.13086,26974
Thrust#2,32768,16384,3.15576,29289
Thrust#2,32768,16384,3.15625,28539
Thrust#2,32768,16384,3.14783,27025
Thrust#2,32768,16384,3.14221,27106
Thrust#2,32768,16384,3.14014,29669
Thrust#2,32768,16384,3.14001,28633
Thrust#2,32768,16384,3.14832,27001
Thrust#2,32768,16384,3.12231,29460
Thrust#2,32768,16384,3.13367,28621
Thrust#2,32768,16384,3.14478,26987
Thrust#2,32768,16384,3.14954,29605
Thrust#2,32768,16384,3.12927,28605
Thrust#2,32768,16384,3.14636,27031
Thrust#2,32768,16384,3.15784,28173
Thrust#2,32768,16384,3.14429,29877
Thrust#2,32768,16384,3.13013,28522
Thrust#2,32768,16384,3.13696,27034
Thrust#2,32768,16384,3.14075,28293
Thrust#2,32768,16384,3.14136,26966
Thrust#2,32768,16384,3.14905,28220
Thrust#2,32768,32768,3.14331,53847
Thrust#2,32768,32768,3.15295,53580
Thrust#2,32768,32768,3.14246,56311
Thrust#2,32768,32768,3.1377,55295
Thrust#2,32768,32768,3.14062,53606
Thrust#2,32768,32768,3.13293,54960
Thrust#2,32768,32768,3.14209,53661
Thrust#2,32768,32768,3.12671,54141
Thrust#2,32768,32768,3.14868,53569
Thrust#2,32768,32768,3.13525,53474
Thrust#2,32768,32768,3.12378,53750
Thrust#2,32768,32768,3.12988,53584
Thrust#2,32768,32768,3.12988,56053
Thrust#2,32768,32768,3.14124,55272
Thrust#2,32768,32768,3.14307,55859
Thrust#2,32768,32768,3.14709,53921
Thrust#2,32768,32768,3.15356,53594
Thrust#2,32768,32768,3.15186,56393
Thrust#2,32768,32768,3.12402,55259
Thrust#2,32768,32768,3.13196,53731
Thrust#2,32768,32768,3.1377,53613
Thrust#2,32768,32768,3.13818,53596
Thrust#2,32768,32768,3.13611,53864
Thrust#2,32768,32768,3.14392,53799
Thrust#2,32768,32768,3.14709,53579
Thrust#2,32768,32768,3.13171,53818
Thrust#2,32768,32768,3.13184,53864
Thrust#2,32768,32768,3.12659,53830
Thrust#2,32768,32768,3.13843,54099
Thrust#2,32768,32768,3.15112,54011
Thrust#2,32768,32768,3.12537,53594
Thrust#2,32768,32768,3.14563,53791
Thrust#2,32768,32768,3.14221,53664
Thrust#2,32768,32768,3.15234,55388
Thrust#2,32768,32768,3.15173,53601
Thrust#2,32768,32768,3.14417,54265
Thrust#2,32768,32768,3.1416,53720
Thrust#2,32768,32768,3.14587,54512
Thrust#2,32768,32768,3.14905,54749
Thrust#2,32768,32768,3.12964,53737
Thrust#2,32768,32768,3.14502,55526
Thrust#2,32768,32768,3.14844,56394
Thrust#2,32768,32768,3.14514,56472
Thrust#2,32768,32768,3.14246,55531
Thrust#2,32768,32768,3.15344,54542
Thrust#2,32768,32768,3.13306,54113
Thrust#2,32768,32768,3.14294,55612
Thrust#2,32768,32768,3.14233,55466
Thrust#2,32768,32768,3.13538,55851
Thrust#2,32768,32768,3.13513,56673
Thrust#2,32768,32768,3.14014,55605
Thrust#2,32768,32768,3.15369,53895
Thrust#2,32768,32768,3.14136,54436
Thrust#2,32768,32768,3.13232,54227
Thrust#2,32768,32768,3.13928,54819
Thrust#2,32768,32768,3.14563,54355
Thrust#2,32768,32768,3.14185,54011
Thrust#2,32768,32768,3.14563,53624
Thrust#2,32768,32768,3.13245,54030
Thrust#2,32768,32768,3.14453,53812
Thrust#2,32768,32768,3.14172,53648
Thrust#2,32768,32768,3.14014,54522
Thrust#2,32768,32768,3.1521,56823
Thrust#2,32768,32768,3.13037,55498
Thrust#2,32768,32768,3.14465,56215
Thrust#2,32768,32768,3.1427,54192
Thrust#2,32768,32768,3.14734,56589
Thrust#2,32768,32768,3.1344,55804
Thrust#2,32768,32768,3.14917,55833
Thrust#2,32768,32768,3.14368,54170
Thrust#2,32768,32768,3.14771,54206
Thrust#2,32768,32768,3.13416,54006
Thrust#2,32768,32768,3.14478,54609
Thrust#2,32768,32768,3.14661,54149
Thrust#2,32768,32768,3.13037,54032
Thrust#2,32768,32768,3.13171,55540
Thrust#2,32768,32768,3.13831,55421
Thrust#2,32768,32768,3.13159,55316
Thrust#2,32768,32768,3.14185,54478
Thrust#2,32768,32768,3.13403,54288
Thrust#2,32768,32768,3.14941,54231
Thrust#2,32768,32768,3.15039,53985
Thrust#2,32768,32768,3.13831,53569
Thrust#2,32768,32768,3.14368,55427
Thrust#2,32768,32768,3.15527,55468
Thrust#2,32768,32768,3.13953,55256
Thrust#2,32768,32768,3.13989,54399
Thrust#2,32768,32768,3.14673,54252
Thrust#2,32768,32768,3.13403,55387
Thrust#2,32768,32768,3.13989,54465
Thrust#2,32768,32768,3.14343,53721
Thrust#2,32768,32768,3.14636,55347
Thrust#2,32768,32768,3.13977,53677
Thrust#2,32768,32768,3.1322,53695
Thrust#2,32768,32768,3.14624,53549
Thrust#2,32768,32768,3.12537,53491
Thrust#2,32768,32768,3.14001,53539
Thrust#2,32768,32768,3.14746,53546
Thrust#2,32768,32768,3.14612,53502
Thrust#2,32768,32768,3.14014,53533
Thrust#2,65536,1,3.14716,1754
Thrust#2,65536,1,3.14478,1343
Thrust#2,65536,1,3.1297,1308
Thrust#2,65536,1,3.13885,1320
Thrust#2,65536,1,3.13538,1308
Thrust#2,65536,1,3.14679,1311
Thrust#2,65536,1,3.14148,1319
Thrust#2,65536,1,3.14917,1317
Thrust#2,65536,1,3.15356,1314
Thrust#2,65536,1,3.14001,1319
Thrust#2,65536,1,3.13446,1313
Thrust#2,65536,1,3.14703,1313
Thrust#2,65536,1,3.12842,1299
Thrust#2,65536,1,3.14539,1319
Thrust#2,65536,1,3.14624,1305
Thrust#2,65536,1,3.14496,1312
Thrust#2,65536,1,3.13708,1313
Thrust#2,65536,1,3.13098,1317
Thrust#2,65536,1,3.14233,1313
Thrust#2,65536,1,3.14667,1331
Thrust#2,65536,1,3.14844,1324
Thrust#2,65536,1,3.14154,1318
Thrust#2,65536,1,3.13013,1315
Thrust#2,65536,1,3.14246,1302
Thrust#2,65536,1,3.14679,1304
Thrust#2,65536,1,3.14032,1331
Thrust#2,65536,1,3.14038,1314
Thrust#2,65536,1,3.14178,1304
Thrust#2,65536,1,3.13971,1304
Thrust#2,65536,1,3.14545,1307
Thrust#2,65536,1,3.12903,1311
Thrust#2,65536,1,3.14508,1324
Thrust#2,65536,1,3.13733,1316
Thrust#2,65536,1,3.15198,1316
Thrust#2,65536,1,3.14166,1314
Thrust#2,65536,1,3.14771,1313
Thrust#2,65536,1,3.14783,1312
Thrust#2,65536,1,3.12726,1317
Thrust#2,65536,1,3.13531,1314
Thrust#2,65536,1,3.13721,1313
Thrust#2,65536,1,3.14453,1316
Thrust#2,65536,1,3.13751,1307
Thrust#2,65536,1,3.14252,1304
Thrust#2,65536,1,3.13507,1304
Thrust#2,65536,1,3.13635,1314
Thrust#2,65536,1,3.13562,1326
Thrust#2,65536,1,3.14093,1313
Thrust#2,65536,1,3.14441,1313
Thrust#2,65536,1,3.13885,1315
Thrust#2,65536,1,3.14838,1318
Thrust#2,65536,1,3.14038,1314
Thrust#2,65536,1,3.1452,1323
Thrust#2,65536,1,3.13892,1315
Thrust#2,65536,1,3.14453,1318
Thrust#2,65536,1,3.14233,1322
Thrust#2,65536,1,3.14661,1303
Thrust#2,65536,1,3.14294,1303
Thrust#2,65536,1,3.13995,1312
Thrust#2,65536,1,3.12756,1316
Thrust#2,65536,1,3.14337,1309
Thrust#2,65536,1,3.14569,1305
Thrust#2,65536,1,3.14313,1314
Thrust#2,65536,1,3.15448,1308
Thrust#2,65536,1,3.15076,1322
Thrust#2,65536,1,3.14441,2460
Thrust#2,65536,1,3.13245,1370
Thrust#2,65536,1,3.13721,1312
Thrust#2,65536,1,3.15503,1342
Thrust#2,65536,1,3.13519,1350
Thrust#2,65536,1,3.14673,1334
Thrust#2,65536,1,3.15808,1320
Thrust#2,65536,1,3.14545,1319
Thrust#2,65536,1,3.15131,1470
Thrust#2,65536,1,3.13116,1355
Thrust#2,65536,1,3.14087,1313
Thrust#2,65536,1,3.13092,1327
Thrust#2,65536,1,3.14716,1316
Thrust#2,65536,1,3.14661,1311
Thrust#2,65536,1,3.14056,1315
Thrust#2,65536,1,3.14111,1353
Thrust#2,65536,1,3.14777,1333
Thrust#2,65536,1,3.14197,1330
Thrust#2,65536,1,3.13202,1321
Thrust#2,65536,1,3.13416,1363
Thrust#2,65536,1,3.14124,2016
Thrust#2,65536,1,3.14929,1393
Thrust#2,65536,1,3.14325,1329
Thrust#2,65536,1,3.14691,1323
Thrust#2,65536,1,3.13263,1324
Thrust#2,65536,1,3.14105,1324
Thrust#2,65536,1,3.13379,1326
Thrust#2,65536,1,3.14703,1312
Thrust#2,65536,1,3.1496,1306
Thrust#2,65536,1,3.14136,1314
Thrust#2,65536,1,3.12445,1306
Thrust#2,65536,1,3.14948,1309
Thrust#2,65536,1,3.13635,1451
Thrust#2,65536,1,3.14331,1381
Thrust#2,65536,1,3.14417,1324
Thrust#2,65536,1,3.13507,1316
Thrust#2,65536,2,3.13995,794
Thrust#2,65536,2,3.15167,786
Thrust#2,65536,2,3.14325,780
Thrust#2,65536,2,3.14594,782
Thrust#2,65536,2,3.13354,786
Thrust#2,65536,2,3.13812,786
Thrust#2,65536,2,3.15015,790
Thrust#2,65536,2,3.14404,783
Thrust#2,65536,2,3.13751,776
Thrust#2,65536,2,3.13971,788
Thrust#2,65536,2,3.13684,785
Thrust#2,65536,2,3.13574,785
Thrust#2,65536,2,3.13403,780
Thrust#2,65536,2,3.1391,780
Thrust#2,65536,2,3.1543,782
Thrust#2,65536,2,3.13983,799
Thrust#2,65536,2,3.13831,779
Thrust#2,65536,2,3.13708,775
Thrust#2,65536,2,3.14661,783
Thrust#2,65536,2,3.14758,778
Thrust#2,65536,2,3.13971,788
Thrust#2,65536,2,3.13751,781
Thrust#2,65536,2,3.14435,783
Thrust#2,65536,2,3.13129,779
Thrust#2,65536,2,3.13617,779
Thrust#2,65536,2,3.14789,777
Thrust#2,65536,2,3.14545,782
Thrust#2,65536,2,3.15228,778
Thrust#2,65536,2,3.14685,780
Thrust#2,65536,2,3.13715,775
Thrust#2,65536,2,3.14148,783
Thrust#2,65536,2,3.14215,779
Thrust#2,65536,2,3.13763,780
Thrust#2,65536,2,3.14398,772
Thrust#2,65536,2,3.12561,783
Thrust#2,65536,2,3.13977,778
Thrust#2,65536,2,3.13495,779
Thrust#2,65536,2,3.13757,780
Thrust#2,65536,2,3.13898,785
Thrust#2,65536,2,3.13702,781
Thrust#2,65536,2,3.14294,779
Thrust#2,65536,2,3.14386,1004
Thrust#2,65536,2,3.14539,830
Thrust#2,65536,2,3.14252,788
Thrust#2,65536,2,3.15515,798
Thrust#2,65536,2,3.14246,789
Thrust#2,65536,2,3.13525,786
Thrust#2,65536,2,3.14069,783
Thrust#2,65536,2,3.13629,786
Thrust#2,65536,2,3.14099,786
Thrust#2,65536,2,3.1474,785
Thrust#2,65536,2,3.14459,779
Thrust#2,65536,2,3.14215,782
Thrust#2,65536,2,3.12775,804
Thrust#2,65536,2,3.13641,779
Thrust#2,65536,2,3.14728,778
Thrust#2,65536,2,3.13843,788
Thrust#2,65536,2,3.14301,790
Thrust#2,65536,2,3.14465,779
Thrust#2,65536,2,3.15283,779
Thrust#2,65536,2,3.13171,774
Thrust#2,65536,2,3.1394,789
Thrust#2,65536,2,3.14655,769
Thrust#2,65536,2,3.15619,780
Thrust#2,65536,2,3.13525,782
Thrust#2,65536,2,3.14777,778
Thrust#2,65536,2,3.14978,779
Thrust#2,65536,2,3.14209,779
Thrust#2,65536,2,3.14667,781
Thrust#2,65536,2,3.14532,778
Thrust#2,65536,2,3.15546,778
Thrust#2,65536,2,3.14264,779
Thrust#2,65536,2,3.1416,782
Thrust#2,65536,2,3.13776,779
Thrust#2,65536,2,3.13776,778
Thrust#2,65536,2,3.15759,780
Thrust#2,65536,2,3.14996,781
Thrust#2,65536,2,3.14099,778
Thrust#2,65536,2,3.13922,780
Thrust#2,65536,2,3.14178,779
Thrust#2,65536,2,3.1394,787
Thrust#2,65536,2,3.14832,783
Thrust#2,65536,2,3.13831,804
Thrust#2,65536,2,3.15533,972
Thrust#2,65536,2,3.13934,904
Thrust#2,65536,2,3.15002,842
Thrust#2,65536,2,3.14423,872
Thrust#2,65536,2,3.14215,857
Thrust#2,65536,2,3.13629,858
Thrust#2,65536,2,3.14484,848
Thrust#2,65536,2,3.14508,861
Thrust#2,65536,2,3.14478,846
Thrust#2,65536,2,3.13702,841
Thrust#2,65536,2,3.1322,846
Thrust#2,65536,2,3.13727,841
Thrust#2,65536,2,3.14417,796
Thrust#2,65536,2,3.15234,793
Thrust#2,65536,2,3.13623,784
Thrust#2,65536,2,3.14581,787
Thrust#2,65536,2,3.12994,795
Thrust#2,65536,4,3.14618,501
Thrust#2,65536,4,3.13391,504
Thrust#2,65536,4,3.14154,527
Thrust#2,65536,4,3.13855,513
Thrust#2,65536,4,3.14044,503
Thrust#2,65536,4,3.14807,511
Thrust#2,65536,4,3.13031,508
Thrust#2,65536,4,3.12781,508
Thrust#2,65536,4,3.14948,502
Thrust#2,65536,4,3.14868,503
Thrust#2,65536,4,3.12817,503
Thrust#2,65536,4,3.13483,503
Thrust#2,65536,4,3.13733,501
Thrust#2,65536,4,3.1438,505
Thrust#2,65536,4,3.1496,509
Thrust#2,65536,4,3.13538,509
Thrust#2,65536,4,3.13513,501
Thrust#2,65536,4,3.13043,499
Thrust#2,65536,4,3.15161,502
Thrust#2,65536,4,3.13928,502
Thrust#2,65536,4,3.13025,538
Thrust#2,65536,4,3.13928,503
Thrust#2,65536,4,3.1355,500
Thrust#2,65536,4,3.14227,501
Thrust#2,65536,4,3.13751,510
Thrust#2,65536,4,3.12891,502
Thrust#2,65536,4,3.14337,509
Thrust#2,65536,4,3.13715,501
Thrust#2,65536,4,3.1449,512
Thrust#2,65536,4,3.14496,503
Thrust#2,65536,4,3.14038,513
Thrust#2,65536,4,3.13971,502
Thrust#2,65536,4,3.13306,501
Thrust#2,65536,4,3.13721,502
Thrust#2,65536,4,3.14227,500
Thrust#2,65536,4,3.14264,502
Thrust#2,65536,4,3.14905,511
Thrust#2,65536,4,3.15094,502
Thrust#2,65536,4,3.14661,500
Thrust#2,65536,4,3.13025,501
Thrust#2,65536,4,3.14355,502
Thrust#2,65536,4,3.151,502
Thrust#2,65536,4,3.14087,509
Thrust#2,65536,4,3.14636,501
Thrust#2,65536,4,3.12836,501
Thrust#2,65536,4,3.14423,503
Thrust#2,65536,4,3.14398,491
Thrust#2,65536,4,3.1358,502
Thrust#2,65536,4,3.14178,500
Thrust#2,65536,4,3.13306,504
Thrust#2,65536,4,3.14252,498
Thrust#2,65536,4,3.15326,500
Thrust#2,65536,4,3.14026,510
Thrust#2,65536,4,3.13879,502
Thrust#2,65536,4,3.13696,500
Thrust#2,65536,4,3.14667,500
Thrust#2,65536,4,3.1452,510
Thrust#2,65536,4,3.13184,503
Thrust#2,65536,4,3.13715,500
Thrust#2,65536,4,3.1391,501
Thrust#2,65536,4,3.14441,502
Thrust#2,65536,4,3.14417,502
Thrust#2,65536,4,3.14087,502
Thrust#2,65536,4,3.13452,508
Thrust#2,65536,4,3.13519,510
Thrust#2,65536,4,3.13,502
Thrust#2,65536,4,3.13525,500
Thrust#2,65536,4,3.13635,501
Thrust#2,65536,4,3.14667,499
Thrust#2,65536,4,3.15338,497
Thrust#2,65536,4,3.1377,731
Thrust#2,65536,4,3.13953,581
Thrust#2,65536,4,3.13647,507
Thrust#2,65536,4,3.14581,514
Thrust#2,65536,4,3.14484,518
Thrust#2,65536,4,3.14392,511
Thrust#2,65536,4,3.15106,501
Thrust#2,65536,4,3.14435,507
Thrust#2,65536,4,3.14313,509
Thrust#2,65536,4,3.14362,511
Thrust#2,65536,4,3.13861,508
Thrust#2,65536,4,3.15155,507
Thrust#2,65536,4,3.15442,511
Thrust#2,65536,4,3.14111,503
Thrust#2,65536,4,3.13623,500
Thrust#2,65536,4,3.14111,500
Thrust#2,65536,4,3.14154,504
Thrust#2,65536,4,3.13898,500
Thrust#2,65536,4,3.15015,501
Thrust#2,65536,4,3.13617,501
Thrust#2,65536,4,3.14819,503
Thrust#2,65536,4,3.14099,499
Thrust#2,65536,4,3.13867,509
Thrust#2,65536,4,3.14575,500
Thrust#2,65536,4,3.14081,504
Thrust#2,65536,4,3.13306,499
Thrust#2,65536,4,3.13782,510
Thrust#2,65536,4,3.13696,500
Thrust#2,65536,4,3.14966,503
Thrust#2,65536,4,3.13818,500
Thrust#2,65536,8,3.14209,386
Thrust#2,65536,8,3.15289,386
Thrust#2,65536,8,3.13391,389
Thrust#2,65536,8,3.14008,386
Thrust#2,65536,8,3.13983,387
Thrust#2,65536,8,3.15649,385
Thrust#2,65536,8,3.14343,390
Thrust#2,65536,8,3.13904,388
Thrust#2,65536,8,3.13055,386
Thrust#2,65536,8,3.13892,385
Thrust#2,65536,8,3.13629,392
Thrust#2,65536,8,3.13867,386
Thrust#2,65536,8,3.14069,386
Thrust#2,65536,8,3.13989,386
Thrust#2,65536,8,3.14917,389
Thrust#2,65536,8,3.15051,388
Thrust#2,65536,8,3.14404,386
Thrust#2,65536,8,3.13434,386
Thrust#2,65536,8,3.15442,389
Thrust#2,65536,8,3.14532,386
Thrust#2,65536,8,3.1413,387
Thrust#2,65536,8,3.1394,385
Thrust#2,65536,8,3.14435,389
Thrust#2,65536,8,3.14795,387
Thrust#2,65536,8,3.14136,386
Thrust#2,65536,8,3.14685,386
Thrust#2,65536,8,3.13904,390
Thrust#2,65536,8,3.13629,385
Thrust#2,65536,8,3.1391,385
Thrust#2,65536,8,3.14819,387
Thrust#2,65536,8,3.12799,390
Thrust#2,65536,8,3.13092,387
Thrust#2,65536,8,3.12939,385
Thrust#2,65536,8,3.1452,386
Thrust#2,65536,8,3.1402,388
Thrust#2,65536,8,3.14099,387
Thrust#2,65536,8,3.12964,385
Thrust#2,65536,8,3.14545,387
Thrust#2,65536,8,3.1366,390
Thrust#2,65536,8,3.13843,387
Thrust#2,65536,8,3.14685,396
Thrust#2,65536,8,3.13104,388
Thrust#2,65536,8,3.13196,390
Thrust#2,65536,8,3.13428,386
Thrust#2,65536,8,3.14728,388
Thrust#2,65536,8,3.14929,528
Thrust#2,65536,8,3.12872,424
Thrust#2,65536,8,3.1402,392
Thrust#2,65536,8,3.13672,402
Thrust#2,65536,8,3.15662,398
Thrust#2,65536,8,3.15381,393
Thrust#2,65536,8,3.13391,401
Thrust#2,65536,8,3.15216,394
Thrust#2,65536,8,3.14661,391
Thrust#2,65536,8,3.13416,393
Thrust#2,65536,8,3.15833,392
Thrust#2,65536,8,3.14496,394
Thrust#2,65536,8,3.14325,399
Thrust#2,65536,8,3.15137,402
Thrust#2,65536,8,3.13959,398
Thrust#2,65536,8,3.15051,395
Thrust#2,65536,8,3.14655,399
Thrust#2,65536,8,3.13635,383
Thrust#2,65536,8,3.14868,386
Thrust#2,65536,8,3.13641,388
Thrust#2,65536,8,3.13666,386
Thrust#2,65536,8,3.13806,387
Thrust#2,65536,8,3.14685,386
Thrust#2,65536,8,3.12701,389
Thrust#2,65536,8,3.14636,385
Thrust#2,65536,8,3.14429,385
Thrust#2,65536,8,3.14032,388
Thrust#2,65536,8,3.15051,390
Thrust#2,65536,8,3.14911,384
Thrust#2,65536,8,3.13263,388
Thrust#2,65536,8,3.14398,385
Thrust#2,65536,8,3.15295,388
Thrust#2,65536,8,3.1452,446
Thrust#2,65536,8,3.14099,388
Thrust#2,65536,8,3.13855,384
Thrust#2,65536,8,3.13879,388
Thrust#2,65536,8,3.14417,386
Thrust#2,65536,8,3.13446,385
Thrust#2,65536,8,3.13788,384
Thrust#2,65536,8,3.13062,390
Thrust#2,65536,8,3.14197,386
Thrust#2,65536,8,3.14282,386
Thrust#2,65536,8,3.13538,386
Thrust#2,65536,8,3.14081,389
Thrust#2,65536,8,3.14099,386
Thrust#2,65536,8,3.13629,386
Thrust#2,65536,8,3.13379,385
Thrust#2,65536,8,3.13971,389
Thrust#2,65536,8,3.1521,385
Thrust#2,65536,8,3.14484,384
Thrust#2,65536,8,3.14911,386
Thrust#2,65536,8,3.13812,389
Thrust#2,65536,8,3.14551,386
Thrust#2,65536,8,3.15411,384
Thrust#2,65536,8,3.14661,386
Thrust#2,65536,16,3.13617,331
Thrust#2,65536,16,3.14075,328
Thrust#2,65536,16,3.14685,328
Thrust#2,65536,16,3.12659,329
Thrust#2,65536,16,3.13678,331
Thrust#2,65536,16,3.14606,329
Thrust#2,65536,16,3.15265,328
Thrust#2,65536,16,3.14545,329
Thrust#2,65536,16,3.14374,332
Thrust#2,65536,16,3.14166,331
Thrust#2,65536,16,3.13403,327
Thrust#2,65536,16,3.13861,329
Thrust#2,65536,16,3.1416,333
Thrust#2,65536,16,3.13562,329
Thrust#2,65536,16,3.1369,327
Thrust#2,65536,16,3.14172,328
Thrust#2,65536,16,3.13519,331
Thrust#2,65536,16,3.1405,329
Thrust#2,65536,16,3.13165,328
Thrust#2,65536,16,3.15729,360
Thrust#2,65536,16,3.14417,357
Thrust#2,65536,16,3.15039,355
Thrust#2,65536,16,3.14075,356
Thrust#2,65536,16,3.13062,329
Thrust#2,65536,16,3.14398,457
Thrust#2,65536,16,3.13507,388
Thrust#2,65536,16,3.1347,365
Thrust#2,65536,16,3.12909,332
Thrust#2,65536,16,3.14313,332
Thrust#2,65536,16,3.14868,423
Thrust#2,65536,16,3.14752,467
Thrust#2,65536,16,3.14526,362
Thrust#2,65536,16,3.13678,365
Thrust#2,65536,16,3.14703,341
Thrust#2,65536,16,3.13745,336
Thrust#2,65536,16,3.13593,335
Thrust#2,65536,16,3.14423,334
Thrust#2,65536,16,3.14209,327
Thrust#2,65536,16,3.13281,335
Thrust#2,65536,16,3.14154,335
Thrust#2,65536,16,3.15717,335
Thrust#2,65536,16,3.14392,335
Thrust#2,65536,16,3.13989,352
Thrust#2,65536,16,3.14471,335
Thrust#2,65536,16,3.13898,338
Thrust#2,65536,16,3.14185,331
Thrust#2,65536,16,3.12976,345
Thrust#2,65536,16,3.14838,333
Thrust#2,65536,16,3.14508,338
Thrust#2,65536,16,3.1416,335
Thrust#2,65536,16,3.14233,334
Thrust#2,65536,16,3.13776,334
Thrust#2,65536,16,3.13287,332
Thrust#2,65536,16,3.14069,330
Thrust#2,65536,16,3.14374,345
Thrust#2,65536,16,3.14484,328
Thrust#2,65536,16,3.13562,332
Thrust#2,65536,16,3.14398,329
Thrust#2,65536,16,3.14374,331
Thrust#2,65536,16,3.13922,329
Thrust#2,65536,16,3.13757,328
Thrust#2,65536,16,3.13831,328
Thrust#2,65536,16,3.13263,332
Thrust#2,65536,16,3.13361,328
Thrust#2,65536,16,3.13562,327
Thrust#2,65536,16,3.15442,329
Thrust#2,65536,16,3.1402,331
Thrust#2,65536,16,3.14197,422
Thrust#2,65536,16,3.14276,332
Thrust#2,65536,16,3.14484,327
Thrust#2,65536,16,3.15198,332
Thrust#2,65536,16,3.14746,328
Thrust#2,65536,16,3.14227,327
Thrust#2,65536,16,3.14661,329
Thrust#2,65536,16,3.13904,331
Thrust#2,65536,16,3.14569,332
Thrust#2,65536,16,3.14069,355
Thrust#2,65536,16,3.14154,343
Thrust#2,65536,16,3.14105,347
Thrust#2,65536,16,3.14709,336
Thrust#2,65536,16,3.1405,345
Thrust#2,65536,16,3.13947,358
Thrust#2,65536,16,3.14093,340
Thrust#2,65536,16,3.14435,329
Thrust#2,65536,16,3.13,328
Thrust#2,65536,16,3.13196,328
Thrust#2,65536,16,3.14178,331
Thrust#2,65536,16,3.13837,329
Thrust#2,65536,16,3.13568,327
Thrust#2,65536,16,3.15948,328
Thrust#2,65536,16,3.14508,331
Thrust#2,65536,16,3.14404,329
Thrust#2,65536,16,3.14301,441
Thrust#2,65536,16,3.13409,330
Thrust#2,65536,16,3.15295,328
Thrust#2,65536,16,3.14313,329
Thrust#2,65536,16,3.1319,328
Thrust#2,65536,16,3.14508,328
Thrust#2,65536,16,3.14008,332
Thrust#2,65536,16,3.14911,327
Thrust#2,65536,32,3.13867,336
Thrust#2,65536,32,3.14069,337
Thrust#2,65536,32,3.14423,339
Thrust#2,65536,32,3.15332,336
Thrust#2,65536,32,3.14423,337
Thrust#2,65536,32,3.13971,337
Thrust#2,65536,32,3.12561,339
Thrust#2,65536,32,3.14532,337
Thrust#2,65536,32,3.13538,336
Thrust#2,65536,32,3.14648,336
Thrust#2,65536,32,3.14301,340
Thrust#2,65536,32,3.14508,336
Thrust#2,65536,32,3.13489,336
Thrust#2,65536,32,3.13971,336
Thrust#2,65536,32,3.14484,340
Thrust#2,65536,32,3.13654,336
Thrust#2,65536,32,3.13348,336
Thrust#2,65536,32,3.14594,337
Thrust#2,65536,32,3.13812,339
Thrust#2,65536,32,3.13708,337
Thrust#2,65536,32,3.13751,336
Thrust#2,65536,32,3.14038,336
Thrust#2,65536,32,3.13275,340
Thrust#2,65536,32,3.14673,336
Thrust#2,65536,32,3.13806,336
Thrust#2,65536,32,3.15411,338
Thrust#2,65536,32,3.13171,339
Thrust#2,65536,32,3.13684,336
Thrust#2,65536,32,3.13586,336
Thrust#2,65536,32,3.14575,336
Thrust#2,65536,32,3.13452,339
Thrust#2,65536,32,3.1521,336
Thrust#2,65536,32,3.14594,336
Thrust#2,65536,32,3.14282,336
Thrust#2,65536,32,3.15308,339
Thrust#2,65536,32,3.13904,337
Thrust#2,65536,32,3.13379,336
Thrust#2,65536,32,3.14716,335
Thrust#2,65536,32,3.12067,339
Thrust#2,65536,32,3.14038,336
Thrust#2,65536,32,3.14325,337
Thrust#2,65536,32,3.1369,337
Thrust#2,65536,32,3.14331,339
Thrust#2,65536,32,3.14465,335
Thrust#2,65536,32,3.14258,336
Thrust#2,65536,32,3.1499,336
Thrust#2,65536,32,3.15558,340
Thrust#2,65536,32,3.13727,335
Thrust#2,65536,32,3.14038,336
Thrust#2,65536,32,3.13232,337
Thrust#2,65536,32,3.14551,340
Thrust#2,65536,32,3.13708,336
Thrust#2,65536,32,3.14026,336
Thrust#2,65536,32,3.13544,337
Thrust#2,65536,32,3.14642,339
Thrust#2,65536,32,3.14246,336
Thrust#2,65536,32,3.13855,336
Thrust#2,65536,32,3.14551,338
Thrust#2,65536,32,3.14514,339
Thrust#2,65536,32,3.14349,335
Thrust#2,65536,32,3.14435,337
Thrust#2,65536,32,3.14545,337
Thrust#2,65536,32,3.1438,343
Thrust#2,65536,32,3.13593,337
Thrust#2,65536,32,3.12756,335
Thrust#2,65536,32,3.14746,336
Thrust#2,65536,32,3.13702,339
Thrust#2,65536,32,3.14117,335
Thrust#2,65536,32,3.13135,339
Thrust#2,65536,32,3.14795,337
Thrust#2,65536,32,3.14502,340
Thrust#2,65536,32,3.13483,335
Thrust#2,65536,32,3.15973,336
Thrust#2,65536,32,3.14136,337
Thrust#2,65536,32,3.1474,339
Thrust#2,65536,32,3.14606,338
Thrust#2,65536,32,3.14423,337
Thrust#2,65536,32,3.14557,336
Thrust#2,65536,32,3.14081,339
Thrust#2,65536,32,3.13013,336
Thrust#2,65536,32,3.14886,337
Thrust#2,65536,32,3.13892,337
Thrust#2,65536,32,3.14075,339
Thrust#2,65536,32,3.13617,337
Thrust#2,65536,32,3.13947,337
Thrust#2,65536,32,3.14935,337
Thrust#2,65536,32,3.13409,339
Thrust#2,65536,32,3.14087,337
Thrust#2,65536,32,3.14044,336
Thrust#2,65536,32,3.1474,336
Thrust#2,65536,32,3.14722,345
Thrust#2,65536,32,3.14905,337
Thrust#2,65536,32,3.13458,336
Thrust#2,65536,32,3.13995,336
Thrust#2,65536,32,3.13696,349
Thrust#2,65536,32,3.13495,345
Thrust#2,65536,32,3.14734,345
Thrust#2,65536,32,3.138,338
Thrust#2,65536,32,3.133,340
Thrust#2,65536,32,3.14441,337
Thrust#2,65536,64,3.14105,400
Thrust#2,65536,64,3.14917,400
Thrust#2,65536,64,3.1416,402
Thrust#2,65536,64,3.13519,398
Thrust#2,65536,64,3.14734,401
Thrust#2,65536,64,3.15076,400
Thrust#2,65536,64,3.14404,402
Thrust#2,65536,64,3.13953,400
Thrust#2,65536,64,3.14783,400
Thrust#2,65536,64,3.14075,400
Thrust#2,65536,64,3.14484,404
Thrust#2,65536,64,3.14722,397
Thrust#2,65536,64,3.14716,400
Thrust#2,65536,64,3.12793,399
Thrust#2,65536,64,3.14716,402
Thrust#2,65536,64,3.13971,399
Thrust#2,65536,64,3.14716,400
Thrust#2,65536,64,3.14984,398
Thrust#2,65536,64,3.14496,407
Thrust#2,65536,64,3.12805,404
Thrust#2,65536,64,3.13934,573
Thrust#2,65536,64,3.14099,397
Thrust#2,65536,64,3.13556,409
Thrust#2,65536,64,3.13922,411
Thrust#2,65536,64,3.14337,406
Thrust#2,65536,64,3.14972,402
Thrust#2,65536,64,3.1449,408
Thrust#2,65536,64,3.15063,410
Thrust#2,65536,64,3.13782,407
Thrust#2,65536,64,3.13623,402
Thrust#2,65536,64,3.14233,400
Thrust#2,65536,64,3.14227,403
Thrust#2,65536,64,3.14276,407
Thrust#2,65536,64,3.14227,403
Thrust#2,65536,64,3.14178,398
Thrust#2,65536,64,3.13281,404
Thrust#2,65536,64,3.13129,407
Thrust#2,65536,64,3.14398,401
Thrust#2,65536,64,3.13776,399
Thrust#2,65536,64,3.13678,401
Thrust#2,65536,64,3.1441,401
Thrust#2,65536,64,3.13562,400
Thrust#2,65536,64,3.14862,399
Thrust#2,65536,64,3.14526,400
Thrust#2,65536,64,3.14575,402
Thrust#2,65536,64,3.14624,397
Thrust#2,65536,64,3.13916,401
Thrust#2,65536,64,3.13989,401
Thrust#2,65536,64,3.1311,401
Thrust#2,65536,64,3.14221,400
Thrust#2,65536,64,3.13763,400
Thrust#2,65536,64,3.13269,401
Thrust#2,65536,64,3.13824,400
Thrust#2,65536,64,3.14069,398
Thrust#2,65536,64,3.1261,399
Thrust#2,65536,64,3.13373,400
Thrust#2,65536,64,3.14124,401
Thrust#2,65536,64,3.14691,402
Thrust#2,65536,64,3.14508,400
Thrust#2,65536,64,3.13507,401
Thrust#2,65536,64,3.14972,400
Thrust#2,65536,64,3.13855,405
Thrust#2,65536,64,3.14789,401
Thrust#2,65536,64,3.14069,401
Thrust#2,65536,64,3.14465,402
Thrust#2,65536,64,3.13916,398
Thrust#2,65536,64,3.14679,400
Thrust#2,65536,64,3.13806,401
Thrust#2,65536,64,3.13745,403
Thrust#2,65536,64,3.14966,399
Thrust#2,65536,64,3.14996,401
Thrust#2,65536,64,3.14288,493
Thrust#2,65536,64,3.13733,498
Thrust#2,65536,64,3.15399,479
Thrust#2,65536,64,3.15466,447
Thrust#2,65536,64,3.14954,449
Thrust#2,65536,64,3.1424,444
Thrust#2,65536,64,3.13525,438
Thrust#2,65536,64,3.13281,437
Thrust#2,65536,64,3.15179,429
Thrust#2,65536,64,3.14172,453
Thrust#2,65536,64,3.13544,466
Thrust#2,65536,64,3.14563,458
Thrust#2,65536,64,3.14343,442
Thrust#2,65536,64,3.1347,447
Thrust#2,65536,64,3.14417,443
Thrust#2,65536,64,3.14435,444
Thrust#2,65536,64,3.15558,444
Thrust#2,65536,64,3.14648,445
Thrust#2,65536,64,3.15259,440
Thrust#2,65536,64,3.1449,438
Thrust#2,65536,64,3.13574,442
Thrust#2,65536,64,3.1355,449
Thrust#2,65536,64,3.13959,434
Thrust#2,65536,64,3.13269,406
Thrust#2,65536,64,3.13599,403
Thrust#2,65536,64,3.15027,408
Thrust#2,65536,64,3.14471,474
Thrust#2,65536,64,3.15277,550
Thrust#2,65536,64,3.14447,452
Thrust#2,65536,128,3.13647,475
Thrust#2,65536,128,3.13293,483
Thrust#2,65536,128,3.14124,459
Thrust#2,65536,128,3.14471,458
Thrust#2,65536,128,3.14423,447
Thrust#2,65536,128,3.1474,462
Thrust#2,65536,128,3.13068,452
Thrust#2,65536,128,3.13739,464
Thrust#2,65536,128,3.15228,452
Thrust#2,65536,128,3.12421,454
Thrust#2,65536,128,3.13593,453
Thrust#2,65536,128,3.14374,449
Thrust#2,65536,128,3.1369,464
Thrust#2,65536,128,3.13428,476
Thrust#2,65536,128,3.13452,466
Thrust#2,65536,128,3.14398,467
Thrust#2,65536,128,3.13885,469
Thrust#2,65536,128,3.1402,471
Thrust#2,65536,128,3.14062,464
Thrust#2,65536,128,3.13782,519
Thrust#2,65536,128,3.14368,435
Thrust#2,65536,128,3.13562,433
Thrust#2,65536,128,3.13562,428
Thrust#2,65536,128,3.14343,427
Thrust#2,65536,128,3.14038,425
Thrust#2,65536,128,3.14722,429
Thrust#2,65536,128,3.13348,426
Thrust#2,65536,128,3.12463,425
Thrust#2,65536,128,3.14569,425
Thrust#2,65536,128,3.15735,430
Thrust#2,65536,128,3.138,426
Thrust#2,65536,128,3.14948,431
Thrust#2,65536,128,3.13696,593
Thrust#2,65536,128,3.14166,432
Thrust#2,65536,128,3.15027,433
Thrust#2,65536,128,3.1405,445
Thrust#2,65536,128,3.14008,429
Thrust#2,65536,128,3.1394,425
Thrust#2,65536,128,3.14276,425
Thrust#2,65536,128,3.14954,444
Thrust#2,65536,128,3.13708,431
Thrust#2,65536,128,3.15143,476
Thrust#2,65536,128,3.14197,454
Thrust#2,65536,128,3.13464,456
Thrust#2,65536,128,3.14294,458
Thrust#2,65536,128,3.14484,441
Thrust#2,65536,128,3.13867,443
Thrust#2,65536,128,3.14044,448
Thrust#2,65536,128,3.14911,431
Thrust#2,65536,128,3.13959,431
Thrust#2,65536,128,3.13434,426
Thrust#2,65536,128,3.14215,427
Thrust#2,65536,128,3.14789,425
Thrust#2,65536,128,3.12799,445
Thrust#2,65536,128,3.13953,426
Thrust#2,65536,128,3.1441,428
Thrust#2,65536,128,3.14532,425
Thrust#2,65536,128,3.12878,417
Thrust#2,65536,128,3.1369,427
Thrust#2,65536,128,3.13812,429
Thrust#2,65536,128,3.14722,425
Thrust#2,65536,128,3.13086,426
Thrust#2,65536,128,3.14392,427
Thrust#2,65536,128,3.15308,422
Thrust#2,65536,128,3.14978,423
Thrust#2,65536,128,3.1405,424
Thrust#2,65536,128,3.14935,425
Thrust#2,65536,128,3.14386,428
Thrust#2,65536,128,3.14386,425
Thrust#2,65536,128,3.14191,424
Thrust#2,65536,128,3.14856,427
Thrust#2,65536,128,3.14221,429
Thrust#2,65536,128,3.13733,425
Thrust#2,65536,128,3.13123,426
Thrust#2,65536,128,3.14319,427
Thrust#2,65536,128,3.14954,430
Thrust#2,65536,128,3.13452,426
Thrust#2,65536,128,3.1488,427
Thrust#2,65536,128,3.13763,431
Thrust#2,65536,128,3.14307,428
Thrust#2,65536,128,3.13837,426
Thrust#2,65536,128,3.14325,424
Thrust#2,65536,128,3.13452,426
Thrust#2,65536,128,3.14111,426
Thrust#2,65536,128,3.14532,426
Thrust#2,65536,128,3.14984,426
Thrust#2,65536,128,3.13995,426
Thrust#2,65536,128,3.1394,429
Thrust#2,65536,128,3.13452,426
Thrust#2,65536,128,3.14264,426
Thrust#2,65536,128,3.15167,425
Thrust#2,65536,128,3.13379,431
Thrust#2,65536,128,3.14856,426
Thrust#2,65536,128,3.14105,425
Thrust#2,65536,128,3.1308,426
Thrust#2,65536,128,3.1394,422
Thrust#2,65536,128,3.13947,425
Thrust#2,65536,128,3.14136,424
Thrust#2,65536,128,3.14368,426
Thrust#2,65536,128,3.14026,423
Thrust#2,65536,256,3.14972,582
Thrust#2,65536,256,3.14392,593
Thrust#2,65536,256,3.14093,590
Thrust#2,65536,256,3.13831,584
Thrust#2,65536,256,3.13916,581
Thrust#2,65536,256,3.13672,582
Thrust#2,65536,256,3.14905,582
Thrust#2,65536,256,3.13342,585
Thrust#2,65536,256,3.14313,581
Thrust#2,65536,256,3.15051,581
Thrust#2,65536,256,3.14423,582
Thrust#2,65536,256,3.13226,584
Thrust#2,65536,256,3.14246,582
Thrust#2,65536,256,3.13849,583
Thrust#2,65536,256,3.1394,580
Thrust#2,65536,256,3.13977,586
Thrust#2,65536,256,3.16107,582
Thrust#2,65536,256,3.13849,628
Thrust#2,65536,256,3.13519,587
Thrust#2,65536,256,3.13995,584
Thrust#2,65536,256,3.138,581
Thrust#2,65536,256,3.14856,581
Thrust#2,65536,256,3.1405,582
Thrust#2,65536,256,3.13824,584
Thrust#2,65536,256,3.15112,581
Thrust#2,65536,256,3.13745,581
Thrust#2,65536,256,3.14044,582
Thrust#2,65536,256,3.14142,585
Thrust#2,65536,256,3.13513,581
Thrust#2,65536,256,3.14404,580
Thrust#2,65536,256,3.14685,582
Thrust#2,65536,256,3.13989,586
Thrust#2,65536,256,3.14215,583
Thrust#2,65536,256,3.14398,583
Thrust#2,65536,256,3.14886,582
Thrust#2,65536,256,3.14191,585
Thrust#2,65536,256,3.13763,581
Thrust#2,65536,256,3.13647,582
Thrust#2,65536,256,3.13062,582
Thrust#2,65536,256,3.12866,585
Thrust#2,65536,256,3.14746,582
Thrust#2,65536,256,3.14044,580
Thrust#2,65536,256,3.1424,582
Thrust#2,65536,256,3.14917,585
Thrust#2,65536,256,3.15399,582
Thrust#2,65536,256,3.13763,580
Thrust#2,65536,256,3.13538,583
Thrust#2,65536,256,3.14917,585
Thrust#2,65536,256,3.14301,581
Thrust#2,65536,256,3.14679,582
Thrust#2,65536,256,3.14264,582
Thrust#2,65536,256,3.1507,584
Thrust#2,65536,256,3.1496,582
Thrust#2,65536,256,3.15588,581
Thrust#2,65536,256,3.13934,635
Thrust#2,65536,256,3.14148,658
Thrust#2,65536,256,3.14752,680
Thrust#2,65536,256,3.14191,673
Thrust#2,65536,256,3.1438,664
Thrust#2,65536,256,3.1485,675
Thrust#2,65536,256,3.13391,655
Thrust#2,65536,256,3.15076,764
Thrust#2,65536,256,3.15515,741
Thrust#2,65536,256,3.14398,588
Thrust#2,65536,256,3.14716,588
Thrust#2,65536,256,3.13312,591
Thrust#2,65536,256,3.13068,587
Thrust#2,65536,256,3.14008,589
Thrust#2,65536,256,3.14569,581
Thrust#2,65536,256,3.14307,582
Thrust#2,65536,256,3.14496,588
Thrust#2,65536,256,3.14844,587
Thrust#2,65536,256,3.13824,581
Thrust#2,65536,256,3.13965,583
Thrust#2,65536,256,3.13715,581
Thrust#2,65536,256,3.13788,581
Thrust#2,65536,256,3.1438,581
Thrust#2,65536,256,3.13824,597
Thrust#2,65536,256,3.14514,588
Thrust#2,65536,256,3.14941,612
Thrust#2,65536,256,3.14636,581
Thrust#2,65536,256,3.14789,585
Thrust#2,65536,256,3.13885,582
Thrust#2,65536,256,3.14807,581
Thrust#2,65536,256,3.1344,579
Thrust#2,65536,256,3.13983,585
Thrust#2,65536,256,3.13947,581
Thrust#2,65536,256,3.14142,581
Thrust#2,65536,256,3.14441,581
Thrust#2,65536,256,3.13922,586
Thrust#2,65536,256,3.13354,581
Thrust#2,65536,256,3.14258,581
Thrust#2,65536,256,3.14569,582
Thrust#2,65536,256,3.14923,584
Thrust#2,65536,256,3.14282,581
Thrust#2,65536,256,3.14172,581
Thrust#2,65536,256,3.13495,582
Thrust#2,65536,256,3.13983,584
Thrust#2,65536,256,3.13684,582
Thrust#2,65536,256,3.14911,581
Thrust#2,65536,512,3.14459,965
Thrust#2,65536,512,3.14819,969
Thrust#2,65536,512,3.14923,966
Thrust#2,65536,512,3.14581,966
Thrust#2,65536,512,3.14099,966
Thrust#2,65536,512,3.14606,971
Thrust#2,65536,512,3.15002,966
Thrust#2,65536,512,3.14142,965
Thrust#2,65536,512,3.138,965
Thrust#2,65536,512,3.14142,971
Thrust#2,65536,512,3.14374,979
Thrust#2,65536,512,3.14594,1126
Thrust#2,65536,512,3.14832,974
Thrust#2,65536,512,3.14905,974
Thrust#2,65536,512,3.14996,973
Thrust#2,65536,512,3.14136,975
Thrust#2,65536,512,3.13007,974
Thrust#2,65536,512,3.14221,974
Thrust#2,65536,512,3.12885,965
Thrust#2,65536,512,3.14404,972
Thrust#2,65536,512,3.13837,967
Thrust#2,65536,512,3.13007,973
Thrust#2,65536,512,3.1449,981
Thrust#2,65536,512,3.14618,971
Thrust#2,65536,512,3.1308,972
Thrust#2,65536,512,3.15125,981
Thrust#2,65536,512,3.14703,967
Thrust#2,65536,512,3.1438,970
Thrust#2,65536,512,3.13947,965
Thrust#2,65536,512,3.14087,965
Thrust#2,65536,512,3.14624,967
Thrust#2,65536,512,3.14044,969
Thrust#2,65536,512,3.13953,966
Thrust#2,65536,512,3.13525,966
Thrust#2,65536,512,3.146,966
Thrust#2,65536,512,3.14154,970
Thrust#2,65536,512,3.14313,966
Thrust#2,65536,512,3.14844,965
Thrust#2,65536,512,3.14221,965
Thrust#2,65536,512,3.13708,967
Thrust#2,65536,512,3.15076,967
Thrust#2,65536,512,3.14484,966
Thrust#2,65536,512,3.13525,966
Thrust#2,65536,512,3.14282,969
Thrust#2,65536,512,3.13397,971
Thrust#2,65536,512,3.1441,1102
Thrust#2,65536,512,3.13507,973
Thrust#2,65536,512,3.14087,1001
Thrust#2,65536,512,3.13959,982
Thrust#2,65536,512,3.15594,972
Thrust#2,65536,512,3.14038,966
Thrust#2,65536,512,3.14349,974
Thrust#2,65536,512,3.14447,967
Thrust#2,65536,512,3.12622,968
Thrust#2,65536,512,3.14581,966
Thrust#2,65536,512,3.14868,965
Thrust#2,65536,512,3.14307,964
Thrust#2,65536,512,3.13385,967
Thrust#2,65536,512,3.13544,965
Thrust#2,65536,512,3.13422,966
Thrust#2,65536,512,3.15009,968
Thrust#2,65536,512,3.14197,968
Thrust#2,65536,512,3.13538,1013
Thrust#2,65536,512,3.13574,1014
Thrust#2,65536,512,3.13586,1017
Thrust#2,65536,512,3.15057,1053
Thrust#2,65536,512,3.15088,1046
Thrust#2,65536,512,3.14587,1028
Thrust#2,65536,512,3.14459,972
Thrust#2,65536,512,3.14197,969
Thrust#2,65536,512,3.14508,966
Thrust#2,65536,512,3.15082,971
Thrust#2,65536,512,3.13745,981
Thrust#2,65536,512,3.13916,973
Thrust#2,65536,512,3.14874,973
Thrust#2,65536,512,3.15271,969
Thrust#2,65536,512,3.13123,969
Thrust#2,65536,512,3.1546,969
Thrust#2,65536,512,3.14868,966
Thrust#2,65536,512,3.14758,967
Thrust#2,65536,512,3.14191,970
Thrust#2,65536,512,3.14447,968
Thrust#2,65536,512,3.13715,965
Thrust#2,65536,512,3.1366,966
Thrust#2,65536,512,3.14526,964
Thrust#2,65536,512,3.13861,967
Thrust#2,65536,512,3.13068,967
Thrust#2,65536,512,3.14209,967
Thrust#2,65536,512,3.14563,967
Thrust#2,65536,512,3.13782,968
Thrust#2,65536,512,3.13983,966
Thrust#2,65536,512,3.13788,967
Thrust#2,65536,512,3.14484,967
Thrust#2,65536,512,3.14624,969
Thrust#2,65536,512,3.13385,966
Thrust#2,65536,512,3.14026,968
Thrust#2,65536,512,3.13788,967
Thrust#2,65536,512,3.14417,967
Thrust#2,65536,512,3.14069,966
Thrust#2,65536,512,3.14709,967
Thrust#2,65536,1024,3.13733,1822
Thrust#2,65536,1024,3.13934,1815
Thrust#2,65536,1024,3.13019,1824
Thrust#2,65536,1024,3.14789,1797
Thrust#2,65536,1024,3.14301,1804
Thrust#2,65536,1024,3.14227,1804
Thrust#2,65536,1024,3.13367,1810
Thrust#2,65536,1024,3.14111,1971
Thrust#2,65536,1024,3.14172,1799
Thrust#2,65536,1024,3.12909,1812
Thrust#2,65536,1024,3.15686,1825
Thrust#2,65536,1024,3.14197,1805
Thrust#2,65536,1024,3.13855,1811
Thrust#2,65536,1024,3.14655,1811
Thrust#2,65536,1024,3.14471,1816
Thrust#2,65536,1024,3.13708,1801
Thrust#2,65536,1024,3.13837,1802
Thrust#2,65536,1024,3.13232,1803
Thrust#2,65536,1024,3.13983,1805
Thrust#2,65536,1024,3.15082,1802
Thrust#2,65536,1024,3.14111,1828
Thrust#2,65536,1024,3.13995,1814
Thrust#2,65536,1024,3.13037,1807
Thrust#2,65536,1024,3.15112,1842
Thrust#2,65536,1024,3.13611,1956
Thrust#2,65536,1024,3.1438,2021
Thrust#2,65536,1024,3.14508,1881
Thrust#2,65536,1024,3.14783,1854
Thrust#2,65536,1024,3.13654,1862
Thrust#2,65536,1024,3.14099,1847
Thrust#2,65536,1024,3.12811,1843
Thrust#2,65536,1024,3.14197,1832
Thrust#2,65536,1024,3.13501,1827
Thrust#2,65536,1024,3.14001,1895
Thrust#2,65536,1024,3.1413,1889
Thrust#2,65536,1024,3.13855,1821
Thrust#2,65536,1024,3.13196,1808
Thrust#2,65536,1024,3.13879,1837
Thrust#2,65536,1024,3.13654,1853
Thrust#2,65536,1024,3.13513,1863
Thrust#2,65536,1024,3.14178,1841
Thrust#2,65536,1024,3.1543,1828
Thrust#2,65536,1024,3.14545,1859
Thrust#2,65536,1024,3.14722,1812
Thrust#2,65536,1024,3.14581,1807
Thrust#2,65536,1024,3.13928,1805
Thrust#2,65536,1024,3.13715,1808
Thrust#2,65536,1024,3.14008,1812
Thrust#2,65536,1024,3.14337,1815
Thrust#2,65536,1024,3.13483,1806
Thrust#2,65536,1024,3.13391,1828
Thrust#2,65536,1024,3.14941,1815
Thrust#2,65536,1024,3.14221,1815
Thrust#2,65536,1024,3.13947,1809
Thrust#2,65536,1024,3.14056,1806
Thrust#2,65536,1024,3.14124,1803
Thrust#2,65536,1024,3.14301,1812
Thrust#2,65536,1024,3.13434,1804
Thrust#2,65536,1024,3.14069,1805
Thrust#2,65536,1024,3.1377,1817
Thrust#2,65536,1024,3.13763,1823
Thrust#2,65536,1024,3.13062,1821
Thrust#2,65536,1024,3.13226,1807
Thrust#2,65536,1024,3.14154,1803
Thrust#2,65536,1024,3.13892,1804
Thrust#2,65536,1024,3.15405,1802
Thrust#2,65536,1024,3.13763,1806
Thrust#2,65536,1024,3.15063,1878
Thrust#2,65536,1024,3.14435,1973
Thrust#2,65536,1024,3.13043,1895
Thrust#2,65536,1024,3.12823,1977
Thrust#2,65536,1024,3.14667,1816
Thrust#2,65536,1024,3.151,1833
Thrust#2,65536,1024,3.1521,1824
Thrust#2,65536,1024,3.15295,1820
Thrust#2,65536,1024,3.13861,1814
Thrust#2,65536,1024,3.13306,1811
Thrust#2,65536,1024,3.14612,1813
Thrust#2,65536,1024,3.1344,1808
Thrust#2,65536,1024,3.15234,1811
Thrust#2,65536,1024,3.13794,1843
Thrust#2,65536,1024,3.14301,1825
Thrust#2,65536,1024,3.13226,1848
Thrust#2,65536,1024,3.13849,1802
Thrust#2,65536,1024,3.13556,1813
Thrust#2,65536,1024,3.14874,1805
Thrust#2,65536,1024,3.13574,1803
Thrust#2,65536,1024,3.15027,1806
Thrust#2,65536,1024,3.15405,1951
Thrust#2,65536,1024,3.14087,1809
Thrust#2,65536,1024,3.13416,1806
Thrust#2,65536,1024,3.14099,1810
Thrust#2,65536,1024,3.14807,1802
Thrust#2,65536,1024,3.13477,1814
Thrust#2,65536,1024,3.13898,1813
Thrust#2,65536,1024,3.13593,1812
Thrust#2,65536,1024,3.14911,1812
Thrust#2,65536,1024,3.12988,1806
Thrust#2,65536,1024,3.13953,1816
Thrust#2,65536,1024,3.14471,1803
Thrust#2,65536,2048,3.1402,3497
Thrust#2,65536,2048,3.1402,3489
Thrust#2,65536,2048,3.14545,3479
Thrust#2,65536,2048,3.1441,3485
Thrust#2,65536,2048,3.13409,3626
Thrust#2,65536,2048,3.14032,3485
Thrust#2,65536,2048,3.13812,3561
Thrust#2,65536,2048,3.13257,3533
Thrust#2,65536,2048,3.13672,3520
Thrust#2,65536,2048,3.13837,3492
Thrust#2,65536,2048,3.14117,3510
Thrust#2,65536,2048,3.13647,3501
Thrust#2,65536,2048,3.14978,3482
Thrust#2,65536,2048,3.14587,3467
Thrust#2,65536,2048,3.14441,3465
Thrust#2,65536,2048,3.1416,3471
Thrust#2,65536,2048,3.14313,3473
Thrust#2,65536,2048,3.13361,3468
Thrust#2,65536,2048,3.1358,3478
Thrust#2,65536,2048,3.14001,3468
Thrust#2,65536,2048,3.14337,3477
Thrust#2,65536,2048,3.14514,3512
Thrust#2,65536,2048,3.14514,3495
Thrust#2,65536,2048,3.14948,3666
Thrust#2,65536,2048,3.14709,3488
Thrust#2,65536,2048,3.14221,3469
Thrust#2,65536,2048,3.14703,3478
Thrust#2,65536,2048,3.13837,3467
Thrust#2,65536,2048,3.15094,3503
Thrust#2,65536,2048,3.14001,3571
Thrust#2,65536,2048,3.13745,3525
Thrust#2,65536,2048,3.14594,3658
Thrust#2,65536,2048,3.13525,3654
Thrust#2,65536,2048,3.15057,3520
Thrust#2,65536,2048,3.1571,3470
Thrust#2,65536,2048,3.14471,3482
Thrust#2,65536,2048,3.1438,3476
Thrust#2,65536,2048,3.14215,3469
Thrust#2,65536,2048,3.13867,3468
Thrust#2,65536,2048,3.14752,3472
Thrust#2,65536,2048,3.14832,3483
Thrust#2,65536,2048,3.14331,3605
Thrust#2,65536,2048,3.14111,3537
Thrust#2,65536,2048,3.14044,3498
Thrust#2,65536,2048,3.13092,3471
Thrust#2,65536,2048,3.13989,3483
Thrust#2,65536,2048,3.14661,3465
Thrust#2,65536,2048,3.13562,3474
Thrust#2,65536,2048,3.14758,3478
Thrust#2,65536,2048,3.15582,3468
Thrust#2,65536,2048,3.15295,3467
Thrust#2,65536,2048,3.14258,3617
Thrust#2,65536,2048,3.14624,3615
Thrust#2,65536,2048,3.14362,3570
Thrust#2,65536,2048,3.13837,3548
Thrust#2,65536,2048,3.14655,3529
Thrust#2,65536,2048,3.14667,3640
Thrust#2,65536,2048,3.14392,3483
Thrust#2,65536,2048,3.14331,3469
Thrust#2,65536,2048,3.14502,3475
Thrust#2,65536,2048,3.13666,3466
Thrust#2,65536,2048,3.13672,3467
Thrust#2,65536,2048,3.1355,3490
Thrust#2,65536,2048,3.12433,3513
Thrust#2,65536,2048,3.13715,3500
Thrust#2,65536,2048,3.14478,3626
Thrust#2,65536,2048,3.14178,3471
Thrust#2,65536,2048,3.13062,3475
Thrust#2,65536,2048,3.15387,3472
Thrust#2,65536,2048,3.14441,3500
Thrust#2,65536,2048,3.1449,3541
Thrust#2,65536,2048,3.13611,3633
Thrust#2,65536,2048,3.15033,3584
Thrust#2,65536,2048,3.14508,3555
Thrust#2,65536,2048,3.13947,3587
Thrust#2,65536,2048,3.14465,3601
Thrust#2,65536,2048,3.13318,3491
Thrust#2,65536,2048,3.13202,3487
Thrust#2,65536,2048,3.13892,3482
Thrust#2,65536,2048,3.14404,3484
Thrust#2,65536,2048,3.13483,3481
Thrust#2,65536,2048,3.15088,3504
Thrust#2,65536,2048,3.13611,3500
Thrust#2,65536,2048,3.13824,3473
Thrust#2,65536,2048,3.13281,5604
Thrust#2,65536,2048,3.14264,3976
Thrust#2,65536,2048,3.14325,3684
Thrust#2,65536,2048,3.1394,3553
Thrust#2,65536,2048,3.13458,3716
Thrust#2,65536,2048,3.151,3620
Thrust#2,65536,2048,3.1427,3659
Thrust#2,65536,2048,3.13794,3683
Thrust#2,65536,2048,3.13184,5420
Thrust#2,65536,2048,3.14563,3640
Thrust#2,65536,2048,3.14093,3546
Thrust#2,65536,2048,3.14313,3511
Thrust#2,65536,2048,3.14789,3491
Thrust#2,65536,2048,3.13879,3478
Thrust#2,65536,2048,3.14246,3481
Thrust#2,65536,2048,3.13721,3474
Thrust#2,65536,4096,3.13928,6814
Thrust#2,65536,4096,3.15271,6983
Thrust#2,65536,4096,3.11847,6856
Thrust#2,65536,4096,3.14929,6835
Thrust#2,65536,4096,3.13947,6814
Thrust#2,65536,4096,3.14288,6812
Thrust#2,65536,4096,3.14355,6813
Thrust#2,65536,4096,3.13611,7322
Thrust#2,65536,4096,3.15283,7019
Thrust#2,65536,4096,3.15521,6941
Thrust#2,65536,4096,3.14856,6884
Thrust#2,65536,4096,3.13025,6856
Thrust#2,65536,4096,3.15027,6849
Thrust#2,65536,4096,3.14722,6875
Thrust#2,65536,4096,3.14276,6868
Thrust#2,65536,4096,3.14484,8846
Thrust#2,65536,4096,3.13989,6979
Thrust#2,65536,4096,3.1394,7060
Thrust#2,65536,4096,3.14307,6881
Thrust#2,65536,4096,3.12799,6832
Thrust#2,65536,4096,3.1532,6818
Thrust#2,65536,4096,3.14374,6799
Thrust#2,65536,4096,3.14716,6819
Thrust#2,65536,4096,3.1427,6812
Thrust#2,65536,4096,3.14124,6848
Thrust#2,65536,4096,3.13275,6819
Thrust#2,65536,4096,3.13379,6808
Thrust#2,65536,4096,3.14062,6823
Thrust#2,65536,4096,3.13885,6799
Thrust#2,65536,4096,3.15295,6832
Thrust#2,65536,4096,3.14325,6833
Thrust#2,65536,4096,3.1264,6830
Thrust#2,65536,4096,3.13629,6809
Thrust#2,65536,4096,3.13275,6814
Thrust#2,65536,4096,3.14575,6813
Thrust#2,65536,4096,3.13263,6845
Thrust#2,65536,4096,3.13123,6813
Thrust#2,65536,4096,3.13251,6817
Thrust#2,65536,4096,3.14978,6800
Thrust#2,65536,4096,3.13989,6819
Thrust#2,65536,4096,3.14532,6828
Thrust#2,65536,4096,3.151,6883
Thrust#2,65536,4096,3.14276,6874
Thrust#2,65536,4096,3.13519,6847
Thrust#2,65536,4096,3.13538,6820
Thrust#2,65536,4096,3.13397,6821
Thrust#2,65536,4096,3.13757,6825
Thrust#2,65536,4096,3.14532,6835
Thrust#2,65536,4096,3.14673,6813
Thrust#2,65536,4096,3.1394,6796
Thrust#2,65536,4096,3.14368,6806
Thrust#2,65536,4096,3.1449,6831
Thrust#2,65536,4096,3.13983,6852
Thrust#2,65536,4096,3.14154,6819
Thrust#2,65536,4096,3.13135,6809
Thrust#2,65536,4096,3.14258,6831
Thrust#2,65536,4096,3.13806,6817
Thrust#2,65536,4096,3.14764,6828
Thrust#2,65536,4096,3.14819,6828
Thrust#2,65536,4096,3.138,6821
Thrust#2,65536,4096,3.13916,6817
Thrust#2,65536,4096,3.14667,6814
Thrust#2,65536,4096,3.14771,6820
Thrust#2,65536,4096,3.14142,6859
Thrust#2,65536,4096,3.14453,6827
Thrust#2,65536,4096,3.14557,6819
Thrust#2,65536,4096,3.14435,6813
Thrust#2,65536,4096,3.13947,6830
Thrust#2,65536,4096,3.14746,6832
Thrust#2,65536,4096,3.13965,6815
Thrust#2,65536,4096,3.14331,6830
Thrust#2,65536,4096,3.14026,6820
Thrust#2,65536,4096,3.14655,6819
Thrust#2,65536,4096,3.13171,6805
Thrust#2,65536,4096,3.1413,6840
Thrust#2,65536,4096,3.14465,6823
Thrust#2,65536,4096,3.14496,6816
Thrust#2,65536,4096,3.1554,6795
Thrust#2,65536,4096,3.14148,6827
Thrust#2,65536,4096,3.14142,6805
Thrust#2,65536,4096,3.13361,6852
Thrust#2,65536,4096,3.13971,6823
Thrust#2,65536,4096,3.13715,6812
Thrust#2,65536,4096,3.14618,6873
Thrust#2,65536,4096,3.13641,6819
Thrust#2,65536,4096,3.14258,6826
Thrust#2,65536,4096,3.13824,6864
Thrust#2,65536,4096,3.13818,6824
Thrust#2,65536,4096,3.14014,6834
Thrust#2,65536,4096,3.14124,6815
Thrust#2,65536,4096,3.13501,6808
Thrust#2,65536,4096,3.13568,6858
Thrust#2,65536,4096,3.14282,6893
Thrust#2,65536,4096,3.14551,7115
Thrust#2,65536,4096,3.13123,6924
Thrust#2,65536,4096,3.14117,7074
Thrust#2,65536,4096,3.14197,6916
Thrust#2,65536,4096,3.14996,8451
Thrust#2,65536,4096,3.1521,6973
Thrust#2,65536,4096,3.15332,6884
Thrust#2,65536,8192,3.16119,13506
Thrust#2,65536,8192,3.1441,13531
Thrust#2,65536,8192,3.14191,13744
Thrust#2,65536,8192,3.13855,13588
Thrust#2,65536,8192,3.13684,13568
Thrust#2,65536,8192,3.14954,13546
Thrust#2,65536,8192,3.13623,13514
Thrust#2,65536,8192,3.14923,13597
Thrust#2,65536,8192,3.13348,13701
Thrust#2,65536,8192,3.14685,13551
Thrust#2,65536,8192,3.15051,13544
Thrust#2,65536,8192,3.14178,13558
Thrust#2,65536,8192,3.13513,13554
Thrust#2,65536,8192,3.14734,13591
Thrust#2,65536,8192,3.13507,13569
Thrust#2,65536,8192,3.13727,13733
Thrust#2,65536,8192,3.13867,13596
Thrust#2,65536,8192,3.13373,13571
Thrust#2,65536,8192,3.13965,13549
Thrust#2,65536,8192,3.13745,13767
Thrust#2,65536,8192,3.14417,13710
Thrust#2,65536,8192,3.146,13589
Thrust#2,65536,8192,3.13696,13580
Thrust#2,65536,8192,3.13776,13663
Thrust#2,65536,8192,3.14911,13657
Thrust#2,65536,8192,3.13763,13702
Thrust#2,65536,8192,3.13428,13740
Thrust#2,65536,8192,3.15619,13697
Thrust#2,65536,8192,3.14789,13624
Thrust#2,65536,8192,3.14142,13703
Thrust#2,65536,8192,3.13562,13648
Thrust#2,65536,8192,3.1347,13639
Thrust#2,65536,8192,3.13104,13881
Thrust#2,65536,8192,3.13721,13656
Thrust#2,65536,8192,3.133,13710
Thrust#2,65536,8192,3.13525,13697
Thrust#2,65536,8192,3.14233,13615
Thrust#2,65536,8192,3.11475,13697
Thrust#2,65536,8192,3.14362,13672
Thrust#2,65536,8192,3.14349,13688
Thrust#2,65536,8192,3.14752,13684
Thrust#2,65536,8192,3.13403,13684
Thrust#2,65536,8192,3.14886,13534
Thrust#2,65536,8192,3.13483,13651
Thrust#2,65536,8192,3.13361,13607
Thrust#2,65536,8192,3.14648,13676
Thrust#2,65536,8192,3.15149,13716
Thrust#2,65536,8192,3.1416,13570
Thrust#2,65536,8192,3.14178,13613
Thrust#2,65536,8192,3.14838,13682
Thrust#2,65536,8192,3.13373,13569
Thrust#2,65536,8192,3.14899,13706
Thrust#2,65536,8192,3.14124,13687
Thrust#2,65536,8192,3.14447,13567
Thrust#2,65536,8192,3.14819,13553
Thrust#2,65536,8192,3.14423,13699
Thrust#2,65536,8192,3.14398,13568
Thrust#2,65536,8192,3.15491,13740
Thrust#2,65536,8192,3.1333,13643
Thrust#2,65536,8192,3.14014,13587
Thrust#2,65536,8192,3.13885,13676
Thrust#2,65536,8192,3.13751,13585
Thrust#2,65536,8192,3.1322,13512
Thrust#2,65536,8192,3.14893,13722
Thrust#2,65536,8192,3.14722,13629
Thrust#2,65536,8192,3.13995,13556
Thrust#2,65536,8192,3.14081,13579
Thrust#2,65536,8192,3.13794,13519
Thrust#2,65536,8192,3.13556,13636
Thrust#2,65536,8192,3.13666,13629
Thrust#2,65536,8192,3.14148,13546
Thrust#2,65536,8192,3.14014,13524
Thrust#2,65536,8192,3.14172,13509
Thrust#2,65536,8192,3.12744,13718
Thrust#2,65536,8192,3.14728,13683
Thrust#2,65536,8192,3.13318,13645
Thrust#2,65536,8192,3.14374,13619
Thrust#2,65536,8192,3.14441,13545
Thrust#2,65536,8192,3.13849,15506
Thrust#2,65536,8192,3.14288,13798
Thrust#2,65536,8192,3.13977,13690
Thrust#2,65536,8192,3.13898,13661
Thrust#2,65536,8192,3.13379,13586
Thrust#2,65536,8192,3.13696,13523
Thrust#2,65536,8192,3.1344,13484
Thrust#2,65536,8192,3.13586,13511
Thrust#2,65536,8192,3.14362,13493
Thrust#2,65536,8192,3.14288,13482
Thrust#2,65536,8192,3.133,13508
Thrust#2,65536,8192,3.1424,13491
Thrust#2,65536,8192,3.13629,13472
Thrust#2,65536,8192,3.13367,13510
Thrust#2,65536,8192,3.12964,13500
Thrust#2,65536,8192,3.14551,13467
Thrust#2,65536,8192,3.14471,13506
Thrust#2,65536,8192,3.13898,13531
Thrust#2,65536,8192,3.14795,13493
Thrust#2,65536,8192,3.14716,13506
Thrust#2,65536,8192,3.14301,13504
Thrust#2,65536,8192,3.13824,13505
Thrust#2,65536,16384,3.12848,26830
Thrust#2,65536,16384,3.14526,26865
Thrust#2,65536,16384,3.13416,26862
Thrust#2,65536,16384,3.14392,26818
Thrust#2,65536,16384,3.15198,26829
Thrust#2,65536,16384,3.13696,26852
Thrust#2,65536,16384,3.13763,26858
Thrust#2,65536,16384,3.1416,26859
Thrust#2,65536,16384,3.15247,26851
Thrust#2,65536,16384,3.13477,27204
Thrust#2,65536,16384,3.1405,26847
Thrust#2,65536,16384,3.13074,26818
Thrust#2,65536,16384,3.15295,26868
Thrust#2,65536,16384,3.1463,26844
Thrust#2,65536,16384,3.14764,26852
Thrust#2,65536,16384,3.13733,26888
Thrust#2,65536,16384,3.13177,26907
Thrust#2,65536,16384,3.13031,27695
Thrust#2,65536,16384,3.14325,26907
Thrust#2,65536,16384,3.14038,26862
Thrust#2,65536,16384,3.14874,27062
Thrust#2,65536,16384,3.14337,27375
Thrust#2,65536,16384,3.1427,27066
Thrust#2,65536,16384,3.13116,26995
Thrust#2,65536,16384,3.13531,26895
Thrust#2,65536,16384,3.1369,26999
Thrust#2,65536,16384,3.13574,26990
Thrust#2,65536,16384,3.15723,27072
Thrust#2,65536,16384,3.15521,27102
Thrust#2,65536,16384,3.1405,26941
Thrust#2,65536,16384,3.14062,26973
Thrust#2,65536,16384,3.14001,26954
Thrust#2,65536,16384,3.14508,27068
Thrust#2,65536,16384,3.14203,26943
Thrust#2,65536,16384,3.13971,26923
Thrust#2,65536,16384,3.13849,27040
Thrust#2,65536,16384,3.14874,27010
Thrust#2,65536,16384,3.14606,26931
Thrust#2,65536,16384,3.14343,26936
Thrust#2,65536,16384,3.14691,27077
Thrust#2,65536,16384,3.13422,26992
Thrust#2,65536,16384,3.1424,27008
Thrust#2,65536,16384,3.15149,26909
Thrust#2,65536,16384,3.13721,27075
Thrust#2,65536,16384,3.14349,26937
Thrust#2,65536,16384,3.14062,26930
Thrust#2,65536,16384,3.13647,27087
Thrust#2,65536,16384,3.14484,27033
Thrust#2,65536,16384,3.13239,26987
Thrust#2,65536,16384,3.1377,26997
Thrust#2,65536,16384,3.15002,26945
Thrust#2,65536,16384,3.15594,26936
Thrust#2,65536,16384,3.13617,27140
Thrust#2,65536,16384,3.14606,26946
Thrust#2,65536,16384,3.14398,26963
Thrust#2,65536,16384,3.13251,27023
Thrust#2,65536,16384,3.15143,27008
Thrust#2,65536,16384,3.14832,26891
Thrust#2,65536,16384,3.15344,26886
Thrust#2,65536,16384,3.13666,26985
Thrust#2,65536,16384,3.14099,26965
Thrust#2,65536,16384,3.14288,26972
Thrust#2,65536,16384,3.13916,26923
Thrust#2,65536,16384,3.14203,28878
Thrust#2,65536,16384,3.13379,27288
Thrust#2,65536,16384,3.14581,27786
Thrust#2,65536,16384,3.13757,27040
Thrust#2,65536,16384,3.13977,27509
Thrust#2,65536,16384,3.14984,26973
Thrust#2,65536,16384,3.14514,27047
Thrust#2,65536,16384,3.13971,26943
Thrust#2,65536,16384,3.14301,26898
Thrust#2,65536,16384,3.13043,27002
Thrust#2,65536,16384,3.1355,26962
Thrust#2,65536,16384,3.14038,26934
Thrust#2,65536,16384,3.14795,26975
Thrust#2,65536,16384,3.13928,26949
Thrust#2,65536,16384,3.15356,26938
Thrust#2,65536,16384,3.15222,27106
Thrust#2,65536,16384,3.15002,26919
Thrust#2,65536,16384,3.13788,26920
Thrust#2,65536,16384,3.14136,27048
Thrust#2,65536,16384,3.14191,26914
Thrust#2,65536,16384,3.13721,26923
Thrust#2,65536,16384,3.15192,26914
Thrust#2,65536,16384,3.14508,26966
Thrust#2,65536,16384,3.12335,26987
Thrust#2,65536,16384,3.14722,27023
Thrust#2,65536,16384,3.13776,26919
Thrust#2,65536,16384,3.13849,27053
Thrust#2,65536,16384,3.14563,26965
Thrust#2,65536,16384,3.14612,26915
Thrust#2,65536,16384,3.13562,27044
Thrust#2,65536,16384,3.14423,26994
Thrust#2,65536,16384,3.15088,26909
Thrust#2,65536,16384,3.14221,26865
Thrust#2,65536,16384,3.14868,26991
Thrust#2,65536,16384,3.13531,27049
Thrust#2,65536,16384,3.13733,26941
Thrust#2,65536,16384,3.14911,26893
Thrust#2,65536,32768,3.14984,53555
Thrust#2,65536,32768,3.14551,53793
Thrust#2,65536,32768,3.13733,53757
Thrust#2,65536,32768,3.15112,53629
Thrust#2,65536,32768,3.14294,53752
Thrust#2,65536,32768,3.1441,53582
Thrust#2,65536,32768,3.13104,55514
Thrust#2,65536,32768,3.14966,53889
Thrust#2,65536,32768,3.14392,55510
Thrust#2,65536,32768,3.14276,54847
Thrust#2,65536,32768,3.14636,54770
Thrust#2,65536,32768,3.14404,54690
Thrust#2,65536,32768,3.15137,54834
Thrust#2,65536,32768,3.14716,54282
Thrust#2,65536,32768,3.13892,53696
Thrust#2,65536,32768,3.13702,54209
Thrust#2,65536,32768,3.14246,53600
Thrust#2,65536,32768,3.14435,53832
Thrust#2,65536,32768,3.13715,54040
Thrust#2,65536,32768,3.14606,53726
Thrust#2,65536,32768,3.1355,54056
Thrust#2,65536,32768,3.14124,54239
Thrust#2,65536,32768,3.1424,53630
Thrust#2,65536,32768,3.14301,55549
Thrust#2,65536,32768,3.14117,55380
Thrust#2,65536,32768,3.15515,55493
Thrust#2,65536,32768,3.14667,54595
Thrust#2,65536,32768,3.14178,55484
Thrust#2,65536,32768,3.14447,54297
Thrust#2,65536,32768,3.14752,54964
Thrust#2,65536,32768,3.13788,53643
Thrust#2,65536,32768,3.13428,53829
Thrust#2,65536,32768,3.13245,53660
Thrust#2,65536,32768,3.14557,53760
Thrust#2,65536,32768,3.14478,53632
Thrust#2,65536,32768,3.13214,53554
Thrust#2,65536,32768,3.13806,55455
Thrust#2,65536,32768,3.12988,55404
Thrust#2,65536,32768,3.1377,55233
Thrust#2,65536,32768,3.13922,54389
Thrust#2,65536,32768,3.13672,54351
Thrust#2,65536,32768,3.14893,54692
Thrust#2,65536,32768,3.14856,53816
Thrust#2,65536,32768,3.14648,53554
Thrust#2,65536,32768,3.14447,55440
Thrust#2,65536,32768,3.14539,55328
Thrust#2,65536,32768,3.15381,53904
Thrust#2,65536,32768,3.13708,54118
Thrust#2,65536,32768,3.14679,53940
Thrust#2,65536,32768,3.14874,55597
Thrust#2,65536,32768,3.15057,55419
Thrust#2,65536,32768,3.13812,54203
Thrust#2,65536,32768,3.14124,53971
Thrust#2,65536,32768,3.13843,53674
Thrust#2,65536,32768,3.12646,53510
Thrust#2,65536,32768,3.13934,53518
Thrust#2,65536,32768,3.138,53996
Thrust#2,65536,32768,3.13171,53545
Thrust#2,65536,32768,3.14203,53547
Thrust#2,65536,32768,3.14624,53589
Thrust#2,65536,32768,3.12927,53537
Thrust#2,65536,32768,3.14001,53517
Thrust#2,65536,32768,3.13721,53522
Thrust#2,65536,32768,3.13123,55512
Thrust#2,65536,32768,3.13226,54313
Thrust#2,65536,32768,3.15106,53745
Thrust#2,65536,32768,3.14532,54059
Thrust#2,65536,32768,3.14844,54416
Thrust#2,65536,32768,3.13269,53590
Thrust#2,65536,32768,3.15271,53533
Thrust#2,65536,32768,3.14728,53517
Thrust#2,65536,32768,3.1452,53986
Thrust#2,65536,32768,3.13885,53578
Thrust#2,65536,32768,3.13434,53534
Thrust#2,65536,32768,3.1452,53540
Thrust#2,65536,32768,3.12543,54053
Thrust#2,65536,32768,3.13922,53623
Thrust#2,65536,32768,3.15363,55689
Thrust#2,65536,32768,3.13788,55641
Thrust#2,65536,32768,3.13806,53827
Thrust#2,65536,32768,3.14014,53755
Thrust#2,65536,32768,3.13629,55374
Thrust#2,65536,32768,3.15118,55490
Thrust#2,65536,32768,3.14288,55506
Thrust#2,65536,32768,3.13806,55639
Thrust#2,65536,32768,3.14105,54527
Thrust#2,65536,32768,3.1377,54452
Thrust#2,65536,32768,3.13953,54621
Thrust#2,65536,32768,3.14014,55575
Thrust#2,65536,32768,3.15912,55506
Thrust#2,65536,32768,3.14429,55539
Thrust#2,65536,32768,3.13959,56269
Thrust#2,65536,32768,3.14594,54530
Thrust#2,65536,32768,3.14264,54461
Thrust#2,65536,32768,3.15704,56317
Thrust#2,65536,32768,3.14484,55468
Thrust#2,65536,32768,3.15509,53731
Thrust#2,65536,32768,3.1413,53590
Thrust#2,65536,32768,3.1369,55485
Thrust#2,65536,32768,3.14142,55575
Thrust#2,131072,1,3.13348,4996
Thrust#2,131072,1,3.13739,3894
Thrust#2,131072,1,3.14383,3179
Thrust#2,131072,1,3.14044,2667
Thrust#2,131072,1,3.1489,2599
Thrust#2,131072,1,3.13419,3953
Thrust#2,131072,1,3.13599,2672
Thrust#2,131072,1,3.13815,2597
Thrust#2,131072,1,3.1405,2589
Thrust#2,131072,1,3.13779,2588
Thrust#2,131072,1,3.14499,2587
Thrust#2,131072,1,3.14368,2610
Thrust#2,131072,1,3.14328,2591
Thrust#2,131072,1,3.1395,2613
Thrust#2,131072,1,3.14093,2587
Thrust#2,131072,1,3.14255,2629
Thrust#2,131072,1,3.14551,2611
Thrust#2,131072,1,3.14032,2583
Thrust#2,131072,1,3.13733,3706
Thrust#2,131072,1,3.14136,2916
Thrust#2,131072,1,3.15103,2595
Thrust#2,131072,1,3.14178,2596
Thrust#2,131072,1,3.14078,2602
Thrust#2,131072,1,3.13916,2602
Thrust#2,131072,1,3.14734,2612
Thrust#2,131072,1,3.13953,2594
Thrust#2,131072,1,3.14655,2602
Thrust#2,131072,1,3.14587,2600
Thrust#2,131072,1,3.14084,2643
Thrust#2,131072,1,3.14679,2595
Thrust#2,131072,1,3.13599,2584
Thrust#2,131072,1,3.14203,3742
Thrust#2,131072,1,3.13968,2809
Thrust#2,131072,1,3.14508,2589
Thrust#2,131072,1,3.14655,2584
Thrust#2,131072,1,3.14374,2604
Thrust#2,131072,1,3.13638,2575
Thrust#2,131072,1,3.14215,2592
Thrust#2,131072,1,3.14163,2599
Thrust#2,131072,1,3.14978,2600
Thrust#2,131072,1,3.13547,2575
Thrust#2,131072,1,3.13876,2612
Thrust#2,131072,1,3.13956,2639
Thrust#2,131072,1,3.13977,2613
Thrust#2,131072,1,3.14102,2582
Thrust#2,131072,1,3.13712,2594
Thrust#2,131072,1,3.1377,2606
Thrust#2,131072,1,3.13449,2590
Thrust#2,131072,1,3.13995,2592
Thrust#2,131072,1,3.14288,3720
Thrust#2,131072,1,3.14609,2701
Thrust#2,131072,1,3.14923,2596
Thrust#2,131072,1,3.13104,2621
Thrust#2,131072,1,3.13763,2592
Thrust#2,131072,1,3.13879,2591
Thrust#2,131072,1,3.14233,2620
Thrust#2,131072,1,3.14011,2611
Thrust#2,131072,1,3.13638,2584
Thrust#2,131072,1,3.15094,2593
Thrust#2,131072,1,3.13879,2593
Thrust#2,131072,1,3.14709,2606
Thrust#2,131072,1,3.13919,3731
Thrust#2,131072,1,3.13699,2816
Thrust#2,131072,1,3.14392,2607
Thrust#2,131072,1,3.12988,2604
Thrust#2,131072,1,3.14496,2591
Thrust#2,131072,1,3.14478,2597
Thrust#2,131072,1,3.1452,2592
Thrust#2,131072,1,3.13824,2615
Thrust#2,131072,1,3.13757,2613
Thrust#2,131072,1,3.13849,2587
Thrust#2,131072,1,3.14886,2572
Thrust#2,131072,1,3.14563,2607
Thrust#2,131072,1,3.13437,2602
Thrust#2,131072,1,3.13782,3674
Thrust#2,131072,1,3.14084,2807
Thrust#2,131072,1,3.13596,2597
Thrust#2,131072,1,3.13992,2593
Thrust#2,131072,1,3.13568,2591
Thrust#2,131072,1,3.1347,2607
Thrust#2,131072,1,3.14761,2603
Thrust#2,131072,1,3.13907,2592
Thrust#2,131072,1,3.14371,2985
Thrust#2,131072,1,3.13843,2620
Thrust#2,131072,1,3.13843,2590
Thrust#2,131072,1,3.14261,2590
Thrust#2,131072,1,3.13525,3671
Thrust#2,131072,1,3.14545,2822
Thrust#2,131072,1,3.13434,2694
Thrust#2,131072,1,3.13351,2601
Thrust#2,131072,1,3.14676,2610
Thrust#2,131072,1,3.14639,2612
Thrust#2,131072,1,3.14166,2597
Thrust#2,131072,1,3.14999,2597
Thrust#2,131072,1,3.14645,2591
Thrust#2,131072,1,3.14194,2617
Thrust#2,131072,1,3.14017,2611
Thrust#2,131072,1,3.13611,2579
Thrust#2,131072,1,3.13611,3672
Thrust#2,131072,1,3.14334,2807
Thrust#2,131072,2,3.14191,1465
Thrust#2,131072,2,3.14563,1460
Thrust#2,131072,2,3.14264,1470
Thrust#2,131072,2,3.14676,1465
Thrust#2,131072,2,3.14554,1461
Thrust#2,131072,2,3.14313,1461
Thrust#2,131072,2,3.14441,1468
Thrust#2,131072,2,3.1423,1464
Thrust#2,131072,2,3.13733,1468
Thrust#2,131072,2,3.13657,1460
Thrust#2,131072,2,3.13461,1461
Thrust#2,131072,2,3.14481,1464
Thrust#2,131072,2,3.14288,1461
Thrust#2,131072,2,3.15137,1461
Thrust#2,131072,2,3.14725,1457
Thrust#2,131072,2,3.13837,1468
Thrust#2,131072,2,3.14438,1469
Thrust#2,131072,2,3.13879,1453
Thrust#2,131072,2,3.13641,1453
Thrust#2,131072,2,3.14606,2546
Thrust#2,131072,2,3.14346,1680
Thrust#2,131072,2,3.14746,1486
Thrust#2,131072,2,3.14737,1461
Thrust#2,131072,2,3.13593,1474
Thrust#2,131072,2,3.13773,1461
Thrust#2,131072,2,3.1456,1464
Thrust#2,131072,2,3.14264,1462
Thrust#2,131072,2,3.13739,1459
Thrust#2,131072,2,3.14847,1468
Thrust#2,131072,2,3.14529,1472
Thrust#2,131072,2,3.14124,1459
Thrust#2,131072,2,3.14417,1459
Thrust#2,131072,2,3.14276,1471
Thrust#2,131072,2,3.13559,1463
Thrust#2,131072,2,3.14389,1459
Thrust#2,131072,2,3.14194,1462
Thrust#2,131072,2,3.14255,1460
Thrust#2,131072,2,3.14185,1472
Thrust#2,131072,2,3.13696,1461
Thrust#2,131072,2,3.13922,1468
Thrust#2,131072,2,3.13672,1462
Thrust#2,131072,2,3.1463,1456
Thrust#2,131072,2,3.14133,1451
Thrust#2,131072,2,3.14801,1451
Thrust#2,131072,2,3.14685,1460
Thrust#2,131072,2,3.14032,1465
Thrust#2,131072,2,3.14517,1461
Thrust#2,131072,2,3.14227,1461
Thrust#2,131072,2,3.14343,1461
Thrust#2,131072,2,3.1322,1464
Thrust#2,131072,2,3.13681,1459
Thrust#2,131072,2,3.13336,1549
Thrust#2,131072,2,3.14212,2827
Thrust#2,131072,2,3.1413,1456
Thrust#2,131072,2,3.14276,1480
Thrust#2,131072,2,3.14499,1453
Thrust#2,131072,2,3.14145,1458
Thrust#2,131072,2,3.1449,1472
Thrust#2,131072,2,3.14029,1473
Thrust#2,131072,2,3.14197,1458
Thrust#2,131072,2,3.147,1462
Thrust#2,131072,2,3.15662,1461
Thrust#2,131072,2,3.13525,1456
Thrust#2,131072,2,3.15033,1469
Thrust#2,131072,2,3.14612,1461
Thrust#2,131072,2,3.142,1451
Thrust#2,131072,2,3.14233,1453
Thrust#2,131072,2,3.14005,1451
Thrust#2,131072,2,3.15149,1458
Thrust#2,131072,2,3.13739,1469
Thrust#2,131072,2,3.1402,1464
Thrust#2,131072,2,3.13083,1463
Thrust#2,131072,2,3.14059,1470
Thrust#2,131072,2,3.1409,2562
Thrust#2,131072,2,3.13617,1690
Thrust#2,131072,2,3.14581,1475
Thrust#2,131072,2,3.13629,1467
Thrust#2,131072,2,3.1337,1465
Thrust#2,131072,2,3.14716,1466
Thrust#2,131072,2,3.13922,1455
Thrust#2,131072,2,3.13837,1465
Thrust#2,131072,2,3.13904,1460
Thrust#2,131072,2,3.14471,1461
Thrust#2,131072,2,3.13077,1469
Thrust#2,131072,2,3.14267,1464
Thrust#2,131072,2,3.14917,1461
Thrust#2,131072,2,3.14145,1460
Thrust#2,131072,2,3.1409,1463
Thrust#2,131072,2,3.14178,1454
Thrust#2,131072,2,3.14426,1451
Thrust#2,131072,2,3.13687,1450
Thrust#2,131072,2,3.13687,1441
Thrust#2,131072,2,3.14151,1463
Thrust#2,131072,2,3.1452,1468
Thrust#2,131072,2,3.14224,1470
Thrust#2,131072,2,3.14185,1462
Thrust#2,131072,2,3.1438,2629
Thrust#2,131072,2,3.14017,1702
Thrust#2,131072,2,3.13461,1474
Thrust#2,131072,2,3.13577,1466
Thrust#2,131072,4,3.13806,905
Thrust#2,131072,4,3.146,919
Thrust#2,131072,4,3.13303,925
Thrust#2,131072,4,3.14185,903
Thrust#2,131072,4,3.14246,912
Thrust#2,131072,4,3.14328,903
Thrust#2,131072,4,3.14331,904
Thrust#2,131072,4,3.13678,902
Thrust#2,131072,4,3.13953,903
Thrust#2,131072,4,3.14056,912
Thrust#2,131072,4,3.13483,916
Thrust#2,131072,4,3.14795,912
Thrust#2,131072,4,3.14346,910
Thrust#2,131072,4,3.13824,906
Thrust#2,131072,4,3.1366,904
Thrust#2,131072,4,3.14081,900
Thrust#2,131072,4,3.14511,906
Thrust#2,131072,4,3.1405,910
Thrust#2,131072,4,3.14099,903
Thrust#2,131072,4,3.14258,904
Thrust#2,131072,4,3.1409,901
Thrust#2,131072,4,3.13596,903
Thrust#2,131072,4,3.1485,904
Thrust#2,131072,4,3.14853,902
Thrust#2,131072,4,3.15179,903
Thrust#2,131072,4,3.14182,902
Thrust#2,131072,4,3.14157,904
Thrust#2,131072,4,3.14355,992
Thrust#2,131072,4,3.13916,2066
Thrust#2,131072,4,3.13971,950
Thrust#2,131072,4,3.1412,926
Thrust#2,131072,4,3.14069,941
Thrust#2,131072,4,3.14145,924
Thrust#2,131072,4,3.14691,927
Thrust#2,131072,4,3.14337,898
Thrust#2,131072,4,3.14786,903
Thrust#2,131072,4,3.14438,901
Thrust#2,131072,4,3.14233,913
Thrust#2,131072,4,3.12653,911
Thrust#2,131072,4,3.14172,896
Thrust#2,131072,4,3.13858,902
Thrust#2,131072,4,3.14005,894
Thrust#2,131072,4,3.13177,902
Thrust#2,131072,4,3.14603,905
Thrust#2,131072,4,3.14438,908
Thrust#2,131072,4,3.14566,913
Thrust#2,131072,4,3.14511,910
Thrust#2,131072,4,3.13629,913
Thrust#2,131072,4,3.13623,910
Thrust#2,131072,4,3.1355,912
Thrust#2,131072,4,3.13727,912
Thrust#2,131072,4,3.13791,915
Thrust#2,131072,4,3.13852,902
Thrust#2,131072,4,3.13394,901
Thrust#2,131072,4,3.14233,909
Thrust#2,131072,4,3.1391,914
Thrust#2,131072,4,3.14822,903
Thrust#2,131072,4,3.14316,893
Thrust#2,131072,4,3.14459,902
Thrust#2,131072,4,3.14597,905
Thrust#2,131072,4,3.14478,906
Thrust#2,131072,4,3.13828,903
Thrust#2,131072,4,3.13724,912
Thrust#2,131072,4,3.14114,1996
Thrust#2,131072,4,3.14343,1000
Thrust#2,131072,4,3.14236,960
Thrust#2,131072,4,3.1377,918
Thrust#2,131072,4,3.14609,917
Thrust#2,131072,4,3.13651,917
Thrust#2,131072,4,3.14194,917
Thrust#2,131072,4,3.14758,901
Thrust#2,131072,4,3.1405,901
Thrust#2,131072,4,3.14334,904
Thrust#2,131072,4,3.14374,905
Thrust#2,131072,4,3.13876,910
Thrust#2,131072,4,3.13394,910
Thrust#2,131072,4,3.14899,912
Thrust#2,131072,4,3.13544,916
Thrust#2,131072,4,3.13229,913
Thrust#2,131072,4,3.14233,911
Thrust#2,131072,4,3.13245,911
Thrust#2,131072,4,3.14267,914
Thrust#2,131072,4,3.14618,910
Thrust#2,131072,4,3.14331,913
Thrust#2,131072,4,3.14368,913
Thrust#2,131072,4,3.14093,895
Thrust#2,131072,4,3.14581,901
Thrust#2,131072,4,3.1402,902
Thrust#2,131072,4,3.14209,903
Thrust#2,131072,4,3.13828,916
Thrust#2,131072,4,3.14236,901
Thrust#2,131072,4,3.14536,900
Thrust#2,131072,4,3.1449,903
Thrust#2,131072,4,3.14395,910
Thrust#2,131072,4,3.13831,902
Thrust#2,131072,4,3.1405,910
Thrust#2,131072,4,3.14413,903
Thrust#2,131072,4,3.13257,907
Thrust#2,131072,4,3.14297,2110
Thrust#2,131072,4,3.14078,949
Thrust#2,131072,8,3.14206,648
Thrust#2,131072,8,3.14432,645
Thrust#2,131072,8,3.14035,648
Thrust#2,131072,8,3.14499,645
Thrust#2,131072,8,3.1467,654
Thrust#2,131072,8,3.14206,648
Thrust#2,131072,8,3.1355,667
Thrust#2,131072,8,3.14276,644
Thrust#2,131072,8,3.14536,641
Thrust#2,131072,8,3.13174,639
Thrust#2,131072,8,3.14444,640
Thrust#2,131072,8,3.13947,642
Thrust#2,131072,8,3.14435,639
Thrust#2,131072,8,3.14072,640
Thrust#2,131072,8,3.14304,630
Thrust#2,131072,8,3.14825,641
Thrust#2,131072,8,3.13489,665
Thrust#2,131072,8,3.14365,641
Thrust#2,131072,8,3.14227,648
Thrust#2,131072,8,3.15436,659
Thrust#2,131072,8,3.13882,651
Thrust#2,131072,8,3.14587,644
Thrust#2,131072,8,3.1369,648
Thrust#2,131072,8,3.14563,648
Thrust#2,131072,8,3.14563,640
Thrust#2,131072,8,3.13724,640
Thrust#2,131072,8,3.14603,664
Thrust#2,131072,8,3.14484,652
Thrust#2,131072,8,3.14212,656
Thrust#2,131072,8,3.1347,661
Thrust#2,131072,8,3.14252,674
Thrust#2,131072,8,3.13995,653
Thrust#2,131072,8,3.13614,630
Thrust#2,131072,8,3.14404,639
Thrust#2,131072,8,3.13922,639
Thrust#2,131072,8,3.14441,641
Thrust#2,131072,8,3.14331,638
Thrust#2,131072,8,3.14484,634
Thrust#2,131072,8,3.14362,651
Thrust#2,131072,8,3.14606,641
Thrust#2,131072,8,3.13837,639
Thrust#2,131072,8,3.14099,639
Thrust#2,131072,8,3.14133,633
Thrust#2,131072,8,3.13089,640
Thrust#2,131072,8,3.13895,650
Thrust#2,131072,8,3.13531,638
Thrust#2,131072,8,3.14062,641
Thrust#2,131072,8,3.14648,642
Thrust#2,131072,8,3.14801,631
Thrust#2,131072,8,3.14468,639
Thrust#2,131072,8,3.14294,641
Thrust#2,131072,8,3.13538,641
Thrust#2,131072,8,3.13272,640
Thrust#2,131072,8,3.1442,639
Thrust#2,131072,8,3.1373,642
Thrust#2,131072,8,3.14053,641
Thrust#2,131072,8,3.14386,660
Thrust#2,131072,8,3.14502,649
Thrust#2,131072,8,3.14798,651
Thrust#2,131072,8,3.13831,653
Thrust#2,131072,8,3.14877,653
Thrust#2,131072,8,3.13632,649
Thrust#2,131072,8,3.1376,650
Thrust#2,131072,8,3.14096,669
Thrust#2,131072,8,3.14151,639
Thrust#2,131072,8,3.13589,657
Thrust#2,131072,8,3.13968,631
Thrust#2,131072,8,3.1358,642
Thrust#2,131072,8,3.14557,630
Thrust#2,131072,8,3.14493,639
Thrust#2,131072,8,3.14191,646
Thrust#2,131072,8,3.13739,1750
Thrust#2,131072,8,3.14139,747
Thrust#2,131072,8,3.13766,682
Thrust#2,131072,8,3.13635,638
Thrust#2,131072,8,3.13339,647
Thrust#2,131072,8,3.1434,650
Thrust#2,131072,8,3.14291,642
Thrust#2,131072,8,3.14569,648
Thrust#2,131072,8,3.14706,645
Thrust#2,131072,8,3.14542,641
Thrust#2,131072,8,3.14337,646
Thrust#2,131072,8,3.14362,640
Thrust#2,131072,8,3.14206,639
Thrust#2,131072,8,3.13916,642
Thrust#2,131072,8,3.1424,656
Thrust#2,131072,8,3.13531,640
Thrust#2,131072,8,3.14685,639
Thrust#2,131072,8,3.15057,920
Thrust#2,131072,8,3.14508,675
Thrust#2,131072,8,3.14645,652
Thrust#2,131072,8,3.14209,653
Thrust#2,131072,8,3.14713,663
Thrust#2,131072,8,3.1377,647
Thrust#2,131072,8,3.13971,656
Thrust#2,131072,8,3.14148,683
Thrust#2,131072,8,3.13437,676
Thrust#2,131072,8,3.1366,652
Thrust#2,131072,8,3.14218,649
Thrust#2,131072,8,3.14276,645
Thrust#2,131072,16,3.13409,530
Thrust#2,131072,16,3.14426,532
Thrust#2,131072,16,3.14404,534
Thrust#2,131072,16,3.13107,530
Thrust#2,131072,16,3.13934,531
Thrust#2,131072,16,3.13974,532
Thrust#2,131072,16,3.13983,534
Thrust#2,131072,16,3.14185,538
Thrust#2,131072,16,3.13596,536
Thrust#2,131072,16,3.13803,537
Thrust#2,131072,16,3.14462,539
Thrust#2,131072,16,3.14999,524
Thrust#2,131072,16,3.14264,523
Thrust#2,131072,16,3.13989,525
Thrust#2,131072,16,3.14093,538
Thrust#2,131072,16,3.13992,525
Thrust#2,131072,16,3.13525,1666
Thrust#2,131072,16,3.13818,607
Thrust#2,131072,16,3.14728,573
Thrust#2,131072,16,3.14273,533
Thrust#2,131072,16,3.14465,531
Thrust#2,131072,16,3.1398,523
Thrust#2,131072,16,3.14145,533
Thrust#2,131072,16,3.14496,540
Thrust#2,131072,16,3.14096,531
Thrust#2,131072,16,3.13876,534
Thrust#2,131072,16,3.13177,530
Thrust#2,131072,16,3.14383,545
Thrust#2,131072,16,3.14584,536
Thrust#2,131072,16,3.14227,532
Thrust#2,131072,16,3.15161,532
Thrust#2,131072,16,3.13907,531
Thrust#2,131072,16,3.13956,541
Thrust#2,131072,16,3.14056,533
Thrust#2,131072,16,3.15137,547
Thrust#2,131072,16,3.1391,541
Thrust#2,131072,16,3.14896,537
Thrust#2,131072,16,3.14728,543
Thrust#2,131072,16,3.14673,537
Thrust#2,131072,16,3.14243,525
Thrust#2,131072,16,3.14014,527
Thrust#2,131072,16,3.13828,523
Thrust#2,131072,16,3.14868,526
Thrust#2,131072,16,3.14395,524
Thrust#2,131072,16,3.13477,527
Thrust#2,131072,16,3.13824,536
Thrust#2,131072,16,3.13779,535
Thrust#2,131072,16,3.13907,535
Thrust#2,131072,16,3.1394,540
Thrust#2,131072,16,3.14355,538
Thrust#2,131072,16,3.14371,534
Thrust#2,131072,16,3.13617,537
Thrust#2,131072,16,3.14734,539
Thrust#2,131072,16,3.13281,534
Thrust#2,131072,16,3.13773,536
Thrust#2,131072,16,3.13858,535
Thrust#2,131072,16,3.14139,539
Thrust#2,131072,16,3.15506,534
Thrust#2,131072,16,3.14651,536
Thrust#2,131072,16,3.13739,538
Thrust#2,131072,16,3.14169,540
Thrust#2,131072,16,3.13855,538
Thrust#2,131072,16,3.14197,529
Thrust#2,131072,16,3.14374,526
Thrust#2,131072,16,3.13757,529
Thrust#2,131072,16,3.14542,525
Thrust#2,131072,16,3.14374,525
Thrust#2,131072,16,3.14655,792
Thrust#2,131072,16,3.13019,548
Thrust#2,131072,16,3.13278,539
Thrust#2,131072,16,3.13831,528
Thrust#2,131072,16,3.14948,526
Thrust#2,131072,16,3.14371,530
Thrust#2,131072,16,3.15329,526
Thrust#2,131072,16,3.1405,525
Thrust#2,131072,16,3.13821,525
Thrust#2,131072,16,3.14023,530
Thrust#2,131072,16,3.14163,525
Thrust#2,131072,16,3.1409,526
Thrust#2,131072,16,3.14151,525
Thrust#2,131072,16,3.14697,529
Thrust#2,131072,16,3.13895,524
Thrust#2,131072,16,3.14279,537
Thrust#2,131072,16,3.14203,1625
Thrust#2,131072,16,3.13785,632
Thrust#2,131072,16,3.14499,573
Thrust#2,131072,16,3.14713,528
Thrust#2,131072,16,3.1412,541
Thrust#2,131072,16,3.1329,531
Thrust#2,131072,16,3.13818,535
Thrust#2,131072,16,3.14624,528
Thrust#2,131072,16,3.13965,532
Thrust#2,131072,16,3.14584,523
Thrust#2,131072,16,3.13391,536
Thrust#2,131072,16,3.13962,536
Thrust#2,131072,16,3.14035,531
Thrust#2,131072,16,3.14212,524
Thrust#2,131072,16,3.14676,529
Thrust#2,131072,16,3.14349,526
Thrust#2,131072,16,3.13818,536
Thrust#2,131072,32,3.15149,477
Thrust#2,131072,32,3.14905,482
Thrust#2,131072,32,3.14401,480
Thrust#2,131072,32,3.13837,467
Thrust#2,131072,32,3.14288,473
Thrust#2,131072,32,3.1394,478
Thrust#2,131072,32,3.15134,477
Thrust#2,131072,32,3.14255,470
Thrust#2,131072,32,3.13489,478
Thrust#2,131072,32,3.15018,470
Thrust#2,131072,32,3.14133,475
Thrust#2,131072,32,3.14169,468
Thrust#2,131072,32,3.14139,476
Thrust#2,131072,32,3.14005,478
Thrust#2,131072,32,3.13144,482
Thrust#2,131072,32,3.1416,467
Thrust#2,131072,32,3.14276,466
Thrust#2,131072,32,3.12851,480
Thrust#2,131072,32,3.14099,477
Thrust#2,131072,32,3.13599,475
Thrust#2,131072,32,3.13818,468
Thrust#2,131072,32,3.147,479
Thrust#2,131072,32,3.13983,474
Thrust#2,131072,32,3.13907,476
Thrust#2,131072,32,3.14636,474
Thrust#2,131072,32,3.14056,470
Thrust#2,131072,32,3.13794,475
Thrust#2,131072,32,3.14639,476
Thrust#2,131072,32,3.13684,473
Thrust#2,131072,32,3.14276,489
Thrust#2,131072,32,3.14053,497
Thrust#2,131072,32,3.1445,476
Thrust#2,131072,32,3.14532,475
Thrust#2,131072,32,3.13959,479
Thrust#2,131072,32,3.13873,476
Thrust#2,131072,32,3.14227,475
Thrust#2,131072,32,3.13864,475
Thrust#2,131072,32,3.14075,471
Thrust#2,131072,32,3.14343,468
Thrust#2,131072,32,3.13513,467
Thrust#2,131072,32,3.1405,476
Thrust#2,131072,32,3.1351,479
Thrust#2,131072,32,3.13501,475
Thrust#2,131072,32,3.14117,468
Thrust#2,131072,32,3.14566,501
Thrust#2,131072,32,3.13208,470
Thrust#2,131072,32,3.13791,480
Thrust#2,131072,32,3.13998,1706
Thrust#2,131072,32,3.14761,513
Thrust#2,131072,32,3.13962,474
Thrust#2,131072,32,3.13409,473
Thrust#2,131072,32,3.14056,478
Thrust#2,131072,32,3.14536,473
Thrust#2,131072,32,3.13846,475
Thrust#2,131072,32,3.13394,475
Thrust#2,131072,32,3.14365,485
Thrust#2,131072,32,3.13989,481
Thrust#2,131072,32,3.14673,483
Thrust#2,131072,32,3.14691,475
Thrust#2,131072,32,3.14377,477
Thrust#2,131072,32,3.13312,480
Thrust#2,131072,32,3.14972,476
Thrust#2,131072,32,3.14059,477
Thrust#2,131072,32,3.14929,469
Thrust#2,131072,32,3.13971,474
Thrust#2,131072,32,3.13812,468
Thrust#2,131072,32,3.13507,475
Thrust#2,131072,32,3.14218,478
Thrust#2,131072,32,3.14938,476
Thrust#2,131072,32,3.14621,476
Thrust#2,131072,32,3.1434,476
Thrust#2,131072,32,3.13528,471
Thrust#2,131072,32,3.14651,473
Thrust#2,131072,32,3.14667,474
Thrust#2,131072,32,3.14502,475
Thrust#2,131072,32,3.13715,479
Thrust#2,131072,32,3.14413,467
Thrust#2,131072,32,3.1514,476
Thrust#2,131072,32,3.13535,468
Thrust#2,131072,32,3.13379,490
Thrust#2,131072,32,3.14871,475
Thrust#2,131072,32,3.14191,468
Thrust#2,131072,32,3.14291,469
Thrust#2,131072,32,3.13809,470
Thrust#2,131072,32,3.14944,473
Thrust#2,131072,32,3.14856,474
Thrust#2,131072,32,3.13638,476
Thrust#2,131072,32,3.13724,471
Thrust#2,131072,32,3.14459,475
Thrust#2,131072,32,3.1319,467
Thrust#2,131072,32,3.13742,476
Thrust#2,131072,32,3.14014,472
Thrust#2,131072,32,3.14746,475
Thrust#2,131072,32,3.13873,475
Thrust#2,131072,32,3.14352,476
Thrust#2,131072,32,3.14877,470
Thrust#2,131072,32,3.13998,467
Thrust#2,131072,32,3.14053,467
Thrust#2,131072,32,3.14197,476
Thrust#2,131072,32,3.14374,480
Thrust#2,131072,64,3.13385,512
Thrust#2,131072,64,3.13376,502
Thrust#2,131072,64,3.14758,499
Thrust#2,131072,64,3.13992,504
Thrust#2,131072,64,3.14471,501
Thrust#2,131072,64,3.13708,507
Thrust#2,131072,64,3.14868,500
Thrust#2,131072,64,3.13651,504
Thrust#2,131072,64,3.13754,501
Thrust#2,131072,64,3.14719,515
Thrust#2,131072,64,3.14401,502
Thrust#2,131072,64,3.14124,503
Thrust#2,131072,64,3.15143,504
Thrust#2,131072,64,3.13971,1761
Thrust#2,131072,64,3.14468,554
Thrust#2,131072,64,3.14722,507
Thrust#2,131072,64,3.13953,516
Thrust#2,131072,64,3.13211,515
Thrust#2,131072,64,3.13818,515
Thrust#2,131072,64,3.13806,507
Thrust#2,131072,64,3.1503,509
Thrust#2,131072,64,3.13696,514
Thrust#2,131072,64,3.14282,508
Thrust#2,131072,64,3.13654,507
Thrust#2,131072,64,3.1329,516
Thrust#2,131072,64,3.14951,510
Thrust#2,131072,64,3.14261,501
Thrust#2,131072,64,3.13712,507
Thrust#2,131072,64,3.13922,500
Thrust#2,131072,64,3.14746,503
Thrust#2,131072,64,3.14798,501
Thrust#2,131072,64,3.15356,507
Thrust#2,131072,64,3.15298,498
Thrust#2,131072,64,3.13956,503
Thrust#2,131072,64,3.14987,499
Thrust#2,131072,64,3.14218,521
Thrust#2,131072,64,3.1394,507
Thrust#2,131072,64,3.13736,511
Thrust#2,131072,64,3.14642,500
Thrust#2,131072,64,3.14288,500
Thrust#2,131072,64,3.13644,501
Thrust#2,131072,64,3.14444,522
Thrust#2,131072,64,3.13647,502
Thrust#2,131072,64,3.13736,500
Thrust#2,131072,64,3.13629,500
Thrust#2,131072,64,3.1434,512
Thrust#2,131072,64,3.13467,510
Thrust#2,131072,64,3.13394,511
Thrust#2,131072,64,3.12689,500
Thrust#2,131072,64,3.14517,504
Thrust#2,131072,64,3.14236,501
Thrust#2,131072,64,3.13489,508
Thrust#2,131072,64,3.14047,500
Thrust#2,131072,64,3.13748,504
Thrust#2,131072,64,3.14331,500
Thrust#2,131072,64,3.13885,501
Thrust#2,131072,64,3.13806,499
Thrust#2,131072,64,3.13492,511
Thrust#2,131072,64,3.13602,509
Thrust#2,131072,64,3.13742,500
Thrust#2,131072,64,3.14822,502
Thrust#2,131072,64,3.13919,513
Thrust#2,131072,64,3.1384,508
Thrust#2,131072,64,3.13861,508
Thrust#2,131072,64,3.14774,510
Thrust#2,131072,64,3.14539,503
Thrust#2,131072,64,3.13974,508
Thrust#2,131072,64,3.14481,506
Thrust#2,131072,64,3.14514,508
Thrust#2,131072,64,3.14346,503
Thrust#2,131072,64,3.13486,502
Thrust#2,131072,64,3.14337,499
Thrust#2,131072,64,3.14758,500
Thrust#2,131072,64,3.1445,504
Thrust#2,131072,64,3.14175,500
Thrust#2,131072,64,3.13083,530
Thrust#2,131072,64,3.14233,1595
Thrust#2,131072,64,3.13995,606
Thrust#2,131072,64,3.13412,542
Thrust#2,131072,64,3.13712,508
Thrust#2,131072,64,3.14459,519
Thrust#2,131072,64,3.13687,520
Thrust#2,131072,64,3.13651,508
Thrust#2,131072,64,3.13602,515
Thrust#2,131072,64,3.14957,521
Thrust#2,131072,64,3.13818,503
Thrust#2,131072,64,3.14508,509
Thrust#2,131072,64,3.13385,513
Thrust#2,131072,64,3.14297,507
Thrust#2,131072,64,3.14316,508
Thrust#2,131072,64,3.1431,501
Thrust#2,131072,64,3.14804,502
Thrust#2,131072,64,3.14203,500
Thrust#2,131072,64,3.13443,500
Thrust#2,131072,64,3.13754,501
Thrust#2,131072,64,3.13211,510
Thrust#2,131072,64,3.14539,501
Thrust#2,131072,64,3.14075,499
Thrust#2,131072,64,3.14139,509
Thrust#2,131072,64,3.13489,503
Thrust#2,131072,128,3.1369,655
Thrust#2,131072,128,3.1373,676
Thrust#2,131072,128,3.1416,658
Thrust#2,131072,128,3.13968,661
Thrust#2,131072,128,3.14832,656
Thrust#2,131072,128,3.14316,659
Thrust#2,131072,128,3.14157,657
Thrust#2,131072,128,3.146,658
Thrust#2,131072,128,3.13837,668
Thrust#2,131072,128,3.14084,648
Thrust#2,131072,128,3.13803,655
Thrust#2,131072,128,3.14456,649
Thrust#2,131072,128,3.13834,646
Thrust#2,131072,128,3.13455,646
Thrust#2,131072,128,3.13904,648
Thrust#2,131072,128,3.13913,649
Thrust#2,131072,128,3.13913,646
Thrust#2,131072,128,3.1423,645
Thrust#2,131072,128,3.13443,647
Thrust#2,131072,128,3.14044,651
Thrust#2,131072,128,3.13885,649
Thrust#2,131072,128,3.14291,646
Thrust#2,131072,128,3.14069,646
Thrust#2,131072,128,3.14746,649
Thrust#2,131072,128,3.14529,646
Thrust#2,131072,128,3.13934,646
Thrust#2,131072,128,3.1362,647
Thrust#2,131072,128,3.14026,647
Thrust#2,131072,128,3.13348,658
Thrust#2,131072,128,3.14191,683
Thrust#2,131072,128,3.13635,661
Thrust#2,131072,128,3.14407,683
Thrust#2,131072,128,3.14584,666
Thrust#2,131072,128,3.13739,652
Thrust#2,131072,128,3.14804,646
Thrust#2,131072,128,3.13928,650
Thrust#2,131072,128,3.14398,646
Thrust#2,131072,128,3.14426,654
Thrust#2,131072,128,3.14651,652
Thrust#2,131072,128,3.1456,648
Thrust#2,131072,128,3.1431,647
Thrust#2,131072,128,3.14615,646
Thrust#2,131072,128,3.14474,647
Thrust#2,131072,128,3.14865,648
Thrust#2,131072,128,3.1416,646
Thrust#2,131072,128,3.13004,647
Thrust#2,131072,128,3.14474,647
Thrust#2,131072,128,3.14664,647
Thrust#2,131072,128,3.13916,646
Thrust#2,131072,128,3.14639,647
Thrust#2,131072,128,3.14316,646
Thrust#2,131072,128,3.14694,650
Thrust#2,131072,128,3.13602,652
Thrust#2,131072,128,3.1344,645
Thrust#2,131072,128,3.1434,648
Thrust#2,131072,128,3.14243,1856
Thrust#2,131072,128,3.1377,700
Thrust#2,131072,128,3.13602,658
Thrust#2,131072,128,3.14142,654
Thrust#2,131072,128,3.13995,647
Thrust#2,131072,128,3.14639,658
Thrust#2,131072,128,3.13538,651
Thrust#2,131072,128,3.14066,655
Thrust#2,131072,128,3.1434,667
Thrust#2,131072,128,3.13428,650
Thrust#2,131072,128,3.13742,646
Thrust#2,131072,128,3.15063,654
Thrust#2,131072,128,3.14264,666
Thrust#2,131072,128,3.14716,662
Thrust#2,131072,128,3.14447,667
Thrust#2,131072,128,3.13644,657
Thrust#2,131072,128,3.13535,646
Thrust#2,131072,128,3.13977,649
Thrust#2,131072,128,3.14505,646
Thrust#2,131072,128,3.14801,645
Thrust#2,131072,128,3.13379,645
Thrust#2,131072,128,3.14056,649
Thrust#2,131072,128,3.14154,650
Thrust#2,131072,128,3.13834,648
Thrust#2,131072,128,3.14301,645
Thrust#2,131072,128,3.13446,649
Thrust#2,131072,128,3.14127,656
Thrust#2,131072,128,3.14206,655
Thrust#2,131072,128,3.14111,645
Thrust#2,131072,128,3.14227,650
Thrust#2,131072,128,3.14301,647
Thrust#2,131072,128,3.13492,647
Thrust#2,131072,128,3.13651,646
Thrust#2,131072,128,3.14084,650
Thrust#2,131072,128,3.13712,645
Thrust#2,131072,128,3.13016,645
Thrust#2,131072,128,3.14423,652
Thrust#2,131072,128,3.14197,650
Thrust#2,131072,128,3.14328,645
Thrust#2,131072,128,3.13657,645
Thrust#2,131072,128,3.14224,652
Thrust#2,131072,128,3.14072,651
Thrust#2,131072,128,3.14655,646
Thrust#2,131072,128,3.13889,644
Thrust#2,131072,128,3.13831,645
Thrust#2,131072,256,3.13962,708
Thrust#2,131072,256,3.14926,703
Thrust#2,131072,256,3.14014,704
Thrust#2,131072,256,3.14474,1880
Thrust#2,131072,256,3.14005,752
Thrust#2,131072,256,3.14859,720
Thrust#2,131072,256,3.13736,713
Thrust#2,131072,256,3.14307,711
Thrust#2,131072,256,3.14655,704
Thrust#2,131072,256,3.14258,720
Thrust#2,131072,256,3.14185,715
Thrust#2,131072,256,3.13754,712
Thrust#2,131072,256,3.13715,927
Thrust#2,131072,256,3.13751,732
Thrust#2,131072,256,3.14685,716
Thrust#2,131072,256,3.14026,706
Thrust#2,131072,256,3.13812,706
Thrust#2,131072,256,3.13675,704
Thrust#2,131072,256,3.13718,708
Thrust#2,131072,256,3.13968,705
Thrust#2,131072,256,3.14236,704
Thrust#2,131072,256,3.13364,710
Thrust#2,131072,256,3.13202,707
Thrust#2,131072,256,3.1496,708
Thrust#2,131072,256,3.14224,717
Thrust#2,131072,256,3.13281,706
Thrust#2,131072,256,3.14517,707
Thrust#2,131072,256,3.13754,704
Thrust#2,131072,256,3.1412,704
Thrust#2,131072,256,3.14215,711
Thrust#2,131072,256,3.14389,722
Thrust#2,131072,256,3.14774,708
Thrust#2,131072,256,3.14371,705
Thrust#2,131072,256,3.14368,704
Thrust#2,131072,256,3.14166,708
Thrust#2,131072,256,3.14429,716
Thrust#2,131072,256,3.14539,703
Thrust#2,131072,256,3.14432,711
Thrust#2,131072,256,3.13553,706
Thrust#2,131072,256,3.13913,703
Thrust#2,131072,256,3.14404,724
Thrust#2,131072,256,3.14597,704
Thrust#2,131072,256,3.14362,706
Thrust#2,131072,256,3.14386,713
Thrust#2,131072,256,3.14111,704
Thrust#2,131072,256,3.14874,712
Thrust#2,131072,256,3.13574,707
Thrust#2,131072,256,3.1449,719
Thrust#2,131072,256,3.14706,1818
Thrust#2,131072,256,3.13718,753
Thrust#2,131072,256,3.14191,711
Thrust#2,131072,256,3.14029,711
Thrust#2,131072,256,3.14172,723
Thrust#2,131072,256,3.13275,721
Thrust#2,131072,256,3.13928,712
Thrust#2,131072,256,3.14655,715
Thrust#2,131072,256,3.13379,707
Thrust#2,131072,256,3.14322,703
Thrust#2,131072,256,3.14886,703
Thrust#2,131072,256,3.14584,711
Thrust#2,131072,256,3.14304,714
Thrust#2,131072,256,3.14548,712
Thrust#2,131072,256,3.13528,703
Thrust#2,131072,256,3.14075,712
Thrust#2,131072,256,3.1467,706
Thrust#2,131072,256,3.14279,713
Thrust#2,131072,256,3.13928,707
Thrust#2,131072,256,3.14151,712
Thrust#2,131072,256,3.14767,707
Thrust#2,131072,256,3.13751,702
Thrust#2,131072,256,3.14102,797
Thrust#2,131072,256,3.14453,715
Thrust#2,131072,256,3.13971,709
Thrust#2,131072,256,3.13541,721
Thrust#2,131072,256,3.14679,703
Thrust#2,131072,256,3.14969,714
Thrust#2,131072,256,3.13907,722
Thrust#2,131072,256,3.1394,733
Thrust#2,131072,256,3.13672,704
Thrust#2,131072,256,3.13745,718
Thrust#2,131072,256,3.13919,732
Thrust#2,131072,256,3.1474,713
Thrust#2,131072,256,3.14734,714
Thrust#2,131072,256,3.14169,713
Thrust#2,131072,256,3.13345,719
Thrust#2,131072,256,3.13861,708
Thrust#2,131072,256,3.14676,705
Thrust#2,131072,256,3.14511,712
Thrust#2,131072,256,3.14206,705
Thrust#2,131072,256,3.13898,701
Thrust#2,131072,256,3.14206,704
Thrust#2,131072,256,3.1413,712
Thrust#2,131072,256,3.14099,1905
Thrust#2,131072,256,3.14551,767
Thrust#2,131072,256,3.14639,718
Thrust#2,131072,256,3.14627,712
Thrust#2,131072,256,3.13959,713
Thrust#2,131072,256,3.13904,714
Thrust#2,131072,256,3.13666,711
Thrust#2,131072,256,3.1517,720
Thrust#2,131072,512,3.13638,1015
Thrust#2,131072,512,3.14435,1007
Thrust#2,131072,512,3.14102,1008
Thrust#2,131072,512,3.14462,1006
Thrust#2,131072,512,3.14261,1006
Thrust#2,131072,512,3.13922,1017
Thrust#2,131072,512,3.14719,1020
Thrust#2,131072,512,3.14755,1005
Thrust#2,131072,512,3.14966,1005
Thrust#2,131072,512,3.14563,1008
Thrust#2,131072,512,3.13785,1010
Thrust#2,131072,512,3.1441,1005
Thrust#2,131072,512,3.13577,1005
Thrust#2,131072,512,3.14722,1009
Thrust#2,131072,512,3.14612,1010
Thrust#2,131072,512,3.14093,1006
Thrust#2,131072,512,3.14389,1006
Thrust#2,131072,512,3.14459,1066
Thrust#2,131072,512,3.13663,1009
Thrust#2,131072,512,3.14377,1006
Thrust#2,131072,512,3.14594,1011
Thrust#2,131072,512,3.146,1009
Thrust#2,131072,512,3.14108,1008
Thrust#2,131072,512,3.14703,1005
Thrust#2,131072,512,3.14285,1007
Thrust#2,131072,512,3.14203,1008
Thrust#2,131072,512,3.13879,2151
Thrust#2,131072,512,3.14285,1050
Thrust#2,131072,512,3.14441,1033
Thrust#2,131072,512,3.14828,1009
Thrust#2,131072,512,3.13049,1007
Thrust#2,131072,512,3.14511,1025
Thrust#2,131072,512,3.13596,1009
Thrust#2,131072,512,3.1438,1018
Thrust#2,131072,512,3.14774,1012
Thrust#2,131072,512,3.14481,1010
Thrust#2,131072,512,3.14008,1006
Thrust#2,131072,512,3.14563,1010
Thrust#2,131072,512,3.14526,1010
Thrust#2,131072,512,3.14108,1011
Thrust#2,131072,512,3.1434,1005
Thrust#2,131072,512,3.14798,1005
Thrust#2,131072,512,3.14453,1007
Thrust#2,131072,512,3.14273,1014
Thrust#2,131072,512,3.14285,1007
Thrust#2,131072,512,3.14655,1007
Thrust#2,131072,512,3.14258,1006
Thrust#2,131072,512,3.15005,1023
Thrust#2,131072,512,3.14545,1015
Thrust#2,131072,512,3.14117,1007
Thrust#2,131072,512,3.14429,1006
Thrust#2,131072,512,3.13385,1009
Thrust#2,131072,512,3.13818,1008
Thrust#2,131072,512,3.14008,1006
Thrust#2,131072,512,3.13745,1015
Thrust#2,131072,512,3.14752,1016
Thrust#2,131072,512,3.13385,1005
Thrust#2,131072,512,3.13623,1006
Thrust#2,131072,512,3.14212,1006
Thrust#2,131072,512,3.14557,1010
Thrust#2,131072,512,3.14539,1008
Thrust#2,131072,512,3.14044,1009
Thrust#2,131072,512,3.14581,1009
Thrust#2,131072,512,3.14322,1010
Thrust#2,131072,512,3.14984,1008
Thrust#2,131072,512,3.13977,1011
Thrust#2,131072,512,3.14041,1007
Thrust#2,131072,512,3.13821,1027
Thrust#2,131072,512,3.13635,1006
Thrust#2,131072,512,3.15231,1005
Thrust#2,131072,512,3.14056,1018
Thrust#2,131072,512,3.1441,1022
Thrust#2,131072,512,3.14072,1018
Thrust#2,131072,512,3.1377,1012
Thrust#2,131072,512,3.14389,2213
Thrust#2,131072,512,3.14191,1058
Thrust#2,131072,512,3.14816,1013
Thrust#2,131072,512,3.13962,1027
Thrust#2,131072,512,3.13907,1015
Thrust#2,131072,512,3.14423,1020
Thrust#2,131072,512,3.14807,1006
Thrust#2,131072,512,3.138,1052
Thrust#2,131072,512,3.14203,1031
Thrust#2,131072,512,3.14456,1012
Thrust#2,131072,512,3.15094,1015
Thrust#2,131072,512,3.14639,1014
Thrust#2,131072,512,3.14349,1006
Thrust#2,131072,512,3.14917,1006
Thrust#2,131072,512,3.13501,1021
Thrust#2,131072,512,3.13934,1016
Thrust#2,131072,512,3.13849,1007
Thrust#2,131072,512,3.13657,1006
Thrust#2,131072,512,3.14578,1007
Thrust#2,131072,512,3.14548,1009
Thrust#2,131072,512,3.13885,1007
Thrust#2,131072,512,3.14597,1007
Thrust#2,131072,512,3.14331,1010
Thrust#2,131072,512,3.14334,1010
Thrust#2,131072,512,3.14462,1006
Thrust#2,131072,512,3.13925,1005
Thrust#2,131072,1024,3.13983,1802
Thrust#2,131072,1024,3.13675,1816
Thrust#2,131072,1024,3.13773,1804
Thrust#2,131072,1024,3.15424,2926
Thrust#2,131072,1024,3.14175,1846
Thrust#2,131072,1024,3.14059,1808
Thrust#2,131072,1024,3.13141,1818
Thrust#2,131072,1024,3.14349,1805
Thrust#2,131072,1024,3.13623,1800
Thrust#2,131072,1024,3.13565,1801
Thrust#2,131072,1024,3.13596,1801
Thrust#2,131072,1024,3.14539,1806
Thrust#2,131072,1024,3.13528,1817
Thrust#2,131072,1024,3.13016,1809
Thrust#2,131072,1024,3.13916,1802
Thrust#2,131072,1024,3.14261,1805
Thrust#2,131072,1024,3.13879,1802
Thrust#2,131072,1024,3.14218,1802
Thrust#2,131072,1024,3.14001,1802
Thrust#2,131072,1024,3.14438,1816
Thrust#2,131072,1024,3.13837,1803
Thrust#2,131072,1024,3.14096,2965
Thrust#2,131072,1024,3.13708,1890
Thrust#2,131072,1024,3.13882,1821
Thrust#2,131072,1024,3.1384,1810
Thrust#2,131072,1024,3.14139,1804
Thrust#2,131072,1024,3.13809,1807
Thrust#2,131072,1024,3.14081,2077
Thrust#2,131072,1024,3.13312,1842
Thrust#2,131072,1024,3.1463,1801
Thrust#2,131072,1024,3.13351,1814
Thrust#2,131072,1024,3.14224,1820
Thrust#2,131072,1024,3.14832,1820
Thrust#2,131072,1024,3.14084,1801
Thrust#2,131072,1024,3.13776,1804
Thrust#2,131072,1024,3.14603,1822
Thrust#2,131072,1024,3.1485,3003
Thrust#2,131072,1024,3.14069,1876
Thrust#2,131072,1024,3.1369,1818
Thrust#2,131072,1024,3.14465,1820
Thrust#2,131072,1024,3.14798,1829
Thrust#2,131072,1024,3.13943,1824
Thrust#2,131072,1024,3.14767,1814
Thrust#2,131072,1024,3.14191,1811
Thrust#2,131072,1024,3.14691,1813
Thrust#2,131072,1024,3.151,1810
Thrust#2,131072,1024,3.13849,1812
Thrust#2,131072,1024,3.138,1813
Thrust#2,131072,1024,3.13635,1844
Thrust#2,131072,1024,3.13898,1814
Thrust#2,131072,1024,3.14102,1820
Thrust#2,131072,1024,3.13904,1823
Thrust#2,131072,1024,3.14325,1830
Thrust#2,131072,1024,3.13733,1812
Thrust#2,131072,1024,3.1424,1801
Thrust#2,131072,1024,3.14319,1803
Thrust#2,131072,1024,3.14804,3009
Thrust#2,131072,1024,3.14212,1873
Thrust#2,131072,1024,3.1402,1834
Thrust#2,131072,1024,3.13943,1812
Thrust#2,131072,1024,3.15167,1813
Thrust#2,131072,1024,3.14935,1815
Thrust#2,131072,1024,3.14444,1815
Thrust#2,131072,1024,3.13889,1828
Thrust#2,131072,1024,3.142,1829
Thrust#2,131072,1024,3.14197,1811
Thrust#2,131072,1024,3.15216,1812
Thrust#2,131072,1024,3.13992,1825
Thrust#2,131072,1024,3.13776,1820
Thrust#2,131072,1024,3.13739,1834
Thrust#2,131072,1024,3.14706,1832
Thrust#2,131072,1024,3.13953,1812
Thrust#2,131072,1024,3.1413,1823
Thrust#2,131072,1024,3.14246,3019
Thrust#2,131072,1024,3.1362,1848
Thrust#2,131072,1024,3.14127,1822
Thrust#2,131072,1024,3.14417,1814
Thrust#2,131072,1024,3.13742,1802
Thrust#2,131072,1024,3.13431,1812
Thrust#2,131072,1024,3.14365,1815
Thrust#2,131072,1024,3.14206,1812
Thrust#2,131072,1024,3.15121,1811
Thrust#2,131072,1024,3.14017,1812
Thrust#2,131072,1024,3.13879,1814
Thrust#2,131072,1024,3.13736,1812
Thrust#2,131072,1024,3.14682,1811
Thrust#2,131072,1024,3.14148,1811
Thrust#2,131072,1024,3.14359,1818
Thrust#2,131072,1024,3.13904,1812
Thrust#2,131072,1024,3.14261,1820
Thrust#2,131072,1024,3.12997,1817
Thrust#2,131072,1024,3.14114,1811
Thrust#2,131072,1024,3.14236,1802
Thrust#2,131072,1024,3.14044,1802
Thrust#2,131072,1024,3.1431,1810
Thrust#2,131072,1024,3.14459,1814
Thrust#2,131072,1024,3.14697,1825
Thrust#2,131072,1024,3.13382,1816
Thrust#2,131072,1024,3.1441,1821
Thrust#2,131072,1024,3.14127,1820
Thrust#2,131072,2048,3.13794,4706
Thrust#2,131072,2048,3.13992,3531
Thrust#2,131072,2048,3.14499,3482
Thrust#2,131072,2048,3.14511,3474
Thrust#2,131072,2048,3.13525,3502
Thrust#2,131072,2048,3.14197,3484
Thrust#2,131072,2048,3.13959,3467
Thrust#2,131072,2048,3.14813,3475
Thrust#2,131072,2048,3.13483,3492
Thrust#2,131072,2048,3.1456,3475
Thrust#2,131072,2048,3.14166,4713
Thrust#2,131072,2048,3.13904,3527
Thrust#2,131072,2048,3.14178,3475
Thrust#2,131072,2048,3.13367,3476
Thrust#2,131072,2048,3.14188,3474
Thrust#2,131072,2048,3.14801,3499
Thrust#2,131072,2048,3.14417,3484
Thrust#2,131072,2048,3.13962,3467
Thrust#2,131072,2048,3.14194,3474
Thrust#2,131072,2048,3.13806,4652
Thrust#2,131072,2048,3.13757,3537
Thrust#2,131072,2048,3.14676,3478
Thrust#2,131072,2048,3.1413,3476
Thrust#2,131072,2048,3.13995,3488
Thrust#2,131072,2048,3.14191,3483
Thrust#2,131072,2048,3.1369,3512
Thrust#2,131072,2048,3.14008,3485
Thrust#2,131072,2048,3.14264,3468
Thrust#2,131072,2048,3.14401,4666
Thrust#2,131072,2048,3.14081,3542
Thrust#2,131072,2048,3.13345,3478
Thrust#2,131072,2048,3.14246,3474
Thrust#2,131072,2048,3.12659,3484
Thrust#2,131072,2048,3.14978,3484
Thrust#2,131072,2048,3.146,3475
Thrust#2,131072,2048,3.13724,3505
Thrust#2,131072,2048,3.14597,3490
Thrust#2,131072,2048,3.13867,4707
Thrust#2,131072,2048,3.1416,3551
Thrust#2,131072,2048,3.14734,3482
Thrust#2,131072,2048,3.14517,3477
Thrust#2,131072,2048,3.1395,3473
Thrust#2,131072,2048,3.14011,3476
Thrust#2,131072,2048,3.14395,3474
Thrust#2,131072,2048,3.13614,3495
Thrust#2,131072,2048,3.13452,3495
Thrust#2,131072,2048,3.13312,3484
Thrust#2,131072,2048,3.13351,3464
Thrust#2,131072,2048,3.14572,3490
Thrust#2,131072,2048,3.13934,3473
Thrust#2,131072,2048,3.13763,3486
Thrust#2,131072,2048,3.1394,4673
Thrust#2,131072,2048,3.14514,3542
Thrust#2,131072,2048,3.14136,3466
Thrust#2,131072,2048,3.15009,3479
Thrust#2,131072,2048,3.14127,3499
Thrust#2,131072,2048,3.14258,3492
Thrust#2,131072,2048,3.13971,3789
Thrust#2,131072,2048,3.14886,3472
Thrust#2,131072,2048,3.13724,3476
Thrust#2,131072,2048,3.14017,4710
Thrust#2,131072,2048,3.14722,3545
Thrust#2,131072,2048,3.14529,3474
Thrust#2,131072,2048,3.1452,3466
Thrust#2,131072,2048,3.14267,3486
Thrust#2,131072,2048,3.13654,3496
Thrust#2,131072,2048,3.13794,3495
Thrust#2,131072,2048,3.14081,3467
Thrust#2,131072,2048,3.13538,3493
Thrust#2,131072,2048,3.14856,3478
Thrust#2,131072,2048,3.14145,4632
Thrust#2,131072,2048,3.13861,3515
Thrust#2,131072,2048,3.14203,3472
Thrust#2,131072,2048,3.14026,3487
Thrust#2,131072,2048,3.14093,3485
Thrust#2,131072,2048,3.1402,3489
Thrust#2,131072,2048,3.13177,3490
Thrust#2,131072,2048,3.14008,3469
Thrust#2,131072,2048,3.13782,3475
Thrust#2,131072,2048,3.14026,4760
Thrust#2,131072,2048,3.14536,3506
Thrust#2,131072,2048,3.13861,3473
Thrust#2,131072,2048,3.14053,3474
Thrust#2,131072,2048,3.13885,3476
Thrust#2,131072,2048,3.13342,3488
Thrust#2,131072,2048,3.13611,3502
Thrust#2,131072,2048,3.14392,3497
Thrust#2,131072,2048,3.13702,3471
Thrust#2,131072,2048,3.13428,4677
Thrust#2,131072,2048,3.14423,3535
Thrust#2,131072,2048,3.14587,3474
Thrust#2,131072,2048,3.15015,3481
Thrust#2,131072,2048,3.13989,3474
Thrust#2,131072,2048,3.13977,3478
Thrust#2,131072,2048,3.14001,3478
Thrust#2,131072,2048,3.14392,3493
Thrust#2,131072,2048,3.14062,3485
Thrust#2,131072,2048,3.13882,3468
Thrust#2,131072,2048,3.13971,3501
Thrust#2,131072,2048,3.13434,3504
Thrust#2,131072,4096,3.1441,6845
Thrust#2,131072,4096,3.13824,8088
Thrust#2,131072,4096,3.14771,6859
Thrust#2,131072,4096,3.14343,6861
Thrust#2,131072,4096,3.14124,6824
Thrust#2,131072,4096,3.13913,6818
Thrust#2,131072,4096,3.14496,7904
Thrust#2,131072,4096,3.14539,6934
Thrust#2,131072,4096,3.14175,6893
Thrust#2,131072,4096,3.1543,6832
Thrust#2,131072,4096,3.14536,6812
Thrust#2,131072,4096,3.14114,8053
Thrust#2,131072,4096,3.14032,6874
Thrust#2,131072,4096,3.14554,6854
Thrust#2,131072,4096,3.14572,6828
Thrust#2,131072,4096,3.14331,7998
Thrust#2,131072,4096,3.14319,6864
Thrust#2,131072,4096,3.14645,6820
Thrust#2,131072,4096,3.1351,6810
Thrust#2,131072,4096,3.14441,6851
Thrust#2,131072,4096,3.13855,6829
Thrust#2,131072,4096,3.14432,6819
Thrust#2,131072,4096,3.13742,8048
Thrust#2,131072,4096,3.1387,6863
Thrust#2,131072,4096,3.13724,6839
Thrust#2,131072,4096,3.13541,6822
Thrust#2,131072,4096,3.14261,6817
Thrust#2,131072,4096,3.1409,8024
Thrust#2,131072,4096,3.14218,6854
Thrust#2,131072,4096,3.14148,6818
Thrust#2,131072,4096,3.1438,6846
Thrust#2,131072,4096,3.14868,6822
Thrust#2,131072,4096,3.14987,8032
Thrust#2,131072,4096,3.13281,6862
Thrust#2,131072,4096,3.14771,6818
Thrust#2,131072,4096,3.14383,6843
Thrust#2,131072,4096,3.14743,6826
Thrust#2,131072,4096,3.13797,6817
Thrust#2,131072,4096,3.13876,6820
Thrust#2,131072,4096,3.14209,8027
Thrust#2,131072,4096,3.14587,6879
Thrust#2,131072,4096,3.15164,6836
Thrust#2,131072,4096,3.14462,6817
Thrust#2,131072,4096,3.14331,6821
Thrust#2,131072,4096,3.1445,8050
Thrust#2,131072,4096,3.13934,6862
Thrust#2,131072,4096,3.14557,6845
Thrust#2,131072,4096,3.14017,6834
Thrust#2,131072,4096,3.14447,8002
Thrust#2,131072,4096,3.14038,6863
Thrust#2,131072,4096,3.14267,6816
Thrust#2,131072,4096,3.14072,6848
Thrust#2,131072,4096,3.13434,6826
Thrust#2,131072,4096,3.14584,8091
Thrust#2,131072,4096,3.14264,6855
Thrust#2,131072,4096,3.14209,6819
Thrust#2,131072,4096,3.14389,6855
Thrust#2,131072,4096,3.14029,6828
Thrust#2,131072,4096,3.1423,6815
Thrust#2,131072,4096,3.14343,6819
Thrust#2,131072,4096,3.14032,8007
Thrust#2,131072,4096,3.14838,6870
Thrust#2,131072,4096,3.14441,6834
Thrust#2,131072,4096,3.1402,6835
Thrust#2,131072,4096,3.13058,6820
Thrust#2,131072,4096,3.13785,8046
Thrust#2,131072,4096,3.1398,6853
Thrust#2,131072,4096,3.13541,6866
Thrust#2,131072,4096,3.14499,6835
Thrust#2,131072,4096,3.14182,7971
Thrust#2,131072,4096,3.14386,6857
Thrust#2,131072,4096,3.13834,6819
Thrust#2,131072,4096,3.14731,6847
Thrust#2,131072,4096,3.138,6844
Thrust#2,131072,4096,3.14883,8134
Thrust#2,131072,4096,3.1427,6872
Thrust#2,131072,4096,3.14481,6827
Thrust#2,131072,4096,3.13846,6824
Thrust#2,131072,4096,3.13498,6844
Thrust#2,131072,4096,3.14441,6834
Thrust#2,131072,4096,3.13962,6800
Thrust#2,131072,4096,3.14026,8026
Thrust#2,131072,4096,3.14203,6859
Thrust#2,131072,4096,3.14011,6849
Thrust#2,131072,4096,3.14328,6822
Thrust#2,131072,4096,3.13794,6819
Thrust#2,131072,4096,3.13968,8054
Thrust#2,131072,4096,3.14011,6855
Thrust#2,131072,4096,3.14584,6841
Thrust#2,131072,4096,3.14243,6835
Thrust#2,131072,4096,3.14014,6812
Thrust#2,131072,4096,3.14062,8008
Thrust#2,131072,4096,3.13892,6864
Thrust#2,131072,4096,3.13593,6825
Thrust#2,131072,4096,3.13678,6845
Thrust#2,131072,4096,3.13638,8118
Thrust#2,131072,4096,3.14169,6953
Thrust#2,131072,4096,3.13522,7023
Thrust#2,131072,4096,3.14148,6902
Thrust#2,131072,4096,3.14062,6927
Thrust#2,131072,8192,3.14093,13646
Thrust#2,131072,8192,3.14261,14490
Thrust#2,131072,8192,3.14948,13669
Thrust#2,131072,8192,3.14099,13730
Thrust#2,131072,8192,3.14059,14719
Thrust#2,131072,8192,3.14301,13640
Thrust#2,131072,8192,3.13919,14652
Thrust#2,131072,8192,3.14026,13843
Thrust#2,131072,8192,3.14752,13676
Thrust#2,131072,8192,3.14252,13596
Thrust#2,131072,8192,3.13971,14701
Thrust#2,131072,8192,3.14148,13612
Thrust#2,131072,8192,3.1351,13672
Thrust#2,131072,8192,3.14014,14643
Thrust#2,131072,8192,3.13461,13604
Thrust#2,131072,8192,3.14334,13540
Thrust#2,131072,8192,3.14502,15488
Thrust#2,131072,8192,3.14676,14163
Thrust#2,131072,8192,3.14606,13645
Thrust#2,131072,8192,3.1369,14000
Thrust#2,131072,8192,3.13153,13545
Thrust#2,131072,8192,3.13528,15511
Thrust#2,131072,8192,3.14737,15050
Thrust#2,131072,8192,3.14728,13851
Thrust#2,131072,8192,3.13336,14665
Thrust#2,131072,8192,3.1304,13624
Thrust#2,131072,8192,3.14606,13532
Thrust#2,131072,8192,3.14572,14658
Thrust#2,131072,8192,3.14066,13636
Thrust#2,131072,8192,3.14352,13532
Thrust#2,131072,8192,3.13501,14682
Thrust#2,131072,8192,3.14014,13547
Thrust#2,131072,8192,3.13855,13503
Thrust#2,131072,8192,3.1395,14709
Thrust#2,131072,8192,3.14096,13562
Thrust#2,131072,8192,3.14584,13502
Thrust#2,131072,8192,3.13867,14664
Thrust#2,131072,8192,3.14639,13543
Thrust#2,131072,8192,3.15225,13484
Thrust#2,131072,8192,3.13345,14703
Thrust#2,131072,8192,3.13528,13535
Thrust#2,131072,8192,3.13623,13501
Thrust#2,131072,8192,3.14084,14682
Thrust#2,131072,8192,3.13803,13545
Thrust#2,131072,8192,3.14038,13501
Thrust#2,131072,8192,3.14169,14709
Thrust#2,131072,8192,3.14807,13574
Thrust#2,131072,8192,3.14087,13510
Thrust#2,131072,8192,3.14713,14669
Thrust#2,131072,8192,3.14642,13554
Thrust#2,131072,8192,3.13104,13519
Thrust#2,131072,8192,3.13858,14675
Thrust#2,131072,8192,3.1366,13553
Thrust#2,131072,8192,3.14957,13502
Thrust#2,131072,8192,3.13806,14687
Thrust#2,131072,8192,3.13562,13552
Thrust#2,131072,8192,3.14743,13510
Thrust#2,131072,8192,3.1431,14706
Thrust#2,131072,8192,3.13705,13551
Thrust#2,131072,8192,3.14993,13482
Thrust#2,131072,8192,3.1394,14683
Thrust#2,131072,8192,3.13586,13551
Thrust#2,131072,8192,3.13113,13515
Thrust#2,131072,8192,3.14731,14715
Thrust#2,131072,8192,3.14536,13553
Thrust#2,131072,8192,3.13513,13524
Thrust#2,131072,8192,3.14597,14649
Thrust#2,131072,8192,3.1434,13554
Thrust#2,131072,8192,3.14291,13502
Thrust#2,131072,8192,3.14273,14706
Thrust#2,131072,8192,3.13504,13557
Thrust#2,131072,8192,3.14819,13499
Thrust#2,131072,8192,3.14435,14670
Thrust#2,131072,8192,3.13507,13534
Thrust#2,131072,8192,3.15051,13492
Thrust#2,131072,8192,3.14645,14689
Thrust#2,131072,8192,3.13626,13551
Thrust#2,131072,8192,3.13702,13508
Thrust#2,131072,8192,3.13498,14674
Thrust#2,131072,8192,3.13705,13551
Thrust#2,131072,8192,3.13782,13514
Thrust#2,131072,8192,3.14838,14705
Thrust#2,131072,8192,3.14133,13556
Thrust#2,131072,8192,3.14618,13535
Thrust#2,131072,8192,3.13974,14591
Thrust#2,131072,8192,3.14056,13567
Thrust#2,131072,8192,3.13126,13519
Thrust#2,131072,8192,3.14655,14714
Thrust#2,131072,8192,3.1485,13556
Thrust#2,131072,8192,3.14282,13500
Thrust#2,131072,8192,3.14545,14677
Thrust#2,131072,8192,3.14255,13553
Thrust#2,131072,8192,3.14594,13506
Thrust#2,131072,8192,3.13934,14685
Thrust#2,131072,8192,3.13635,13595
Thrust#2,131072,8192,3.13763,13517
Thrust#2,131072,8192,3.14713,14536
Thrust#2,131072,8192,3.14392,13610
Thrust#2,131072,8192,3.14758,13526
Thrust#2,131072,8192,3.13928,14691
Thrust#2,131072,16384,3.13968,26872
Thrust#2,131072,16384,3.13998,27953
Thrust#2,131072,16384,3.14334,26876
Thrust#2,131072,16384,3.14288,28002
Thrust#2,131072,16384,3.14182,26876
Thrust#2,131072,16384,3.14575,28037
Thrust#2,131072,16384,3.14276,26893
Thrust#2,131072,16384,3.13934,27958
Thrust#2,131072,16384,3.14169,26875
Thrust#2,131072,16384,3.14154,27981
Thrust#2,131072,16384,3.14096,26893
Thrust#2,131072,16384,3.14276,28048
Thrust#2,131072,16384,3.14737,26870
Thrust#2,131072,16384,3.13666,27965
Thrust#2,131072,16384,3.14099,26870
Thrust#2,131072,16384,3.14636,27998
Thrust#2,131072,16384,3.1366,26876
Thrust#2,131072,16384,3.14395,28051
Thrust#2,131072,16384,3.13855,26872
Thrust#2,131072,16384,3.14471,27931
Thrust#2,131072,16384,3.14197,26873
Thrust#2,131072,16384,3.14301,27975
Thrust#2,131072,16384,3.1445,26874
Thrust#2,131072,16384,3.14917,28051
Thrust#2,131072,16384,3.13852,26872
Thrust#2,131072,16384,3.1398,27957
Thrust#2,131072,16384,3.13174,26875
Thrust#2,131072,16384,3.1507,27999
Thrust#2,131072,16384,3.13571,26866
Thrust#2,131072,16384,3.1351,28060
Thrust#2,131072,16384,3.14468,26865
Thrust#2,131072,16384,3.1424,27967
Thrust#2,131072,16384,3.14612,26870
Thrust#2,131072,16384,3.1402,28011
Thrust#2,131072,16384,3.14227,27023
Thrust#2,131072,16384,3.13507,27892
Thrust#2,131072,16384,3.14838,27061
Thrust#2,131072,16384,3.1459,27958
Thrust#2,131072,16384,3.13586,26880
Thrust#2,131072,16384,3.14569,27991
Thrust#2,131072,16384,3.14578,26872
Thrust#2,131072,16384,3.13794,28054
Thrust#2,131072,16384,3.14233,26870
Thrust#2,131072,16384,3.14206,27942
Thrust#2,131072,16384,3.1394,26872
Thrust#2,131072,16384,3.15158,27982
Thrust#2,131072,16384,3.14487,26877
Thrust#2,131072,16384,3.13684,27995
Thrust#2,131072,16384,3.13312,26875
Thrust#2,131072,16384,3.14587,27965
Thrust#2,131072,16384,3.1402,26862
Thrust#2,131072,16384,3.14221,27994
Thrust#2,131072,16384,3.14505,26852
Thrust#2,131072,16384,3.14273,28046
Thrust#2,131072,16384,3.13892,26873
Thrust#2,131072,16384,3.13873,27950
Thrust#2,131072,16384,3.15097,26871
Thrust#2,131072,16384,3.13113,27999
Thrust#2,131072,16384,3.14572,26866
Thrust#2,131072,16384,3.14755,28035
Thrust#2,131072,16384,3.14005,26874
Thrust#2,131072,16384,3.13779,27963
Thrust#2,131072,16384,3.13956,26875
Thrust#2,131072,16384,3.14459,28009
Thrust#2,131072,16384,3.13663,26896
Thrust#2,131072,16384,3.13187,28029
Thrust#2,131072,16384,3.13443,26893
Thrust#2,131072,16384,3.13531,27946
Thrust#2,131072,16384,3.13968,26895
Thrust#2,131072,16384,3.13669,27976
Thrust#2,131072,16384,3.1373,26883
Thrust#2,131072,16384,3.14108,28096
Thrust#2,131072,16384,3.1424,26872
Thrust#2,131072,16384,3.13614,27954
Thrust#2,131072,16384,3.13361,26888
Thrust#2,131072,16384,3.14099,27990
Thrust#2,131072,16384,3.13577,26899
Thrust#2,131072,16384,3.14487,28038
Thrust#2,131072,16384,3.13599,26877
Thrust#2,131072,16384,3.14865,27969
Thrust#2,131072,16384,3.14532,26896
Thrust#2,131072,16384,3.14102,27987
Thrust#2,131072,16384,3.14297,26882
Thrust#2,131072,16384,3.14062,28029
Thrust#2,131072,16384,3.14563,26876
Thrust#2,131072,16384,3.14508,27933
Thrust#2,131072,16384,3.14636,26892
Thrust#2,131072,16384,3.13754,27915
Thrust#2,131072,16384,3.1377,26881
Thrust#2,131072,16384,3.13831,28050
Thrust#2,131072,16384,3.14502,26865
Thrust#2,131072,16384,3.13806,27971
Thrust#2,131072,16384,3.13162,26872
Thrust#2,131072,16384,3.1405,27966
Thrust#2,131072,16384,3.13257,26874
Thrust#2,131072,16384,3.13464,28027
Thrust#2,131072,16384,3.14023,26866
Thrust#2,131072,16384,3.14059,27951
Thrust#2,131072,16384,3.13925,26877
Thrust#2,131072,16384,3.1322,27983
Thrust#2,131072,32768,3.14731,53529
Thrust#2,131072,32768,3.14908,54686
Thrust#2,131072,32768,3.14517,54465
Thrust#2,131072,32768,3.14655,54751
Thrust#2,131072,32768,3.14743,53539
Thrust#2,131072,32768,3.13986,54548
Thrust#2,131072,32768,3.14258,54578
Thrust#2,131072,32768,3.14062,53647
Thrust#2,131072,32768,3.14859,54447
Thrust#2,131072,32768,3.14453,54731
Thrust#2,131072,32768,3.1438,53587
Thrust#2,131072,32768,3.14688,54704
Thrust#2,131072,32768,3.13788,54415
Thrust#2,131072,32768,3.13589,54709
Thrust#2,131072,32768,3.13693,53599
Thrust#2,131072,32768,3.14572,54519
Thrust#2,131072,32768,3.13763,54698
Thrust#2,131072,32768,3.13782,53644
Thrust#2,131072,32768,3.15213,54463
Thrust#2,131072,32768,3.1366,54710
Thrust#2,131072,32768,3.14377,53618
Thrust#2,131072,32768,3.1485,54516
Thrust#2,131072,32768,3.13953,54664
Thrust#2,131072,32768,3.14557,53646
Thrust#2,131072,32768,3.14209,54521
Thrust#2,131072,32768,3.1391,54861
Thrust#2,131072,32768,3.14343,53574
Thrust#2,131072,32768,3.15121,54500
Thrust#2,131072,32768,3.13885,54642
Thrust#2,131072,32768,3.14651,53587
Thrust#2,131072,32768,3.13623,54780
Thrust#2,131072,32768,3.13815,54399
Thrust#2,131072,32768,3.1423,54677
Thrust#2,131072,32768,3.14413,53580
Thrust#2,131072,32768,3.14557,54870
Thrust#2,131072,32768,3.13803,54462
Thrust#2,131072,32768,3.14212,54683
Thrust#2,131072,32768,3.14081,53633
Thrust#2,131072,32768,3.13522,54813
Thrust#2,131072,32768,3.15088,54407
Thrust#2,131072,32768,3.14813,55030
Thrust#2,131072,32768,3.14056,53535
Thrust#2,131072,32768,3.14124,54509
Thrust#2,131072,32768,3.14294,54715
Thrust#2,131072,32768,3.13519,53595
Thrust#2,131072,32768,3.15048,54521
Thrust#2,131072,32768,3.14059,54645
Thrust#2,131072,32768,3.146,53611
Thrust#2,131072,32768,3.13977,54460
Thrust#2,131072,32768,3.14374,54729
Thrust#2,131072,32768,3.15063,53618
Thrust#2,131072,32768,3.14288,54498
Thrust#2,131072,32768,3.14374,54639
Thrust#2,131072,32768,3.14001,53652
Thrust#2,131072,32768,3.14893,54448
Thrust#2,131072,32768,3.14371,54760
Thrust#2,131072,32768,3.14282,53571
Thrust#2,131072,32768,3.14709,54722
Thrust#2,131072,32768,3.13672,54418
Thrust#2,131072,32768,3.1438,54733
Thrust#2,131072,32768,3.14267,53606
Thrust#2,131072,32768,3.13571,54572
Thrust#2,131072,32768,3.14841,54672
Thrust#2,131072,32768,3.13971,53661
Thrust#2,131072,32768,3.14056,54455
Thrust#2,131072,32768,3.14777,54734
Thrust#2,131072,32768,3.14606,53580
Thrust#2,131072,32768,3.13885,54698
Thrust#2,131072,32768,3.14716,54473
Thrust#2,131072,32768,3.13931,54665
Thrust#2,131072,32768,3.1488,53605
Thrust#2,131072,32768,3.14249,54501
Thrust#2,131072,32768,3.14124,54656
Thrust#2,131072,32768,3.14053,53615
Thrust#2,131072,32768,3.14572,54446
Thrust#2,131072,32768,3.13809,54741
Thrust#2,131072,32768,3.13989,53600
Thrust#2,131072,32768,3.14346,54507
Thrust#2,131072,32768,3.14471,53940
Thrust#2,131072,32768,3.13461,53490
Thrust#2,131072,32768,3.13654,54453
Thrust#2,131072,32768,3.1358,54733
Thrust#2,131072,32768,3.13608,53596
Thrust#2,131072,32768,3.14789,54502
Thrust#2,131072,32768,3.14139,54679
Thrust#2,131072,32768,3.14566,53632
Thrust#2,131072,32768,3.13583,54438
Thrust#2,131072,32768,3.14529,54755
Thrust#2,131072,32768,3.15054,53585
Thrust#2,131072,32768,3.14612,54501
Thrust#2,131072,32768,3.14432,54631
Thrust#2,131072,32768,3.13693,53665
Thrust#2,131072,32768,3.14413,54457
Thrust#2,131072,32768,3.13565,54738
Thrust#2,131072,32768,3.13779,53623
Thrust#2,131072,32768,3.14508,54485
Thrust#2,131072,32768,3.14349,54636
Thrust#2,131072,32768,3.13599,53667
Thrust#2,131072,32768,3.1463,54523
Thrust#2,131072,32768,3.13907,54739
Thrust#2,262144,1,3.14027,6582
Thrust#2,262144,1,3.14618,5422
Thrust#2,262144,1,3.14192,5256
Thrust#2,262144,1,3.1411,6394
Thrust#2,262144,1,3.1389,5442
Thrust#2,262144,1,3.13951,5261
Thrust#2,262144,1,3.14005,5249
Thrust#2,262144,1,3.14253,5280
Thrust#2,262144,1,3.14099,5269
Thrust#2,262144,1,3.13667,5233
Thrust#2,262144,1,3.14615,6349
Thrust#2,262144,1,3.14374,5466
Thrust#2,262144,1,3.14333,5250
Thrust#2,262144,1,3.13783,5246
Thrust#2,262144,1,3.146,5285
Thrust#2,262144,1,3.14174,5274
Thrust#2,262144,1,3.14113,6416
Thrust#2,262144,1,3.14056,5458
Thrust#2,262144,1,3.14522,5246
Thrust#2,262144,1,3.13988,5385
Thrust#2,262144,1,3.14532,5239
Thrust#2,262144,1,3.14418,5258
Thrust#2,262144,1,3.138,6368
Thrust#2,262144,1,3.14519,5459
Thrust#2,262144,1,3.13843,5254
Thrust#2,262144,1,3.14644,5247
Thrust#2,262144,1,3.14479,5248
Thrust#2,262144,1,3.14285,5228
Thrust#2,262144,1,3.14198,5272
Thrust#2,262144,1,3.13513,5280
Thrust#2,262144,1,3.14368,5229
Thrust#2,262144,1,3.14075,6404
Thrust#2,262144,1,3.13937,5449
Thrust#2,262144,1,3.14079,5251
Thrust#2,262144,1,3.14406,5242
Thrust#2,262144,1,3.14026,5277
Thrust#2,262144,1,3.13618,5241
Thrust#2,262144,1,3.14613,6363
Thrust#2,262144,1,3.14584,5506
Thrust#2,262144,1,3.14151,5265
Thrust#2,262144,1,3.13736,5245
Thrust#2,262144,1,3.14299,5267
Thrust#2,262144,1,3.14212,5268
Thrust#2,262144,1,3.14333,6377
Thrust#2,262144,1,3.13889,5491
Thrust#2,262144,1,3.14107,5242
Thrust#2,262144,1,3.13876,5256
Thrust#2,262144,1,3.1409,5247
Thrust#2,262144,1,3.13739,5239
Thrust#2,262144,1,3.13533,5278
Thrust#2,262144,1,3.13902,5264
Thrust#2,262144,1,3.1395,5241
Thrust#2,262144,1,3.14354,6360
Thrust#2,262144,1,3.13921,5452
Thrust#2,262144,1,3.14241,5270
Thrust#2,262144,1,3.13742,5239
Thrust#2,262144,1,3.14331,5262
Thrust#2,262144,1,3.14101,5242
Thrust#2,262144,1,3.14369,6429
Thrust#2,262144,1,3.13666,5477
Thrust#2,262144,1,3.13918,5241
Thrust#2,262144,1,3.14481,5258
Thrust#2,262144,1,3.1449,5258
Thrust#2,262144,1,3.1404,5281
Thrust#2,262144,1,3.14236,6371
Thrust#2,262144,1,3.1442,5450
Thrust#2,262144,1,3.14192,5272
Thrust#2,262144,1,3.14368,5238
Thrust#2,262144,1,3.1405,5240
Thrust#2,262144,1,3.14359,5239
Thrust#2,262144,1,3.13603,5291
Thrust#2,262144,1,3.14211,6420
Thrust#2,262144,1,3.14474,5448
Thrust#2,262144,1,3.14861,5246
Thrust#2,262144,1,3.13878,5258
Thrust#2,262144,1,3.14757,5238
Thrust#2,262144,1,3.14722,5254
Thrust#2,262144,1,3.14445,5288
Thrust#2,262144,1,3.14171,5259
Thrust#2,262144,1,3.13773,5252
Thrust#2,262144,1,3.13936,6355
Thrust#2,262144,1,3.14417,5478
Thrust#2,262144,1,3.14287,5250
Thrust#2,262144,1,3.14395,5260
Thrust#2,262144,1,3.13931,5266
Thrust#2,262144,1,3.14767,5280
Thrust#2,262144,1,3.14433,6412
Thrust#2,262144,1,3.13585,5458
Thrust#2,262144,1,3.14609,5245
Thrust#2,262144,1,3.14655,5261
Thrust#2,262144,1,3.14363,5247
Thrust#2,262144,1,3.13741,5272
Thrust#2,262144,1,3.14722,6357
Thrust#2,262144,1,3.13818,5452
Thrust#2,262144,1,3.14134,5248
Thrust#2,262144,1,3.13983,5257
Thrust#2,262144,1,3.13756,5255
Thrust#2,262144,1,3.14189,5227
Thrust#2,262144,1,3.1447,5277
Thrust#2,262144,1,3.1411,5282
Thrust#2,262144,2,3.1349,2918
Thrust#2,262144,2,3.14365,2874
Thrust#2,262144,2,3.14026,2897
Thrust#2,262144,2,3.14494,4031
Thrust#2,262144,2,3.14478,3096
Thrust#2,262144,2,3.13864,2898
Thrust#2,262144,2,3.14554,2894
Thrust#2,262144,2,3.1405,2887
Thrust#2,262144,2,3.14876,2877
Thrust#2,262144,2,3.14532,2910
Thrust#2,262144,2,3.14139,2902
Thrust#2,262144,2,3.13867,2878
Thrust#2,262144,2,3.14359,2891
Thrust#2,262144,2,3.14261,2898
Thrust#2,262144,2,3.13461,3983
Thrust#2,262144,2,3.1433,3102
Thrust#2,262144,2,3.14006,2892
Thrust#2,262144,2,3.13716,2886
Thrust#2,262144,2,3.14442,2879
Thrust#2,262144,2,3.13925,2897
Thrust#2,262144,2,3.14827,2879
Thrust#2,262144,2,3.14731,2890
Thrust#2,262144,2,3.13705,2889
Thrust#2,262144,2,3.14285,2880
Thrust#2,262144,2,3.14014,2886
Thrust#2,262144,2,3.1391,3996
Thrust#2,262144,2,3.14404,3111
Thrust#2,262144,2,3.14592,2891
Thrust#2,262144,2,3.14168,2898
Thrust#2,262144,2,3.14243,2896
Thrust#2,262144,2,3.13432,2878
Thrust#2,262144,2,3.13733,2897
Thrust#2,262144,2,3.13898,2883
Thrust#2,262144,2,3.13885,2906
Thrust#2,262144,2,3.1424,2899
Thrust#2,262144,2,3.14174,2870
Thrust#2,262144,2,3.13474,4038
Thrust#2,262144,2,3.14388,3100
Thrust#2,262144,2,3.14153,2894
Thrust#2,262144,2,3.14716,2892
Thrust#2,262144,2,3.14027,2890
Thrust#2,262144,2,3.14676,2888
Thrust#2,262144,2,3.14285,2888
Thrust#2,262144,2,3.14163,2885
Thrust#2,262144,2,3.1472,2895
Thrust#2,262144,2,3.14612,2909
Thrust#2,262144,2,3.14337,2908
Thrust#2,262144,2,3.14214,3972
Thrust#2,262144,2,3.14297,3111
Thrust#2,262144,2,3.14647,2893
Thrust#2,262144,2,3.13803,2878
Thrust#2,262144,2,3.13957,2887
Thrust#2,262144,2,3.14737,2899
Thrust#2,262144,2,3.14247,2879
Thrust#2,262144,2,3.14059,2886
Thrust#2,262144,2,3.14386,2869
Thrust#2,262144,2,3.14482,2879
Thrust#2,262144,2,3.14331,2909
Thrust#2,262144,2,3.14505,2890
Thrust#2,262144,2,3.14246,2878
Thrust#2,262144,2,3.13924,2879
Thrust#2,262144,2,3.1422,2900
Thrust#2,262144,2,3.1382,2878
Thrust#2,262144,2,3.14066,2893
Thrust#2,262144,2,3.14172,4305
Thrust#2,262144,2,3.14168,2887
Thrust#2,262144,2,3.13431,2879
Thrust#2,262144,2,3.14336,3204
Thrust#2,262144,2,3.13911,2944
Thrust#2,262144,2,3.1395,2914
Thrust#2,262144,2,3.14651,2904
Thrust#2,262144,2,3.1434,2892
Thrust#2,262144,2,3.14346,2878
Thrust#2,262144,2,3.14003,3982
Thrust#2,262144,2,3.14101,3100
Thrust#2,262144,2,3.1396,2891
Thrust#2,262144,2,3.13721,2876
Thrust#2,262144,2,3.14406,2902
Thrust#2,262144,2,3.14218,2886
Thrust#2,262144,2,3.14067,2905
Thrust#2,262144,2,3.14268,2887
Thrust#2,262144,2,3.14482,2888
Thrust#2,262144,2,3.13631,2893
Thrust#2,262144,2,3.14458,2882
Thrust#2,262144,2,3.14049,2879
Thrust#2,262144,2,3.14235,2879
Thrust#2,262144,2,3.14305,3993
Thrust#2,262144,2,3.13525,3142
Thrust#2,262144,2,3.14256,2889
Thrust#2,262144,2,3.13647,2886
Thrust#2,262144,2,3.13818,2871
Thrust#2,262144,2,3.14305,2896
Thrust#2,262144,2,3.13977,2893
Thrust#2,262144,2,3.13963,2891
Thrust#2,262144,2,3.14069,2904
Thrust#2,262144,2,3.14409,2900
Thrust#2,262144,2,3.14172,2891
Thrust#2,262144,2,3.1445,3989
Thrust#2,262144,2,3.14519,3090
Thrust#2,262144,2,3.14473,2904
Thrust#2,262144,4,3.1385,1692
Thrust#2,262144,4,3.13942,1696
Thrust#2,262144,4,3.14528,1707
Thrust#2,262144,4,3.14235,1698
Thrust#2,262144,4,3.14082,1709
Thrust#2,262144,4,3.14432,1708
Thrust#2,262144,4,3.14044,1699
Thrust#2,262144,4,3.14224,1704
Thrust#2,262144,4,3.14111,1702
Thrust#2,262144,4,3.14725,1707
Thrust#2,262144,4,3.14003,1730
Thrust#2,262144,4,3.14412,1714
Thrust#2,262144,4,3.14661,1693
Thrust#2,262144,4,3.14218,2782
Thrust#2,262144,4,3.14018,1928
Thrust#2,262144,4,3.14766,1704
Thrust#2,262144,4,3.14525,1711
Thrust#2,262144,4,3.14247,1703
Thrust#2,262144,4,3.14207,1697
Thrust#2,262144,4,3.14616,1715
Thrust#2,262144,4,3.14456,1704
Thrust#2,262144,4,3.13777,1689
Thrust#2,262144,4,3.14265,1691
Thrust#2,262144,4,3.14322,1698
Thrust#2,262144,4,3.1402,1698
Thrust#2,262144,4,3.14211,1696
Thrust#2,262144,4,3.13951,1701
Thrust#2,262144,4,3.14404,1697
Thrust#2,262144,4,3.13655,1700
Thrust#2,262144,4,3.13702,1706
Thrust#2,262144,4,3.14064,1704
Thrust#2,262144,4,3.1445,1704
Thrust#2,262144,4,3.14108,1694
Thrust#2,262144,4,3.14244,1689
Thrust#2,262144,4,3.14056,1691
Thrust#2,262144,4,3.13646,1695
Thrust#2,262144,4,3.14877,1697
Thrust#2,262144,4,3.14114,1699
Thrust#2,262144,4,3.13972,1700
Thrust#2,262144,4,3.13936,1699
Thrust#2,262144,4,3.13998,1708
Thrust#2,262144,4,3.1496,1699
Thrust#2,262144,4,3.1409,2834
Thrust#2,262144,4,3.13928,1918
Thrust#2,262144,4,3.14252,1707
Thrust#2,262144,4,3.14098,1702
Thrust#2,262144,4,3.14476,1698
Thrust#2,262144,4,3.14458,1699
Thrust#2,262144,4,3.1454,1701
Thrust#2,262144,4,3.13509,1702
Thrust#2,262144,4,3.14024,1715
Thrust#2,262144,4,3.14745,1722
Thrust#2,262144,4,3.14232,1715
Thrust#2,262144,4,3.14102,1689
Thrust#2,262144,4,3.1398,1697
Thrust#2,262144,4,3.13841,1698
Thrust#2,262144,4,3.14473,1712
Thrust#2,262144,4,3.14163,1699
Thrust#2,262144,4,3.13695,1699
Thrust#2,262144,4,3.13966,1697
Thrust#2,262144,4,3.13591,1706
Thrust#2,262144,4,3.14949,2792
Thrust#2,262144,4,3.14323,1928
Thrust#2,262144,4,3.1382,1712
Thrust#2,262144,4,3.13615,1703
Thrust#2,262144,4,3.14156,1700
Thrust#2,262144,4,3.14145,1701
Thrust#2,262144,4,3.14523,1710
Thrust#2,262144,4,3.14281,1706
Thrust#2,262144,4,3.1377,1711
Thrust#2,262144,4,3.13667,1719
Thrust#2,262144,4,3.14114,1709
Thrust#2,262144,4,3.1467,1703
Thrust#2,262144,4,3.13989,1692
Thrust#2,262144,4,3.14218,1699
Thrust#2,262144,4,3.14053,1686
Thrust#2,262144,4,3.14272,1707
Thrust#2,262144,4,3.14012,1709
Thrust#2,262144,4,3.13618,1701
Thrust#2,262144,4,3.13815,2806
Thrust#2,262144,4,3.14235,1933
Thrust#2,262144,4,3.14008,1716
Thrust#2,262144,4,3.13994,1711
Thrust#2,262144,4,3.13889,1707
Thrust#2,262144,4,3.14355,1698
Thrust#2,262144,4,3.14281,1697
Thrust#2,262144,4,3.14159,1699
Thrust#2,262144,4,3.14421,1701
Thrust#2,262144,4,3.14108,1699
Thrust#2,262144,4,3.14146,1700
Thrust#2,262144,4,3.1476,1703
Thrust#2,262144,4,3.14439,1711
Thrust#2,262144,4,3.13989,1733
Thrust#2,262144,4,3.14334,1707
Thrust#2,262144,4,3.1396,1691
Thrust#2,262144,4,3.13937,1693
Thrust#2,262144,4,3.14713,1707
Thrust#2,262144,4,3.14568,1699
Thrust#2,262144,4,3.13673,2841
Thrust#2,262144,4,3.14272,1920
Thrust#2,262144,8,3.14354,1193
Thrust#2,262144,8,3.14079,1198
Thrust#2,262144,8,3.1375,1194
Thrust#2,262144,8,3.14024,1184
Thrust#2,262144,8,3.13744,1182
Thrust#2,262144,8,3.13821,1178
Thrust#2,262144,8,3.14026,1175
Thrust#2,262144,8,3.14423,1172
Thrust#2,262144,8,3.14458,1173
Thrust#2,262144,8,3.14394,1186
Thrust#2,262144,8,3.14011,1182
Thrust#2,262144,8,3.13864,1173
Thrust#2,262144,8,3.14288,1172
Thrust#2,262144,8,3.14131,1175
Thrust#2,262144,8,3.14294,1182
Thrust#2,262144,8,3.14119,1182
Thrust#2,262144,8,3.13791,1183
Thrust#2,262144,8,3.14134,1187
Thrust#2,262144,8,3.14645,1183
Thrust#2,262144,8,3.14394,1168
Thrust#2,262144,8,3.14372,1173
Thrust#2,262144,8,3.1395,1176
Thrust#2,262144,8,3.1395,1172
Thrust#2,262144,8,3.14171,1172
Thrust#2,262144,8,3.14061,2281
Thrust#2,262144,8,3.14099,1385
Thrust#2,262144,8,3.1447,1183
Thrust#2,262144,8,3.1357,1188
Thrust#2,262144,8,3.14709,1188
Thrust#2,262144,8,3.14366,1210
Thrust#2,262144,8,3.13808,1183
Thrust#2,262144,8,3.13907,1184
Thrust#2,262144,8,3.14143,1181
Thrust#2,262144,8,3.13663,1181
Thrust#2,262144,8,3.13809,1186
Thrust#2,262144,8,3.14163,1176
Thrust#2,262144,8,3.14211,1180
Thrust#2,262144,8,3.13849,1182
Thrust#2,262144,8,3.14529,1182
Thrust#2,262144,8,3.14314,1185
Thrust#2,262144,8,3.14046,1173
Thrust#2,262144,8,3.1432,1199
Thrust#2,262144,8,3.14442,1174
Thrust#2,262144,8,3.14233,1186
Thrust#2,262144,8,3.14557,1182
Thrust#2,262144,8,3.14067,1181
Thrust#2,262144,8,3.14108,1182
Thrust#2,262144,8,3.14116,1199
Thrust#2,262144,8,3.14137,1180
Thrust#2,262144,8,3.14609,1184
Thrust#2,262144,8,3.14493,1174
Thrust#2,262144,8,3.13777,2286
Thrust#2,262144,8,3.1424,1389
Thrust#2,262144,8,3.14421,1178
Thrust#2,262144,8,3.13953,1198
Thrust#2,262144,8,3.14677,1186
Thrust#2,262144,8,3.13773,1190
Thrust#2,262144,8,3.14688,1184
Thrust#2,262144,8,3.14229,1181
Thrust#2,262144,8,3.14157,1183
Thrust#2,262144,8,3.14243,1186
Thrust#2,262144,8,3.13927,1189
Thrust#2,262144,8,3.14227,1181
Thrust#2,262144,8,3.13835,1186
Thrust#2,262144,8,3.13947,1186
Thrust#2,262144,8,3.14053,1183
Thrust#2,262144,8,3.14261,1182
Thrust#2,262144,8,3.13759,1183
Thrust#2,262144,8,3.13908,1185
Thrust#2,262144,8,3.13908,1184
Thrust#2,262144,8,3.14024,1182
Thrust#2,262144,8,3.14458,1182
Thrust#2,262144,8,3.14287,1185
Thrust#2,262144,8,3.13814,1180
Thrust#2,262144,8,3.14082,1183
Thrust#2,262144,8,3.13733,1182
Thrust#2,262144,8,3.13449,1185
Thrust#2,262144,8,3.1407,1196
Thrust#2,262144,8,3.13962,1192
Thrust#2,262144,8,3.1429,1173
Thrust#2,262144,8,3.14365,1176
Thrust#2,262144,8,3.14264,1171
Thrust#2,262144,8,3.13794,1173
Thrust#2,262144,8,3.14561,1172
Thrust#2,262144,8,3.14334,1176
Thrust#2,262144,8,3.13698,1182
Thrust#2,262144,8,3.14217,1181
Thrust#2,262144,8,3.13826,1182
Thrust#2,262144,8,3.1467,1185
Thrust#2,262144,8,3.14427,1180
Thrust#2,262144,8,3.14967,1181
Thrust#2,262144,8,3.13789,2317
Thrust#2,262144,8,3.14624,1392
Thrust#2,262144,8,3.14125,1189
Thrust#2,262144,8,3.14305,1197
Thrust#2,262144,8,3.14261,1178
Thrust#2,262144,8,3.14337,1170
Thrust#2,262144,8,3.14091,1172
Thrust#2,262144,8,3.14177,1187
Thrust#2,262144,8,3.14331,1182
Thrust#2,262144,16,3.14014,911
Thrust#2,262144,16,3.1403,913
Thrust#2,262144,16,3.14418,916
Thrust#2,262144,16,3.14026,912
Thrust#2,262144,16,3.14114,902
Thrust#2,262144,16,3.13916,903
Thrust#2,262144,16,3.14044,905
Thrust#2,262144,16,3.14655,902
Thrust#2,262144,16,3.14201,940
Thrust#2,262144,16,3.14096,908
Thrust#2,262144,16,3.14117,905
Thrust#2,262144,16,3.14432,903
Thrust#2,262144,16,3.14005,900
Thrust#2,262144,16,3.1436,902
Thrust#2,262144,16,3.14229,907
Thrust#2,262144,16,3.14307,902
Thrust#2,262144,16,3.14064,901
Thrust#2,262144,16,3.13858,918
Thrust#2,262144,16,3.14122,916
Thrust#2,262144,16,3.14008,913
Thrust#2,262144,16,3.1413,915
Thrust#2,262144,16,3.14439,921
Thrust#2,262144,16,3.13895,904
Thrust#2,262144,16,3.14046,903
Thrust#2,262144,16,3.14624,2004
Thrust#2,262144,16,3.14214,1008
Thrust#2,262144,16,3.13852,953
Thrust#2,262144,16,3.14424,918
Thrust#2,262144,16,3.1429,924
Thrust#2,262144,16,3.14227,915
Thrust#2,262144,16,3.13614,918
Thrust#2,262144,16,3.14116,927
Thrust#2,262144,16,3.14394,915
Thrust#2,262144,16,3.14885,920
Thrust#2,262144,16,3.14314,912
Thrust#2,262144,16,3.14268,914
Thrust#2,262144,16,3.13818,912
Thrust#2,262144,16,3.13911,903
Thrust#2,262144,16,3.14435,902
Thrust#2,262144,16,3.14664,911
Thrust#2,262144,16,3.14119,915
Thrust#2,262144,16,3.13742,912
Thrust#2,262144,16,3.14175,921
Thrust#2,262144,16,3.14218,912
Thrust#2,262144,16,3.13766,914
Thrust#2,262144,16,3.144,911
Thrust#2,262144,16,3.14594,925
Thrust#2,262144,16,3.1398,922
Thrust#2,262144,16,3.13885,905
Thrust#2,262144,16,3.14346,903
Thrust#2,262144,16,3.14249,904
Thrust#2,262144,16,3.14438,902
Thrust#2,262144,16,3.1445,904
Thrust#2,262144,16,3.13948,901
Thrust#2,262144,16,3.13675,901
Thrust#2,262144,16,3.13863,912
Thrust#2,262144,16,3.14252,912
Thrust#2,262144,16,3.14133,911
Thrust#2,262144,16,3.14011,912
Thrust#2,262144,16,3.14066,2013
Thrust#2,262144,16,3.14601,1007
Thrust#2,262144,16,3.1391,948
Thrust#2,262144,16,3.14507,928
Thrust#2,262144,16,3.14638,925
Thrust#2,262144,16,3.1385,922
Thrust#2,262144,16,3.14442,912
Thrust#2,262144,16,3.14862,913
Thrust#2,262144,16,3.13828,918
Thrust#2,262144,16,3.14352,911
Thrust#2,262144,16,3.14221,914
Thrust#2,262144,16,3.1438,912
Thrust#2,262144,16,3.14322,901
Thrust#2,262144,16,3.1438,899
Thrust#2,262144,16,3.14116,926
Thrust#2,262144,16,3.13548,923
Thrust#2,262144,16,3.13962,913
Thrust#2,262144,16,3.14209,912
Thrust#2,262144,16,3.13844,917
Thrust#2,262144,16,3.13763,902
Thrust#2,262144,16,3.14076,902
Thrust#2,262144,16,3.14206,903
Thrust#2,262144,16,3.1429,917
Thrust#2,262144,16,3.14346,911
Thrust#2,262144,16,3.14153,910
Thrust#2,262144,16,3.13866,918
Thrust#2,262144,16,3.14037,930
Thrust#2,262144,16,3.14049,910
Thrust#2,262144,16,3.14091,910
Thrust#2,262144,16,3.14668,899
Thrust#2,262144,16,3.14209,907
Thrust#2,262144,16,3.13931,901
Thrust#2,262144,16,3.14571,904
Thrust#2,262144,16,3.14252,919
Thrust#2,262144,16,3.13821,915
Thrust#2,262144,16,3.14352,2045
Thrust#2,262144,16,3.14212,1014
Thrust#2,262144,16,3.14238,967
Thrust#2,262144,16,3.14772,917
Thrust#2,262144,16,3.13568,908
Thrust#2,262144,16,3.14037,910
Thrust#2,262144,32,3.13863,801
Thrust#2,262144,32,3.13808,802
Thrust#2,262144,32,3.14047,816
Thrust#2,262144,32,3.14311,798
Thrust#2,262144,32,3.14049,804
Thrust#2,262144,32,3.13893,803
Thrust#2,262144,32,3.13971,803
Thrust#2,262144,32,3.14127,817
Thrust#2,262144,32,3.14674,803
Thrust#2,262144,32,3.13985,802
Thrust#2,262144,32,3.14,795
Thrust#2,262144,32,3.14349,807
Thrust#2,262144,32,3.14072,814
Thrust#2,262144,32,3.14526,804
Thrust#2,262144,32,3.13916,803
Thrust#2,262144,32,3.15085,806
Thrust#2,262144,32,3.14838,795
Thrust#2,262144,32,3.13985,812
Thrust#2,262144,32,3.14487,811
Thrust#2,262144,32,3.13725,818
Thrust#2,262144,32,3.13751,816
Thrust#2,262144,32,3.1423,827
Thrust#2,262144,32,3.13976,816
Thrust#2,262144,32,3.14264,813
Thrust#2,262144,32,3.1433,803
Thrust#2,262144,32,3.14276,815
Thrust#2,262144,32,3.14064,808
Thrust#2,262144,32,3.14207,807
Thrust#2,262144,32,3.13712,803
Thrust#2,262144,32,3.14742,803
Thrust#2,262144,32,3.13661,803
Thrust#2,262144,32,3.14317,811
Thrust#2,262144,32,3.14238,1896
Thrust#2,262144,32,3.14636,906
Thrust#2,262144,32,3.14388,849
Thrust#2,262144,32,3.14374,810
Thrust#2,262144,32,3.14067,810
Thrust#2,262144,32,3.13553,810
Thrust#2,262144,32,3.14412,810
Thrust#2,262144,32,3.14214,811
Thrust#2,262144,32,3.14346,819
Thrust#2,262144,32,3.13831,819
Thrust#2,262144,32,3.13867,813
Thrust#2,262144,32,3.13857,815
Thrust#2,262144,32,3.14066,811
Thrust#2,262144,32,3.14034,816
Thrust#2,262144,32,3.14195,801
Thrust#2,262144,32,3.13646,815
Thrust#2,262144,32,3.14284,804
Thrust#2,262144,32,3.14235,806
Thrust#2,262144,32,3.14072,794
Thrust#2,262144,32,3.1412,803
Thrust#2,262144,32,3.14592,803
Thrust#2,262144,32,3.14583,806
Thrust#2,262144,32,3.14223,803
Thrust#2,262144,32,3.14119,804
Thrust#2,262144,32,3.13824,803
Thrust#2,262144,32,3.1429,817
Thrust#2,262144,32,3.14355,801
Thrust#2,262144,32,3.14508,801
Thrust#2,262144,32,3.14258,814
Thrust#2,262144,32,3.14349,817
Thrust#2,262144,32,3.1403,796
Thrust#2,262144,32,3.14485,805
Thrust#2,262144,32,3.14491,804
Thrust#2,262144,32,3.14713,806
Thrust#2,262144,32,3.13849,795
Thrust#2,262144,32,3.1391,817
Thrust#2,262144,32,3.14458,809
Thrust#2,262144,32,3.1422,810
Thrust#2,262144,32,3.13945,1896
Thrust#2,262144,32,3.14015,899
Thrust#2,262144,32,3.14513,836
Thrust#2,262144,32,3.14224,804
Thrust#2,262144,32,3.13589,827
Thrust#2,262144,32,3.14091,815
Thrust#2,262144,32,3.14276,808
Thrust#2,262144,32,3.13655,804
Thrust#2,262144,32,3.14088,802
Thrust#2,262144,32,3.14061,814
Thrust#2,262144,32,3.13911,825
Thrust#2,262144,32,3.14514,819
Thrust#2,262144,32,3.13881,810
Thrust#2,262144,32,3.14339,807
Thrust#2,262144,32,3.14569,805
Thrust#2,262144,32,3.14369,804
Thrust#2,262144,32,3.14189,803
Thrust#2,262144,32,3.13811,807
Thrust#2,262144,32,3.14149,802
Thrust#2,262144,32,3.13809,796
Thrust#2,262144,32,3.13968,805
Thrust#2,262144,32,3.14713,807
Thrust#2,262144,32,3.14134,800
Thrust#2,262144,32,3.14667,814
Thrust#2,262144,32,3.14177,812
Thrust#2,262144,32,3.14244,817
Thrust#2,262144,32,3.14633,794
Thrust#2,262144,32,3.13406,815
Thrust#2,262144,32,3.14537,804
Thrust#2,262144,32,3.14337,809
Thrust#2,262144,64,3.14169,753
Thrust#2,262144,64,3.14259,755
Thrust#2,262144,64,3.13461,763
Thrust#2,262144,64,3.1469,779
Thrust#2,262144,64,3.14011,762
Thrust#2,262144,64,3.14836,765
Thrust#2,262144,64,3.14015,754
Thrust#2,262144,64,3.14436,766
Thrust#2,262144,64,3.14079,766
Thrust#2,262144,64,3.14183,756
Thrust#2,262144,64,3.14247,764
Thrust#2,262144,64,3.13748,770
Thrust#2,262144,64,3.13921,768
Thrust#2,262144,64,3.13936,758
Thrust#2,262144,64,3.13713,755
Thrust#2,262144,64,3.13408,760
Thrust#2,262144,64,3.14328,755
Thrust#2,262144,64,3.14366,754
Thrust#2,262144,64,3.14156,755
Thrust#2,262144,64,3.14206,759
Thrust#2,262144,64,3.14259,768
Thrust#2,262144,64,3.14014,755
Thrust#2,262144,64,3.14337,754
Thrust#2,262144,64,3.14456,758
Thrust#2,262144,64,3.14124,755
Thrust#2,262144,64,3.14024,754
Thrust#2,262144,64,3.14969,755
Thrust#2,262144,64,3.13411,758
Thrust#2,262144,64,3.14409,769
Thrust#2,262144,64,3.14267,755
Thrust#2,262144,64,3.13937,755
Thrust#2,262144,64,3.14476,758
Thrust#2,262144,64,3.1458,754
Thrust#2,262144,64,3.14622,1895
Thrust#2,262144,64,3.14674,862
Thrust#2,262144,64,3.1382,798
Thrust#2,262144,64,3.14148,763
Thrust#2,262144,64,3.13875,777
Thrust#2,262144,64,3.14377,761
Thrust#2,262144,64,3.14157,761
Thrust#2,262144,64,3.13794,762
Thrust#2,262144,64,3.13866,768
Thrust#2,262144,64,3.14427,756
Thrust#2,262144,64,3.13945,754
Thrust#2,262144,64,3.14157,756
Thrust#2,262144,64,3.138,755
Thrust#2,262144,64,3.14125,777
Thrust#2,262144,64,3.13782,780
Thrust#2,262144,64,3.14044,793
Thrust#2,262144,64,3.13869,762
Thrust#2,262144,64,3.13931,760
Thrust#2,262144,64,3.14417,754
Thrust#2,262144,64,3.14189,756
Thrust#2,262144,64,3.1476,756
Thrust#2,262144,64,3.13338,754
Thrust#2,262144,64,3.14316,767
Thrust#2,262144,64,3.13792,756
Thrust#2,262144,64,3.14189,761
Thrust#2,262144,64,3.13626,768
Thrust#2,262144,64,3.14401,754
Thrust#2,262144,64,3.14426,753
Thrust#2,262144,64,3.13519,758
Thrust#2,262144,64,3.14651,753
Thrust#2,262144,64,3.14212,754
Thrust#2,262144,64,3.13774,754
Thrust#2,262144,64,3.13869,759
Thrust#2,262144,64,3.13754,755
Thrust#2,262144,64,3.13997,754
Thrust#2,262144,64,3.1412,766
Thrust#2,262144,64,3.13995,757
Thrust#2,262144,64,3.1396,755
Thrust#2,262144,64,3.13976,756
Thrust#2,262144,64,3.13968,756
Thrust#2,262144,64,3.14534,757
Thrust#2,262144,64,3.13872,777
Thrust#2,262144,64,3.14168,1866
Thrust#2,262144,64,3.14264,862
Thrust#2,262144,64,3.14154,800
Thrust#2,262144,64,3.14513,764
Thrust#2,262144,64,3.13989,757
Thrust#2,262144,64,3.13963,769
Thrust#2,262144,64,3.13914,770
Thrust#2,262144,64,3.14175,773
Thrust#2,262144,64,3.14935,766
Thrust#2,262144,64,3.1404,763
Thrust#2,262144,64,3.13683,755
Thrust#2,262144,64,3.1357,757
Thrust#2,262144,64,3.14584,755
Thrust#2,262144,64,3.13776,754
Thrust#2,262144,64,3.14612,755
Thrust#2,262144,64,3.14542,770
Thrust#2,262144,64,3.1461,762
Thrust#2,262144,64,3.14244,764
Thrust#2,262144,64,3.14543,761
Thrust#2,262144,64,3.14117,768
Thrust#2,262144,64,3.14746,765
Thrust#2,262144,64,3.14185,755
Thrust#2,262144,64,3.1404,755
Thrust#2,262144,64,3.1452,758
Thrust#2,262144,64,3.14565,755
Thrust#2,262144,128,3.14493,836
Thrust#2,262144,128,3.14008,845
Thrust#2,262144,128,3.14333,841
Thrust#2,262144,128,3.14351,860
Thrust#2,262144,128,3.13589,852
Thrust#2,262144,128,3.14001,839
Thrust#2,262144,128,3.14027,839
Thrust#2,262144,128,3.14626,835
Thrust#2,262144,128,3.14131,844
Thrust#2,262144,128,3.14151,836
Thrust#2,262144,128,3.14088,839
Thrust#2,262144,128,3.14059,837
Thrust#2,262144,128,3.1449,833
Thrust#2,262144,128,3.14153,855
Thrust#2,262144,128,3.14693,858
Thrust#2,262144,128,3.13788,1923
Thrust#2,262144,128,3.14391,941
Thrust#2,262144,128,3.14021,881
Thrust#2,262144,128,3.13724,836
Thrust#2,262144,128,3.14665,849
Thrust#2,262144,128,3.15053,861
Thrust#2,262144,128,3.14345,842
Thrust#2,262144,128,3.14137,860
Thrust#2,262144,128,3.13922,837
Thrust#2,262144,128,3.14095,839
Thrust#2,262144,128,3.142,845
Thrust#2,262144,128,3.14099,835
Thrust#2,262144,128,3.1403,845
Thrust#2,262144,128,3.14232,840
Thrust#2,262144,128,3.13998,845
Thrust#2,262144,128,3.14287,848
Thrust#2,262144,128,3.14392,844
Thrust#2,262144,128,3.1441,845
Thrust#2,262144,128,3.13651,836
Thrust#2,262144,128,3.14624,835
Thrust#2,262144,128,3.13846,835
Thrust#2,262144,128,3.14037,838
Thrust#2,262144,128,3.14499,846
Thrust#2,262144,128,3.14645,837
Thrust#2,262144,128,3.13902,836
Thrust#2,262144,128,3.13748,838
Thrust#2,262144,128,3.13678,836
Thrust#2,262144,128,3.14017,848
Thrust#2,262144,128,3.14203,847
Thrust#2,262144,128,3.14345,861
Thrust#2,262144,128,3.14226,868
Thrust#2,262144,128,3.14406,855
Thrust#2,262144,128,3.14059,835
Thrust#2,262144,128,3.14693,840
Thrust#2,262144,128,3.13908,836
Thrust#2,262144,128,3.1468,844
Thrust#2,262144,128,3.14288,837
Thrust#2,262144,128,3.14085,839
Thrust#2,262144,128,3.14218,1971
Thrust#2,262144,128,3.14029,939
Thrust#2,262144,128,3.13918,881
Thrust#2,262144,128,3.14038,843
Thrust#2,262144,128,3.13965,843
Thrust#2,262144,128,3.14297,851
Thrust#2,262144,128,3.14233,843
Thrust#2,262144,128,3.14885,843
Thrust#2,262144,128,3.14276,856
Thrust#2,262144,128,3.14319,840
Thrust#2,262144,128,3.13734,844
Thrust#2,262144,128,3.14316,834
Thrust#2,262144,128,3.14168,844
Thrust#2,262144,128,3.1409,860
Thrust#2,262144,128,3.13974,846
Thrust#2,262144,128,3.14066,848
Thrust#2,262144,128,3.13762,829
Thrust#2,262144,128,3.13866,850
Thrust#2,262144,128,3.14235,849
Thrust#2,262144,128,3.14008,878
Thrust#2,262144,128,3.13664,836
Thrust#2,262144,128,3.14594,848
Thrust#2,262144,128,3.14163,837
Thrust#2,262144,128,3.13802,837
Thrust#2,262144,128,3.14536,845
Thrust#2,262144,128,3.14354,840
Thrust#2,262144,128,3.1396,844
Thrust#2,262144,128,3.14479,836
Thrust#2,262144,128,3.1429,838
Thrust#2,262144,128,3.14282,852
Thrust#2,262144,128,3.13713,836
Thrust#2,262144,128,3.14146,836
Thrust#2,262144,128,3.13512,846
Thrust#2,262144,128,3.14203,862
Thrust#2,262144,128,3.14563,841
Thrust#2,262144,128,3.14461,836
Thrust#2,262144,128,3.13843,837
Thrust#2,262144,128,3.13634,848
Thrust#2,262144,128,3.14149,1940
Thrust#2,262144,128,3.14526,936
Thrust#2,262144,128,3.13748,882
Thrust#2,262144,128,3.14734,843
Thrust#2,262144,128,3.14507,861
Thrust#2,262144,128,3.14211,842
Thrust#2,262144,128,3.1432,843
Thrust#2,262144,128,3.13959,843
Thrust#2,262144,128,3.14645,838
Thrust#2,262144,256,3.13971,1149
Thrust#2,262144,256,3.13893,1148
Thrust#2,262144,256,3.1481,1157
Thrust#2,262144,256,3.13805,1157
Thrust#2,262144,256,3.14818,1157
Thrust#2,262144,256,3.13878,1489
Thrust#2,262144,256,3.14087,1157
Thrust#2,262144,256,3.14624,1158
Thrust#2,262144,256,3.14211,1178
Thrust#2,262144,256,3.1367,1143
Thrust#2,262144,256,3.1441,1151
Thrust#2,262144,256,3.13876,1159
Thrust#2,262144,256,3.14067,1156
Thrust#2,262144,256,3.14554,1158
Thrust#2,262144,256,3.14638,1146
Thrust#2,262144,256,3.14207,1148
Thrust#2,262144,256,3.13968,1150
Thrust#2,262144,256,3.14479,1156
Thrust#2,262144,256,3.13986,1158
Thrust#2,262144,256,3.14114,1171
Thrust#2,262144,256,3.14278,1166
Thrust#2,262144,256,3.14528,1146
Thrust#2,262144,256,3.14113,1148
Thrust#2,262144,256,3.14479,1147
Thrust#2,262144,256,3.13487,1156
Thrust#2,262144,256,3.14215,1168
Thrust#2,262144,256,3.14302,1168
Thrust#2,262144,256,3.14156,1158
Thrust#2,262144,256,3.13579,1159
Thrust#2,262144,256,3.14218,1156
Thrust#2,262144,256,3.14072,1156
Thrust#2,262144,256,3.14273,1164
Thrust#2,262144,256,3.14584,1159
Thrust#2,262144,256,3.13988,1153
Thrust#2,262144,256,3.14531,1159
Thrust#2,262144,256,3.13588,1161
Thrust#2,262144,256,3.13925,2331
Thrust#2,262144,256,3.14172,1191
Thrust#2,262144,256,3.14159,1168
Thrust#2,262144,256,3.14478,1162
Thrust#2,262144,256,3.13968,1163
Thrust#2,262144,256,3.1326,1178
Thrust#2,262144,256,3.14261,1174
Thrust#2,262144,256,3.14619,1157
Thrust#2,262144,256,3.13562,1146
Thrust#2,262144,256,3.14107,1150
Thrust#2,262144,256,3.14066,1148
Thrust#2,262144,256,3.14592,1156
Thrust#2,262144,256,3.14424,1157
Thrust#2,262144,256,3.14449,1163
Thrust#2,262144,256,3.14084,1151
Thrust#2,262144,256,3.13979,1147
Thrust#2,262144,256,3.14987,1146
Thrust#2,262144,256,3.13988,1150
Thrust#2,262144,256,3.14336,1147
Thrust#2,262144,256,3.14282,1146
Thrust#2,262144,256,3.14142,1147
Thrust#2,262144,256,3.14766,1157
Thrust#2,262144,256,3.13985,1156
Thrust#2,262144,256,3.14055,1157
Thrust#2,262144,256,3.1404,1153
Thrust#2,262144,256,3.1451,1161
Thrust#2,262144,256,3.13866,1230
Thrust#2,262144,256,3.13795,2225
Thrust#2,262144,256,3.13852,1191
Thrust#2,262144,256,3.13257,1168
Thrust#2,262144,256,3.14015,1162
Thrust#2,262144,256,3.13745,1174
Thrust#2,262144,256,3.14557,1157
Thrust#2,262144,256,3.14651,1156
Thrust#2,262144,256,3.14487,1168
Thrust#2,262144,256,3.14244,1161
Thrust#2,262144,256,3.14156,1155
Thrust#2,262144,256,3.14012,1156
Thrust#2,262144,256,3.13956,1156
Thrust#2,262144,256,3.13817,1160
Thrust#2,262144,256,3.13554,1155
Thrust#2,262144,256,3.14429,1156
Thrust#2,262144,256,3.14592,1156
Thrust#2,262144,256,3.14279,1185
Thrust#2,262144,256,3.14481,1164
Thrust#2,262144,256,3.13992,1146
Thrust#2,262144,256,3.14401,1147
Thrust#2,262144,256,3.14207,1149
Thrust#2,262144,256,3.13875,1146
Thrust#2,262144,256,3.1469,1156
Thrust#2,262144,256,3.14442,1156
Thrust#2,262144,256,3.14238,1159
Thrust#2,262144,256,3.14175,1155
Thrust#2,262144,256,3.14482,1160
Thrust#2,262144,256,3.13918,1157
Thrust#2,262144,256,3.14388,2306
Thrust#2,262144,256,3.14085,1189
Thrust#2,262144,256,3.13849,1169
Thrust#2,262144,256,3.13773,1165
Thrust#2,262144,256,3.13962,1162
Thrust#2,262144,256,3.14296,1156
Thrust#2,262144,256,3.1387,1149
Thrust#2,262144,256,3.14615,1147
Thrust#2,262144,256,3.14464,1146
Thrust#2,262144,512,3.14626,1286
Thrust#2,262144,512,3.14589,1292
Thrust#2,262144,512,3.13945,1287
Thrust#2,262144,512,3.13942,1304
Thrust#2,262144,512,3.13858,1300
Thrust#2,262144,512,3.13876,1291
Thrust#2,262144,512,3.14769,1296
Thrust#2,262144,512,3.13879,1287
Thrust#2,262144,512,3.13898,1302
Thrust#2,262144,512,3.13939,1298
Thrust#2,262144,512,3.1367,1277
Thrust#2,262144,512,3.14786,1286
Thrust#2,262144,512,3.1382,1277
Thrust#2,262144,512,3.14145,1282
Thrust#2,262144,512,3.14305,1289
Thrust#2,262144,512,3.13733,1287
Thrust#2,262144,512,3.13896,2444
Thrust#2,262144,512,3.14372,1363
Thrust#2,262144,512,3.14371,1295
Thrust#2,262144,512,3.14206,1299
Thrust#2,262144,512,3.14673,1289
Thrust#2,262144,512,3.14516,1278
Thrust#2,262144,512,3.14381,1278
Thrust#2,262144,512,3.14415,1255
Thrust#2,262144,512,3.14597,1289
Thrust#2,262144,512,3.14235,1287
Thrust#2,262144,512,3.13976,1296
Thrust#2,262144,512,3.14403,1296
Thrust#2,262144,512,3.14078,1288
Thrust#2,262144,512,3.14507,1288
Thrust#2,262144,512,3.14154,1288
Thrust#2,262144,512,3.14049,1290
Thrust#2,262144,512,3.14563,1288
Thrust#2,262144,512,3.14018,1288
Thrust#2,262144,512,3.14372,1297
Thrust#2,262144,512,3.1384,1302
Thrust#2,262144,512,3.13632,1288
Thrust#2,262144,512,3.13989,1277
Thrust#2,262144,512,3.14755,1279
Thrust#2,262144,512,3.14476,1280
Thrust#2,262144,512,3.14792,1275
Thrust#2,262144,512,3.13365,2451
Thrust#2,262144,512,3.14061,1331
Thrust#2,262144,512,3.13657,1285
Thrust#2,262144,512,3.14079,1296
Thrust#2,262144,512,3.14789,1290
Thrust#2,262144,512,3.13857,1295
Thrust#2,262144,512,3.14377,1288
Thrust#2,262144,512,3.13901,1290
Thrust#2,262144,512,3.13727,1298
Thrust#2,262144,512,3.14452,1297
Thrust#2,262144,512,3.14441,1296
Thrust#2,262144,512,3.13849,1292
Thrust#2,262144,512,3.13989,1295
Thrust#2,262144,512,3.14009,1294
Thrust#2,262144,512,3.14197,1286
Thrust#2,262144,512,3.14297,1290
Thrust#2,262144,512,3.14018,1287
Thrust#2,262144,512,3.14091,1286
Thrust#2,262144,512,3.14508,1278
Thrust#2,262144,512,3.14079,1298
Thrust#2,262144,512,3.14229,1299
Thrust#2,262144,512,3.1393,1289
Thrust#2,262144,512,3.14415,1291
Thrust#2,262144,512,3.13728,1282
Thrust#2,262144,512,3.14427,1278
Thrust#2,262144,512,3.14093,2429
Thrust#2,262144,512,3.1393,1373
Thrust#2,262144,512,3.14163,1304
Thrust#2,262144,512,3.1418,1286
Thrust#2,262144,512,3.14578,1287
Thrust#2,262144,512,3.14035,1288
Thrust#2,262144,512,3.14171,1288
Thrust#2,262144,512,3.14752,1288
Thrust#2,262144,512,3.13951,1290
Thrust#2,262144,512,3.13737,1295
Thrust#2,262144,512,3.14055,1296
Thrust#2,262144,512,3.13927,1287
Thrust#2,262144,512,3.14342,1291
Thrust#2,262144,512,3.14122,1286
Thrust#2,262144,512,3.14435,1280
Thrust#2,262144,512,3.13992,1279
Thrust#2,262144,512,3.14526,1280
Thrust#2,262144,512,3.14395,1298
Thrust#2,262144,512,3.14406,1295
Thrust#2,262144,512,3.1386,1286
Thrust#2,262144,512,3.13593,1300
Thrust#2,262144,512,3.13911,1256
Thrust#2,262144,512,3.14249,1299
Thrust#2,262144,512,3.1488,1301
Thrust#2,262144,512,3.14061,1293
Thrust#2,262144,512,3.13771,1267
Thrust#2,262144,512,3.14111,1277
Thrust#2,262144,512,3.14418,1279
Thrust#2,262144,512,3.14516,1290
Thrust#2,262144,512,3.14566,1253
Thrust#2,262144,512,3.14638,1287
Thrust#2,262144,512,3.14368,1297
Thrust#2,262144,512,3.14174,1290
Thrust#2,262144,512,3.14531,1296
Thrust#2,262144,1024,3.14146,1917
Thrust#2,262144,1024,3.14072,1939
Thrust#2,262144,1024,3.14131,3174
Thrust#2,262144,1024,3.14525,1973
Thrust#2,262144,1024,3.14578,1933
Thrust#2,262144,1024,3.14146,1900
Thrust#2,262144,1024,3.14212,1916
Thrust#2,262144,1024,3.13992,1918
Thrust#2,262144,1024,3.1433,1920
Thrust#2,262144,1024,3.14621,1896
Thrust#2,262144,1024,3.14333,1918
Thrust#2,262144,1024,3.13943,1932
Thrust#2,262144,1024,3.1456,1906
Thrust#2,262144,1024,3.14693,1919
Thrust#2,262144,1024,3.13869,1891
Thrust#2,262144,1024,3.14088,1917
Thrust#2,262144,1024,3.14334,1919
Thrust#2,262144,1024,3.13921,1896
Thrust#2,262144,1024,3.13927,1918
Thrust#2,262144,1024,3.13844,3094
Thrust#2,262144,1024,3.13792,1979
Thrust#2,262144,1024,3.14314,1897
Thrust#2,262144,1024,3.13829,2030
Thrust#2,262144,1024,3.14273,1971
Thrust#2,262144,1024,3.13683,2898
Thrust#2,262144,1024,3.14346,2030
Thrust#2,262144,1024,3.1411,1949
Thrust#2,262144,1024,3.13951,1923
Thrust#2,262144,1024,3.14299,1950
Thrust#2,262144,1024,3.14058,1933
Thrust#2,262144,1024,3.14287,1913
Thrust#2,262144,1024,3.14014,1889
Thrust#2,262144,1024,3.14037,1912
Thrust#2,262144,1024,3.14473,1892
Thrust#2,262144,1024,3.13757,1892
Thrust#2,262144,1024,3.14265,3091
Thrust#2,262144,1024,3.1409,1952
Thrust#2,262144,1024,3.13541,1882
Thrust#2,262144,1024,3.13446,1890
Thrust#2,262144,1024,3.13873,1919
Thrust#2,262144,1024,3.13861,1909
Thrust#2,262144,1024,3.14748,1885
Thrust#2,262144,1024,3.13504,1889
Thrust#2,262144,1024,3.14462,1884
Thrust#2,262144,1024,3.14282,1886
Thrust#2,262144,1024,3.13843,1912
Thrust#2,262144,1024,3.1413,1913
Thrust#2,262144,1024,3.13745,1892
Thrust#2,262144,1024,3.1442,1920
Thrust#2,262144,1024,3.14099,1905
Thrust#2,262144,1024,3.13869,1913
Thrust#2,262144,1024,3.13902,1931
Thrust#2,262144,1024,3.14282,3123
Thrust#2,262144,1024,3.14349,1980
Thrust#2,262144,1024,3.14606,1955
Thrust#2,262144,1024,3.14015,1949
Thrust#2,262144,1024,3.14091,1937
Thrust#2,262144,1024,3.14008,1905
Thrust#2,262144,1024,3.14149,1930
Thrust#2,262144,1024,3.14041,1921
Thrust#2,262144,1024,3.14761,1916
Thrust#2,262144,1024,3.14369,1894
Thrust#2,262144,1024,3.1498,1918
Thrust#2,262144,1024,3.1404,1902
Thrust#2,262144,1024,3.144,1923
Thrust#2,262144,1024,3.14496,1906
Thrust#2,262144,1024,3.13986,1906
Thrust#2,262144,1024,3.13564,1925
Thrust#2,262144,1024,3.14751,3078
Thrust#2,262144,1024,3.13675,1921
Thrust#2,262144,1024,3.13641,1933
Thrust#2,262144,1024,3.14259,1922
Thrust#2,262144,1024,3.13972,1917
Thrust#2,262144,1024,3.14111,1919
Thrust#2,262144,1024,3.14206,1907
Thrust#2,262144,1024,3.13995,1920
Thrust#2,262144,1024,3.14133,1896
Thrust#2,262144,1024,3.14417,1894
Thrust#2,262144,1024,3.14304,1907
Thrust#2,262144,1024,3.14079,1919
Thrust#2,262144,1024,3.14384,1894
Thrust#2,262144,1024,3.14789,1904
Thrust#2,262144,1024,3.14862,1899
Thrust#2,262144,1024,3.14276,1919
Thrust#2,262144,1024,3.14037,1945
Thrust#2,262144,1024,3.13933,1924
Thrust#2,262144,1024,3.14786,1907
Thrust#2,262144,1024,3.14349,1906
Thrust#2,262144,1024,3.138,1882
Thrust#2,262144,1024,3.13718,1897
Thrust#2,262144,1024,3.13913,1926
Thrust#2,262144,1024,3.14291,1926
Thrust#2,262144,1024,3.13995,1928
Thrust#2,262144,1024,3.13863,1919
Thrust#2,262144,1024,3.1442,3131
Thrust#2,262144,1024,3.13898,1992
Thrust#2,262144,1024,3.13791,1931
Thrust#2,262144,1024,3.14287,1917
Thrust#2,262144,1024,3.14571,1903
Thrust#2,262144,1024,3.14557,1917
Thrust#2,262144,2048,3.14708,3475
Thrust#2,262144,2048,3.13618,3504
Thrust#2,262144,2048,3.14275,3485
Thrust#2,262144,2048,3.14601,3478
Thrust#2,262144,2048,3.14488,3479
Thrust#2,262144,2048,3.13287,3485
Thrust#2,262144,2048,3.14482,4685
Thrust#2,262144,2048,3.13916,3523
Thrust#2,262144,2048,3.14169,3484
Thrust#2,262144,2048,3.14438,3474
Thrust#2,262144,2048,3.14201,3476
Thrust#2,262144,2048,3.14606,3492
Thrust#2,262144,2048,3.14426,3488
Thrust#2,262144,2048,3.1402,3471
Thrust#2,262144,2048,3.14301,3487
Thrust#2,262144,2048,3.14218,4752
Thrust#2,262144,2048,3.14378,3523
Thrust#2,262144,2048,3.13922,3483
Thrust#2,262144,2048,3.14336,3474
Thrust#2,262144,2048,3.13571,3477
Thrust#2,262144,2048,3.13521,3473
Thrust#2,262144,2048,3.14882,3504
Thrust#2,262144,2048,3.13763,3494
Thrust#2,262144,2048,3.14168,3477
Thrust#2,262144,2048,3.14487,3475
Thrust#2,262144,2048,3.14197,4653
Thrust#2,262144,2048,3.13959,3527
Thrust#2,262144,2048,3.14081,3473
Thrust#2,262144,2048,3.14336,3472
Thrust#2,262144,2048,3.14194,3497
Thrust#2,262144,2048,3.14153,3474
Thrust#2,262144,2048,3.14308,3483
Thrust#2,262144,2048,3.14142,3542
Thrust#2,262144,2048,3.13956,4631
Thrust#2,262144,2048,3.14307,3523
Thrust#2,262144,2048,3.14363,3486
Thrust#2,262144,2048,3.14429,3483
Thrust#2,262144,2048,3.14194,3483
Thrust#2,262144,2048,3.14449,3474
Thrust#2,262144,2048,3.1469,3479
Thrust#2,262144,2048,3.14409,3475
Thrust#2,262144,2048,3.1427,3473
Thrust#2,262144,2048,3.14056,3512
Thrust#2,262144,2048,3.14233,3494
Thrust#2,262144,2048,3.14075,3464
Thrust#2,262144,2048,3.1409,3472
Thrust#2,262144,2048,3.14142,3474
Thrust#2,262144,2048,3.13693,3481
Thrust#2,262144,2048,3.13976,4699
Thrust#2,262144,2048,3.13719,3547
Thrust#2,262144,2048,3.14209,3473
Thrust#2,262144,2048,3.13194,3483
Thrust#2,262144,2048,3.1395,3500
Thrust#2,262144,2048,3.13701,3498
Thrust#2,262144,2048,3.14243,3467
Thrust#2,262144,2048,3.13741,3473
Thrust#2,262144,2048,3.14145,3486
Thrust#2,262144,2048,3.14471,4695
Thrust#2,262144,2048,3.14462,3527
Thrust#2,262144,2048,3.14764,3494
Thrust#2,262144,2048,3.14473,3495
Thrust#2,262144,2048,3.14005,3476
Thrust#2,262144,2048,3.14122,3497
Thrust#2,262144,2048,3.14354,3484
Thrust#2,262144,2048,3.13899,3464
Thrust#2,262144,2048,3.13992,3492
Thrust#2,262144,2048,3.14249,4685
Thrust#2,262144,2048,3.1418,3541
Thrust#2,262144,2048,3.13985,3517
Thrust#2,262144,2048,3.14371,3484
Thrust#2,262144,2048,3.14462,3466
Thrust#2,262144,2048,3.13789,3475
Thrust#2,262144,2048,3.14693,3494
Thrust#2,262144,2048,3.13773,3486
Thrust#2,262144,2048,3.14732,3474
Thrust#2,262144,2048,3.13977,4690
Thrust#2,262144,2048,3.14177,3540
Thrust#2,262144,2048,3.13983,3483
Thrust#2,262144,2048,3.14107,3488
Thrust#2,262144,2048,3.13974,3484
Thrust#2,262144,2048,3.14308,3475
Thrust#2,262144,2048,3.13814,3471
Thrust#2,262144,2048,3.13895,3505
Thrust#2,262144,2048,3.13524,3503
Thrust#2,262144,2048,3.13966,3482
Thrust#2,262144,2048,3.14061,3513
Thrust#2,262144,2048,3.1449,3491
Thrust#2,262144,2048,3.14183,3464
Thrust#2,262144,2048,3.14313,3475
Thrust#2,262144,2048,3.14073,4692
Thrust#2,262144,2048,3.1443,3526
Thrust#2,262144,2048,3.14565,3493
Thrust#2,262144,2048,3.14091,3492
Thrust#2,262144,2048,3.13985,3503
Thrust#2,262144,2048,3.13889,3489
Thrust#2,262144,2048,3.13745,3466
Thrust#2,262144,2048,3.14354,3490
Thrust#2,262144,2048,3.1412,3485
Thrust#2,262144,2048,3.13736,4752
Thrust#2,262144,2048,3.13705,3552
Thrust#2,262144,4096,3.1432,6850
Thrust#2,262144,4096,3.14845,6885
Thrust#2,262144,4096,3.14143,6858
Thrust#2,262144,4096,3.14107,6839
Thrust#2,262144,4096,3.14354,8040
Thrust#2,262144,4096,3.14432,6871
Thrust#2,262144,4096,3.14197,7038
Thrust#2,262144,4096,3.13072,6869
Thrust#2,262144,4096,3.14531,6851
Thrust#2,262144,4096,3.13748,6833
Thrust#2,262144,4096,3.13718,6821
Thrust#2,262144,4096,3.1349,8043
Thrust#2,262144,4096,3.14073,6868
Thrust#2,262144,4096,3.14548,6857
Thrust#2,262144,4096,3.14365,6820
Thrust#2,262144,4096,3.14052,6823
Thrust#2,262144,4096,3.13676,8033
Thrust#2,262144,4096,3.13766,6861
Thrust#2,262144,4096,3.14053,6834
Thrust#2,262144,4096,3.14397,6836
Thrust#2,262144,4096,3.14314,6821
Thrust#2,262144,4096,3.14394,8025
Thrust#2,262144,4096,3.14108,6865
Thrust#2,262144,4096,3.1366,6823
Thrust#2,262144,4096,3.14651,6847
Thrust#2,262144,4096,3.14761,7972
Thrust#2,262144,4096,3.14177,6876
Thrust#2,262144,4096,3.14128,6829
Thrust#2,262144,4096,3.14339,6809
Thrust#2,262144,4096,3.13971,6845
Thrust#2,262144,4096,3.14101,6832
Thrust#2,262144,4096,3.14322,6824
Thrust#2,262144,4096,3.14435,8025
Thrust#2,262144,4096,3.14062,6854
Thrust#2,262144,4096,3.13741,6819
Thrust#2,262144,4096,3.1393,6850
Thrust#2,262144,4096,3.14304,6843
Thrust#2,262144,4096,3.14014,8015
Thrust#2,262144,4096,3.14758,6864
Thrust#2,262144,4096,3.14279,6799
Thrust#2,262144,4096,3.14627,6843
Thrust#2,262144,4096,3.13857,6827
Thrust#2,262144,4096,3.14433,6834
Thrust#2,262144,4096,3.13803,6813
Thrust#2,262144,4096,3.14293,8034
Thrust#2,262144,4096,3.14296,6883
Thrust#2,262144,4096,3.1425,6820
Thrust#2,262144,4096,3.13519,6834
Thrust#2,262144,4096,3.14514,6814
Thrust#2,262144,4096,3.14777,8032
Thrust#2,262144,4096,3.14651,6861
Thrust#2,262144,4096,3.14351,6854
Thrust#2,262144,4096,3.1443,6819
Thrust#2,262144,4096,3.13719,6820
Thrust#2,262144,4096,3.13846,8053
Thrust#2,262144,4096,3.14153,6856
Thrust#2,262144,4096,3.13814,6857
Thrust#2,262144,4096,3.13521,6833
Thrust#2,262144,4096,3.1463,7999
Thrust#2,262144,4096,3.14278,6853
Thrust#2,262144,4096,3.1432,6825
Thrust#2,262144,4096,3.14021,6856
Thrust#2,262144,4096,3.14,6831
Thrust#2,262144,4096,3.14185,8147
Thrust#2,262144,4096,3.13895,6855
Thrust#2,262144,4096,3.14626,6816
Thrust#2,262144,4096,3.14041,6819
Thrust#2,262144,4096,3.13867,6852
Thrust#2,262144,4096,3.14455,6823
Thrust#2,262144,4096,3.14139,6820
Thrust#2,262144,4096,3.1427,8011
Thrust#2,262144,4096,3.13707,6862
Thrust#2,262144,4096,3.14136,6844
Thrust#2,262144,4096,3.1442,6832
Thrust#2,262144,4096,3.14577,6814
Thrust#2,262144,4096,3.13669,8042
Thrust#2,262144,4096,3.14751,6853
Thrust#2,262144,4096,3.14279,6844
Thrust#2,262144,4096,3.13965,6836
Thrust#2,262144,4096,3.14355,8056
Thrust#2,262144,4096,3.14394,6864
Thrust#2,262144,4096,3.14444,6818
Thrust#2,262144,4096,3.14362,6819
Thrust#2,262144,4096,3.14059,6837
Thrust#2,262144,4096,3.14551,8074
Thrust#2,262144,4096,3.13872,6858
Thrust#2,262144,4096,3.14186,6803
Thrust#2,262144,4096,3.14059,6817
Thrust#2,262144,4096,3.1434,6840
Thrust#2,262144,4096,3.14417,6819
Thrust#2,262144,4096,3.13715,6820
Thrust#2,262144,4096,3.14235,8000
Thrust#2,262144,4096,3.14526,6860
Thrust#2,262144,4096,3.14142,6843
Thrust#2,262144,4096,3.14574,6828
Thrust#2,262144,4096,3.14313,6824
Thrust#2,262144,4096,3.14015,8045
Thrust#2,262144,4096,3.14362,6865
Thrust#2,262144,4096,3.14227,7151
Thrust#2,262144,4096,3.14729,6847
Thrust#2,262144,8192,3.13658,13477
Thrust#2,262144,8192,3.14119,14680
Thrust#2,262144,8192,3.1321,13555
Thrust#2,262144,8192,3.1386,14653
Thrust#2,262144,8192,3.14352,13534
Thrust#2,262144,8192,3.14072,13513
Thrust#2,262144,8192,3.14799,13509
Thrust#2,262144,8192,3.14433,14656
Thrust#2,262144,8192,3.1458,13573
Thrust#2,262144,8192,3.14195,13513
Thrust#2,262144,8192,3.14371,14694
Thrust#2,262144,8192,3.14076,13579
Thrust#2,262144,8192,3.14113,14689
Thrust#2,262144,8192,3.14444,13520
Thrust#2,262144,8192,3.13824,13509
Thrust#2,262144,8192,3.14218,13512
Thrust#2,262144,8192,3.14093,14667
Thrust#2,262144,8192,3.14021,13531
Thrust#2,262144,8192,3.14566,13501
Thrust#2,262144,8192,3.13748,14665
Thrust#2,262144,8192,3.13863,13565
Thrust#2,262144,8192,3.14458,13497
Thrust#2,262144,8192,3.13657,14698
Thrust#2,262144,8192,3.14308,13558
Thrust#2,262144,8192,3.14584,14608
Thrust#2,262144,8192,3.14175,13526
Thrust#2,262144,8192,3.14278,13510
Thrust#2,262144,8192,3.13377,13501
Thrust#2,262144,8192,3.14301,14713
Thrust#2,262144,8192,3.14139,13560
Thrust#2,262144,8192,3.13913,14638
Thrust#2,262144,8192,3.13766,13520
Thrust#2,262144,8192,3.13995,13537
Thrust#2,262144,8192,3.14731,13510
Thrust#2,262144,8192,3.13458,14669
Thrust#2,262144,8192,3.1445,13573
Thrust#2,262144,8192,3.14294,14619
Thrust#2,262144,8192,3.14175,13521
Thrust#2,262144,8192,3.1423,13534
Thrust#2,262144,8192,3.14061,13525
Thrust#2,262144,8192,3.14198,14748
Thrust#2,262144,8192,3.14366,13583
Thrust#2,262144,8192,3.13847,14589
Thrust#2,262144,8192,3.14706,13533
Thrust#2,262144,8192,3.14011,13529
Thrust#2,262144,8192,3.14633,13531
Thrust#2,262144,8192,3.13658,14663
Thrust#2,262144,8192,3.14264,13549
Thrust#2,262144,8192,3.14348,14631
Thrust#2,262144,8192,3.14851,13525
Thrust#2,262144,8192,3.14149,13514
Thrust#2,262144,8192,3.14197,13564
Thrust#2,262144,8192,3.14432,14686
Thrust#2,262144,8192,3.13995,13709
Thrust#2,262144,8192,3.14462,13570
Thrust#2,262144,8192,3.1412,14462
Thrust#2,262144,8192,3.14264,13661
Thrust#2,262144,8192,3.13716,13558
Thrust#2,262144,8192,3.13931,14720
Thrust#2,262144,8192,3.14696,13546
Thrust#2,262144,8192,3.14195,14615
Thrust#2,262144,8192,3.14505,13524
Thrust#2,262144,8192,3.14096,13513
Thrust#2,262144,8192,3.14117,13506
Thrust#2,262144,8192,3.13712,14726
Thrust#2,262144,8192,3.14125,13567
Thrust#2,262144,8192,3.14485,14643
Thrust#2,262144,8192,3.13257,13526
Thrust#2,262144,8192,3.14221,13535
Thrust#2,262144,8192,3.13724,13520
Thrust#2,262144,8192,3.13969,14743
Thrust#2,262144,8192,3.14386,13572
Thrust#2,262144,8192,3.14311,14619
Thrust#2,262144,8192,3.13315,13541
Thrust#2,262144,8192,3.14705,13526
Thrust#2,262144,8192,3.14034,13505
Thrust#2,262144,8192,3.14453,14722
Thrust#2,262144,8192,3.14093,13564
Thrust#2,262144,8192,3.13991,14646
Thrust#2,262144,8192,3.13936,13521
Thrust#2,262144,8192,3.13983,13508
Thrust#2,262144,8192,3.14465,13502
Thrust#2,262144,8192,3.13843,14708
Thrust#2,262144,8192,3.14018,13551
Thrust#2,262144,8192,3.14478,14652
Thrust#2,262144,8192,3.13672,13524
Thrust#2,262144,8192,3.13602,13502
Thrust#2,262144,8192,3.14114,13506
Thrust#2,262144,8192,3.13748,14725
Thrust#2,262144,8192,3.13745,13554
Thrust#2,262144,8192,3.13928,14623
Thrust#2,262144,8192,3.13805,13515
Thrust#2,262144,8192,3.13359,13537
Thrust#2,262144,8192,3.14571,13519
Thrust#2,262144,8192,3.14859,14733
Thrust#2,262144,8192,3.13948,13557
Thrust#2,262144,8192,3.13792,14643
Thrust#2,262144,8192,3.14218,13533
Thrust#2,262144,8192,3.1499,13513
Thrust#2,262144,8192,3.13841,13485
Thrust#2,262144,16384,3.14201,28084
Thrust#2,262144,16384,3.13774,27740
Thrust#2,262144,16384,3.14589,27043
Thrust#2,262144,16384,3.14224,27695
Thrust#2,262144,16384,3.13623,26944
Thrust#2,262144,16384,3.14116,27758
Thrust#2,262144,16384,3.14789,27094
Thrust#2,262144,16384,3.14294,27721
Thrust#2,262144,16384,3.14114,26947
Thrust#2,262144,16384,3.14116,27745
Thrust#2,262144,16384,3.14418,27048
Thrust#2,262144,16384,3.14641,27740
Thrust#2,262144,16384,3.14136,26953
Thrust#2,262144,16384,3.14294,27790
Thrust#2,262144,16384,3.14523,27100
Thrust#2,262144,16384,3.14445,27716
Thrust#2,262144,16384,3.14595,26943
Thrust#2,262144,16384,3.1432,27790
Thrust#2,262144,16384,3.1391,27110
Thrust#2,262144,16384,3.13718,27706
Thrust#2,262144,16384,3.14276,26929
Thrust#2,262144,16384,3.14223,27719
Thrust#2,262144,16384,3.14195,27076
Thrust#2,262144,16384,3.14267,27698
Thrust#2,262144,16384,3.1423,26946
Thrust#2,262144,16384,3.14482,27711
Thrust#2,262144,16384,3.14323,27114
Thrust#2,262144,16384,3.14157,27707
Thrust#2,262144,16384,3.1418,26968
Thrust#2,262144,16384,3.13992,27754
Thrust#2,262144,16384,3.14058,27020
Thrust#2,262144,16384,3.1422,27923
Thrust#2,262144,16384,3.13728,26877
Thrust#2,262144,16384,3.14281,27975
Thrust#2,262144,16384,3.13953,26878
Thrust#2,262144,16384,3.14676,28016
Thrust#2,262144,16384,3.13687,26876
Thrust#2,262144,16384,3.14333,27916
Thrust#2,262144,16384,3.13991,26872
Thrust#2,262144,16384,3.14552,27993
Thrust#2,262144,16384,3.14401,26869
Thrust#2,262144,16384,3.13918,28064
Thrust#2,262144,16384,3.14345,26880
Thrust#2,262144,16384,3.1431,27935
Thrust#2,262144,16384,3.13979,26875
Thrust#2,262144,16384,3.14389,28023
Thrust#2,262144,16384,3.14101,26872
Thrust#2,262144,16384,3.14005,28053
Thrust#2,262144,16384,3.13414,26879
Thrust#2,262144,16384,3.14427,27996
Thrust#2,262144,16384,3.14078,26879
Thrust#2,262144,16384,3.14299,28022
Thrust#2,262144,16384,3.14069,26871
Thrust#2,262144,16384,3.14325,28039
Thrust#2,262144,16384,3.14055,26872
Thrust#2,262144,16384,3.14009,27985
Thrust#2,262144,16384,3.13876,26872
Thrust#2,262144,16384,3.14394,27985
Thrust#2,262144,16384,3.14107,26872
Thrust#2,262144,16384,3.14259,28047
Thrust#2,262144,16384,3.13628,26875
Thrust#2,262144,16384,3.14008,27965
Thrust#2,262144,16384,3.1452,26874
Thrust#2,262144,16384,3.14674,27975
Thrust#2,262144,16384,3.14343,26874
Thrust#2,262144,16384,3.15038,28062
Thrust#2,262144,16384,3.14125,26865
Thrust#2,262144,16384,3.14676,27958
Thrust#2,262144,16384,3.1423,26877
Thrust#2,262144,16384,3.14185,27999
Thrust#2,262144,16384,3.14098,26875
Thrust#2,262144,16384,3.14114,28029
Thrust#2,262144,16384,3.14189,26867
Thrust#2,262144,16384,3.14474,27951
Thrust#2,262144,16384,3.14102,26874
Thrust#2,262144,16384,3.14415,27989
Thrust#2,262144,16384,3.14259,26878
Thrust#2,262144,16384,3.13603,28054
Thrust#2,262144,16384,3.14716,26870
Thrust#2,262144,16384,3.13644,27969
Thrust#2,262144,16384,3.14362,26869
Thrust#2,262144,16384,3.1413,27993
Thrust#2,262144,16384,3.13982,26863
Thrust#2,262144,16384,3.13905,28023
Thrust#2,262144,16384,3.14178,26879
Thrust#2,262144,16384,3.1427,27954
Thrust#2,262144,16384,3.14236,27025
Thrust#2,262144,16384,3.14301,27954
Thrust#2,262144,16384,3.14395,27032
Thrust#2,262144,16384,3.14531,28049
Thrust#2,262144,16384,3.14197,26871
Thrust#2,262144,16384,3.13725,27951
Thrust#2,262144,16384,3.14493,26876
Thrust#2,262144,16384,3.13342,28000
Thrust#2,262144,16384,3.13651,26875
Thrust#2,262144,16384,3.14417,28002
Thrust#2,262144,16384,3.14272,26866
Thrust#2,262144,16384,3.14775,28004
Thrust#2,262144,16384,3.14183,26897
Thrust#2,262144,16384,3.14037,28008
Thrust#2,262144,32768,3.14018,53541
Thrust#2,262144,32768,3.1434,54671
Thrust#2,262144,32768,3.13957,54430
Thrust#2,262144,32768,3.13838,54828
Thrust#2,262144,32768,3.14468,53592
Thrust#2,262144,32768,3.14618,54484
Thrust#2,262144,32768,3.14131,54651
Thrust#2,262144,32768,3.13853,53675
Thrust#2,262144,32768,3.14392,54786
Thrust#2,262144,32768,3.14154,54377
Thrust#2,262144,32768,3.14484,54621
Thrust#2,262144,32768,3.14386,53640
Thrust#2,262144,32768,3.14409,54538
Thrust#2,262144,32768,3.14003,54727
Thrust#2,262144,32768,3.13991,53566
Thrust#2,262144,32768,3.14175,54522
Thrust#2,262144,32768,3.14366,54699
Thrust#2,262144,32768,3.14594,53587
Thrust#2,262144,32768,3.14211,54452
Thrust#2,262144,32768,3.13954,54729
Thrust#2,262144,32768,3.14375,53576
Thrust#2,262144,32768,3.13737,54498
Thrust#2,262144,32768,3.13879,54656
Thrust#2,262144,32768,3.14818,53640
Thrust#2,262144,32768,3.14288,54460
Thrust#2,262144,32768,3.13957,54741
Thrust#2,262144,32768,3.13805,53607
Thrust#2,262144,32768,3.13844,54493
Thrust#2,262144,32768,3.14108,55037
Thrust#2,262144,32768,3.14082,54398
Thrust#2,262144,32768,3.13902,54588
Thrust#2,262144,32768,3.13646,53651
Thrust#2,262144,32768,3.14081,54551
Thrust#2,262144,32768,3.13243,54746
Thrust#2,262144,32768,3.13437,53607
Thrust#2,262144,32768,3.14384,54506
Thrust#2,262144,32768,3.13792,54717
Thrust#2,262144,32768,3.14627,53617
Thrust#2,262144,32768,3.14601,54455
Thrust#2,262144,32768,3.14101,54731
Thrust#2,262144,32768,3.1461,53603
Thrust#2,262144,32768,3.14075,54485
Thrust#2,262144,32768,3.14513,54988
Thrust#2,262144,32768,3.14432,53564
Thrust#2,262144,32768,3.14256,54777
Thrust#2,262144,32768,3.14099,54409
Thrust#2,262144,32768,3.14397,54628
Thrust#2,262144,32768,3.14467,53621
Thrust#2,262144,32768,3.14204,54789
Thrust#2,262144,32768,3.14301,53615
Thrust#2,262144,32768,3.13676,54466
Thrust#2,262144,32768,3.14149,54742
Thrust#2,262144,32768,3.14255,53608
Thrust#2,262144,32768,3.14096,54439
Thrust#2,262144,32768,3.14017,54674
Thrust#2,262144,32768,3.14006,53645
Thrust#2,262144,32768,3.14021,54786
Thrust#2,262144,32768,3.13618,54404
Thrust#2,262144,32768,3.14577,54651
Thrust#2,262144,32768,3.13976,53655
Thrust#2,262144,32768,3.14517,54486
Thrust#2,262144,32768,3.14012,54685
Thrust#2,262144,32768,3.14708,53606
Thrust#2,262144,32768,3.13866,54491
Thrust#2,262144,32768,3.13708,54637
Thrust#2,262144,32768,3.13596,53671
Thrust#2,262144,32768,3.14261,54440
Thrust#2,262144,32768,3.14752,54641
Thrust#2,262144,32768,3.14319,53996
Thrust#2,262144,32768,3.14005,54346
Thrust#2,262144,32768,3.13896,54709
Thrust#2,262144,32768,3.14079,53654
Thrust#2,262144,32768,3.14107,54434
Thrust#2,262144,32768,3.13826,54747
Thrust#2,262144,32768,3.13466,53605
Thrust#2,262144,32768,3.14754,54486
Thrust#2,262144,32768,3.14479,54660
Thrust#2,262144,32768,3.13913,53652
Thrust#2,262144,32768,3.13858,54431
Thrust#2,262144,32768,3.14313,54725
Thrust#2,262144,32768,3.14383,53614
Thrust#2,262144,32768,3.13945,54528
Thrust#2,262144,32768,3.13834,54627
Thrust#2,262144,32768,3.14406,53654
Thrust#2,262144,32768,3.14291,54433
Thrust#2,262144,32768,3.14185,54744
Thrust#2,262144,32768,3.1362,53606
Thrust#2,262144,32768,3.13898,54766
Thrust#2,262144,32768,3.14485,54434
Thrust#2,262144,32768,3.14117,54761
Thrust#2,262144,32768,3.14276,53575
Thrust#2,262144,32768,3.14578,54507
Thrust#2,262144,32768,3.13918,54654
Thrust#2,262144,32768,3.14507,53647
Thrust#2,262144,32768,3.13751,54469
Thrust#2,262144,32768,3.14494,54705
Thrust#2,262144,32768,3.14311,53593
Thrust#2,262144,32768,3.14255,54727
Thrust#2,262144,32768,3.14182,54429
Thrust#2,262144,32768,3.13986,54735
Thrust#2,524288,1,3.14451,12018
Thrust#2,524288,1,3.1425,11985
Thrust#2,524288,1,3.13953,11082
Thrust#2,524288,1,3.14188,10777
Thrust#2,524288,1,3.13836,10783
Thrust#2,524288,1,3.14131,11885
Thrust#2,524288,1,3.14133,10979
Thrust#2,524288,1,3.14352,10757
Thrust#2,524288,1,3.13878,11941
Thrust#2,524288,1,3.14811,10877
Thrust#2,524288,1,3.14303,10772
Thrust#2,524288,1,3.1413,10778
Thrust#2,524288,1,3.14507,10787
Thrust#2,524288,1,3.14162,11919
Thrust#2,524288,1,3.14303,11208
Thrust#2,524288,1,3.1452,10844
Thrust#2,524288,1,3.14033,10768
Thrust#2,524288,1,3.14361,11954
Thrust#2,524288,1,3.14264,10958
Thrust#2,524288,1,3.14057,10781
Thrust#2,524288,1,3.13986,11898
Thrust#2,524288,1,3.13995,10976
Thrust#2,524288,1,3.14149,10744
Thrust#2,524288,1,3.14487,11890
Thrust#2,524288,1,3.13881,10898
Thrust#2,524288,1,3.14066,10760
Thrust#2,524288,1,3.13912,10770
Thrust#2,524288,1,3.14651,10798
Thrust#2,524288,1,3.14232,11961
Thrust#2,524288,1,3.13931,10946
Thrust#2,524288,1,3.13792,10785
Thrust#2,524288,1,3.13997,10782
Thrust#2,524288,1,3.14552,11891
Thrust#2,524288,1,3.14304,10971
Thrust#2,524288,1,3.14317,10793
Thrust#2,524288,1,3.14296,11956
Thrust#2,524288,1,3.14018,10947
Thrust#2,524288,1,3.14149,10743
Thrust#2,524288,1,3.14339,11892
Thrust#2,524288,1,3.13877,10893
Thrust#2,524288,1,3.14336,10767
Thrust#2,524288,1,3.14423,10760
Thrust#2,524288,1,3.14298,10777
Thrust#2,524288,1,3.13719,11917
Thrust#2,524288,1,3.14245,10959
Thrust#2,524288,1,3.13799,10759
Thrust#2,524288,1,3.13925,10765
Thrust#2,524288,1,3.1422,11873
Thrust#2,524288,1,3.13878,10958
Thrust#2,524288,1,3.14269,10757
Thrust#2,524288,1,3.14442,11922
Thrust#2,524288,1,3.1366,10890
Thrust#2,524288,1,3.14413,10777
Thrust#2,524288,1,3.13914,10747
Thrust#2,524288,1,3.13879,10798
Thrust#2,524288,1,3.14099,11896
Thrust#2,524288,1,3.13817,10956
Thrust#2,524288,1,3.14317,10770
Thrust#2,524288,1,3.14058,10807
Thrust#2,524288,1,3.14281,11941
Thrust#2,524288,1,3.14308,10948
Thrust#2,524288,1,3.13837,10822
Thrust#2,524288,1,3.13702,11896
Thrust#2,524288,1,3.14168,10971
Thrust#2,524288,1,3.14101,10759
Thrust#2,524288,1,3.14439,11907
Thrust#2,524288,1,3.14105,10872
Thrust#2,524288,1,3.14201,10761
Thrust#2,524288,1,3.14501,10782
Thrust#2,524288,1,3.14231,10796
Thrust#2,524288,1,3.14268,11939
Thrust#2,524288,1,3.14458,10950
Thrust#2,524288,1,3.14227,10762
Thrust#2,524288,1,3.14243,10793
Thrust#2,524288,1,3.1456,11903
Thrust#2,524288,1,3.14452,10975
Thrust#2,524288,1,3.14067,10815
Thrust#2,524288,1,3.14279,11944
Thrust#2,524288,1,3.14008,10993
Thrust#2,524288,1,3.13928,10799
Thrust#2,524288,1,3.13728,11886
Thrust#2,524288,1,3.1403,10902
Thrust#2,524288,1,3.1386,10753
Thrust#2,524288,1,3.14116,11935
Thrust#2,524288,1,3.14135,10877
Thrust#2,524288,1,3.13669,10780
Thrust#2,524288,1,3.14185,10760
Thrust#2,524288,1,3.14562,10788
Thrust#2,524288,1,3.13732,11945
Thrust#2,524288,1,3.13972,10953
Thrust#2,524288,1,3.13998,10753
Thrust#2,524288,1,3.14149,10794
Thrust#2,524288,1,3.14101,11884
Thrust#2,524288,1,3.13948,10967
Thrust#2,524288,1,3.14668,10782
Thrust#2,524288,1,3.14258,11922
Thrust#2,524288,1,3.1404,10950
Thrust#2,524288,1,3.13888,10777
Thrust#2,524288,1,3.14384,11907
Thrust#2,524288,1,3.1417,10902
Thrust#2,524288,2,3.14035,5822
Thrust#2,524288,2,3.13823,5847
Thrust#2,524288,2,3.14417,5847
Thrust#2,524288,2,3.14102,5850
Thrust#2,524288,2,3.14236,5858
Thrust#2,524288,2,3.14101,6984
Thrust#2,524288,2,3.14116,6015
Thrust#2,524288,2,3.14389,6154
Thrust#2,524288,2,3.13985,5904
Thrust#2,524288,2,3.14117,5895
Thrust#2,524288,2,3.14246,6951
Thrust#2,524288,2,3.13811,6034
Thrust#2,524288,2,3.14354,5834
Thrust#2,524288,2,3.14028,5831
Thrust#2,524288,2,3.13943,5827
Thrust#2,524288,2,3.13983,5815
Thrust#2,524288,2,3.13791,5864
Thrust#2,524288,2,3.14172,5839
Thrust#2,524288,2,3.1433,5857
Thrust#2,524288,2,3.14371,6979
Thrust#2,524288,2,3.14375,6026
Thrust#2,524288,2,3.14017,5823
Thrust#2,524288,2,3.13963,5872
Thrust#2,524288,2,3.14183,5833
Thrust#2,524288,2,3.14222,6942
Thrust#2,524288,2,3.14166,6032
Thrust#2,524288,2,3.13972,5839
Thrust#2,524288,2,3.14387,5835
Thrust#2,524288,2,3.1417,5862
Thrust#2,524288,2,3.14075,5853
Thrust#2,524288,2,3.14313,6949
Thrust#2,524288,2,3.1423,6104
Thrust#2,524288,2,3.1418,5815
Thrust#2,524288,2,3.14224,5835
Thrust#2,524288,2,3.14085,5860
Thrust#2,524288,2,3.14468,5833
Thrust#2,524288,2,3.14061,7138
Thrust#2,524288,2,3.14037,5838
Thrust#2,524288,2,3.14132,5818
Thrust#2,524288,2,3.14134,5827
Thrust#2,524288,2,3.14117,5854
Thrust#2,524288,2,3.13785,6942
Thrust#2,524288,2,3.14346,6056
Thrust#2,524288,2,3.1423,5828
Thrust#2,524288,2,3.14243,5856
Thrust#2,524288,2,3.14359,5837
Thrust#2,524288,2,3.14289,5863
Thrust#2,524288,2,3.14196,5822
Thrust#2,524288,2,3.13367,5844
Thrust#2,524288,2,3.14288,6985
Thrust#2,524288,2,3.14337,6004
Thrust#2,524288,2,3.14211,5824
Thrust#2,524288,2,3.14331,5869
Thrust#2,524288,2,3.14141,5831
Thrust#2,524288,2,3.14272,5835
Thrust#2,524288,2,3.1394,6943
Thrust#2,524288,2,3.14159,6038
Thrust#2,524288,2,3.13762,5833
Thrust#2,524288,2,3.1365,5854
Thrust#2,524288,2,3.1369,5837
Thrust#2,524288,2,3.13976,6969
Thrust#2,524288,2,3.14227,6070
Thrust#2,524288,2,3.14249,5861
Thrust#2,524288,2,3.14314,5828
Thrust#2,524288,2,3.13911,5852
Thrust#2,524288,2,3.14372,5929
Thrust#2,524288,2,3.1373,6961
Thrust#2,524288,2,3.13882,6027
Thrust#2,524288,2,3.13724,5841
Thrust#2,524288,2,3.14575,5833
Thrust#2,524288,2,3.14205,5876
Thrust#2,524288,2,3.14109,6946
Thrust#2,524288,2,3.14272,6018
Thrust#2,524288,2,3.14307,5814
Thrust#2,524288,2,3.13971,5817
Thrust#2,524288,2,3.14243,5830
Thrust#2,524288,2,3.14292,5843
Thrust#2,524288,2,3.14616,5829
Thrust#2,524288,2,3.13791,5811
Thrust#2,524288,2,3.14066,7000
Thrust#2,524288,2,3.14104,6031
Thrust#2,524288,2,3.14043,5827
Thrust#2,524288,2,3.13899,5879
Thrust#2,524288,2,3.13926,5833
Thrust#2,524288,2,3.14044,5852
Thrust#2,524288,2,3.14333,6925
Thrust#2,524288,2,3.1435,6038
Thrust#2,524288,2,3.14101,5855
Thrust#2,524288,2,3.14162,5849
Thrust#2,524288,2,3.13709,5820
Thrust#2,524288,2,3.14204,6949
Thrust#2,524288,2,3.13852,6081
Thrust#2,524288,2,3.13934,5830
Thrust#2,524288,2,3.14041,5817
Thrust#2,524288,2,3.14439,5855
Thrust#2,524288,2,3.14094,5834
Thrust#2,524288,2,3.14232,6914
Thrust#2,524288,2,3.14018,6039
Thrust#2,524288,2,3.14106,5821
Thrust#2,524288,2,3.14174,5835
Thrust#2,524288,4,3.14064,3383
Thrust#2,524288,4,3.14422,3383
Thrust#2,524288,4,3.14384,3363
Thrust#2,524288,4,3.14165,4466
Thrust#2,524288,4,3.14258,3563
Thrust#2,524288,4,3.14438,3344
Thrust#2,524288,4,3.14231,3356
Thrust#2,524288,4,3.13707,3361
Thrust#2,524288,4,3.14493,3348
Thrust#2,524288,4,3.13731,3383
Thrust#2,524288,4,3.14121,3376
Thrust#2,524288,4,3.14313,3401
Thrust#2,524288,4,3.14115,3363
Thrust#2,524288,4,3.13821,3346
Thrust#2,524288,4,3.14148,3377
Thrust#2,524288,4,3.14085,3376
Thrust#2,524288,4,3.13994,3352
Thrust#2,524288,4,3.14362,4516
Thrust#2,524288,4,3.13649,3586
Thrust#2,524288,4,3.14162,3360
Thrust#2,524288,4,3.14217,3354
Thrust#2,524288,4,3.14436,3381
Thrust#2,524288,4,3.14117,3380
Thrust#2,524288,4,3.14208,3372
Thrust#2,524288,4,3.14252,3347
Thrust#2,524288,4,3.13844,3366
Thrust#2,524288,4,3.14046,4499
Thrust#2,524288,4,3.13823,3566
Thrust#2,524288,4,3.13834,3442
Thrust#2,524288,4,3.14348,3351
Thrust#2,524288,4,3.14125,3352
Thrust#2,524288,4,3.14065,3357
Thrust#2,524288,4,3.1398,3422
Thrust#2,524288,4,3.14335,3394
Thrust#2,524288,4,3.14764,3352
Thrust#2,524288,4,3.14103,3350
Thrust#2,524288,4,3.14052,4435
Thrust#2,524288,4,3.14211,3669
Thrust#2,524288,4,3.1432,3358
Thrust#2,524288,4,3.14313,3357
Thrust#2,524288,4,3.14059,3350
Thrust#2,524288,4,3.14007,3382
Thrust#2,524288,4,3.14242,3367
Thrust#2,524288,4,3.14253,3388
Thrust#2,524288,4,3.14662,3374
Thrust#2,524288,4,3.1431,4463
Thrust#2,524288,4,3.1429,3567
Thrust#2,524288,4,3.14031,3359
Thrust#2,524288,4,3.14155,3373
Thrust#2,524288,4,3.13956,3362
Thrust#2,524288,4,3.14401,3352
Thrust#2,524288,4,3.13725,3340
Thrust#2,524288,4,3.14207,3367
Thrust#2,524288,4,3.1412,3395
Thrust#2,524288,4,3.14215,3388
Thrust#2,524288,4,3.1406,4447
Thrust#2,524288,4,3.14021,3587
Thrust#2,524288,4,3.14359,3375
Thrust#2,524288,4,3.1418,3351
Thrust#2,524288,4,3.14107,3341
Thrust#2,524288,4,3.14466,3342
Thrust#2,524288,4,3.14382,3361
Thrust#2,524288,4,3.14594,3343
Thrust#2,524288,4,3.1444,3365
Thrust#2,524288,4,3.14384,3392
Thrust#2,524288,4,3.1376,3365
Thrust#2,524288,4,3.14175,3343
Thrust#2,524288,4,3.14216,3378
Thrust#2,524288,4,3.14394,3379
Thrust#2,524288,4,3.1401,4526
Thrust#2,524288,4,3.1376,3562
Thrust#2,524288,4,3.14362,3387
Thrust#2,524288,4,3.14051,3355
Thrust#2,524288,4,3.14026,3344
Thrust#2,524288,4,3.14246,3401
Thrust#2,524288,4,3.14051,3368
Thrust#2,524288,4,3.14037,3374
Thrust#2,524288,4,3.14021,3365
Thrust#2,524288,4,3.14147,3342
Thrust#2,524288,4,3.14296,4440
Thrust#2,524288,4,3.14223,3583
Thrust#2,524288,4,3.14049,3375
Thrust#2,524288,4,3.13845,3374
Thrust#2,524288,4,3.13635,3376
Thrust#2,524288,4,3.14195,3391
Thrust#2,524288,4,3.14115,3395
Thrust#2,524288,4,3.1404,3369
Thrust#2,524288,4,3.14066,3352
Thrust#2,524288,4,3.13963,4475
Thrust#2,524288,4,3.14344,3652
Thrust#2,524288,4,3.14091,3372
Thrust#2,524288,4,3.14172,3360
Thrust#2,524288,4,3.14144,3360
Thrust#2,524288,4,3.14285,3343
Thrust#2,524288,4,3.13873,3354
Thrust#2,524288,4,3.14328,3391
Thrust#2,524288,4,3.14088,3375
Thrust#2,524288,4,3.1426,3361
Thrust#2,524288,4,3.13667,4462
Thrust#2,524288,4,3.14306,3571
Thrust#2,524288,8,3.1423,2244
Thrust#2,524288,8,3.14213,2233
Thrust#2,524288,8,3.14287,2252
Thrust#2,524288,8,3.14142,2251
Thrust#2,524288,8,3.14326,2258
Thrust#2,524288,8,3.14092,2248
Thrust#2,524288,8,3.14494,2225
Thrust#2,524288,8,3.14034,2219
Thrust#2,524288,8,3.13715,2253
Thrust#2,524288,8,3.14458,2256
Thrust#2,524288,8,3.14497,2239
Thrust#2,524288,8,3.14053,3325
Thrust#2,524288,8,3.14246,2455
Thrust#2,524288,8,3.14111,2245
Thrust#2,524288,8,3.14135,2239
Thrust#2,524288,8,3.14179,2242
Thrust#2,524288,8,3.14378,2230
Thrust#2,524288,8,3.14499,2222
Thrust#2,524288,8,3.14183,2231
Thrust#2,524288,8,3.14304,2264
Thrust#2,524288,8,3.14085,2255
Thrust#2,524288,8,3.13994,2224
Thrust#2,524288,8,3.14386,2231
Thrust#2,524288,8,3.1405,2229
Thrust#2,524288,8,3.14126,2253
Thrust#2,524288,8,3.1411,2250
Thrust#2,524288,8,3.14393,2229
Thrust#2,524288,8,3.13864,2233
Thrust#2,524288,8,3.13928,2226
Thrust#2,524288,8,3.14235,2225
Thrust#2,524288,8,3.14073,2248
Thrust#2,524288,8,3.13826,2245
Thrust#2,524288,8,3.14104,2244
Thrust#2,524288,8,3.13446,3376
Thrust#2,524288,8,3.14453,2453
Thrust#2,524288,8,3.13988,2237
Thrust#2,524288,8,3.14245,2233
Thrust#2,524288,8,3.13936,2251
Thrust#2,524288,8,3.14197,2540
Thrust#2,524288,8,3.14366,2315
Thrust#2,524288,8,3.14494,2292
Thrust#2,524288,8,3.14414,2248
Thrust#2,524288,8,3.14204,2243
Thrust#2,524288,8,3.14314,2241
Thrust#2,524288,8,3.14313,2260
Thrust#2,524288,8,3.13913,3359
Thrust#2,524288,8,3.14287,2461
Thrust#2,524288,8,3.1451,2245
Thrust#2,524288,8,3.14361,2255
Thrust#2,524288,8,3.14211,2268
Thrust#2,524288,8,3.14155,2233
Thrust#2,524288,8,3.14496,2226
Thrust#2,524288,8,3.14092,2231
Thrust#2,524288,8,3.14087,2237
Thrust#2,524288,8,3.14206,2239
Thrust#2,524288,8,3.14356,2258
Thrust#2,524288,8,3.14154,2259
Thrust#2,524288,8,3.13993,2229
Thrust#2,524288,8,3.14391,2229
Thrust#2,524288,8,3.13857,2258
Thrust#2,524288,8,3.1414,2254
Thrust#2,524288,8,3.14087,3359
Thrust#2,524288,8,3.14429,2467
Thrust#2,524288,8,3.14243,2229
Thrust#2,524288,8,3.14056,2243
Thrust#2,524288,8,3.14453,2233
Thrust#2,524288,8,3.1413,2243
Thrust#2,524288,8,3.14664,2258
Thrust#2,524288,8,3.14116,2251
Thrust#2,524288,8,3.14043,2225
Thrust#2,524288,8,3.14216,2263
Thrust#2,524288,8,3.13947,2280
Thrust#2,524288,8,3.14249,2246
Thrust#2,524288,8,3.14008,2230
Thrust#2,524288,8,3.14479,2241
Thrust#2,524288,8,3.1418,3386
Thrust#2,524288,8,3.14066,2452
Thrust#2,524288,8,3.14375,2246
Thrust#2,524288,8,3.14349,2244
Thrust#2,524288,8,3.14267,2230
Thrust#2,524288,8,3.14042,2232
Thrust#2,524288,8,3.14141,2259
Thrust#2,524288,8,3.14088,2249
Thrust#2,524288,8,3.14266,2239
Thrust#2,524288,8,3.13774,2239
Thrust#2,524288,8,3.14076,2227
Thrust#2,524288,8,3.14137,2258
Thrust#2,524288,8,3.14598,2251
Thrust#2,524288,8,3.14399,2235
Thrust#2,524288,8,3.14145,2233
Thrust#2,524288,8,3.14266,3348
Thrust#2,524288,8,3.13668,2504
Thrust#2,524288,8,3.13992,2252
Thrust#2,524288,8,3.1432,2243
Thrust#2,524288,8,3.14134,2240
Thrust#2,524288,8,3.14497,2237
Thrust#2,524288,8,3.14645,2242
Thrust#2,524288,8,3.13985,2238
Thrust#2,524288,8,3.14411,2226
Thrust#2,524288,8,3.14272,2235
Thrust#2,524288,16,3.14327,1727
Thrust#2,524288,16,3.13824,1740
Thrust#2,524288,16,3.14065,1719
Thrust#2,524288,16,3.14207,1723
Thrust#2,524288,16,3.13852,1721
Thrust#2,524288,16,3.13902,2808
Thrust#2,524288,16,3.14439,1935
Thrust#2,524288,16,3.14158,1722
Thrust#2,524288,16,3.14306,1726
Thrust#2,524288,16,3.13637,1701
Thrust#2,524288,16,3.14173,1714
Thrust#2,524288,16,3.13689,1727
Thrust#2,524288,16,3.14339,1721
Thrust#2,524288,16,3.14079,1718
Thrust#2,524288,16,3.14314,1743
Thrust#2,524288,16,3.14112,1719
Thrust#2,524288,16,3.13908,1702
Thrust#2,524288,16,3.14269,1712
Thrust#2,524288,16,3.14064,1702
Thrust#2,524288,16,3.1405,1720
Thrust#2,524288,16,3.14246,1737
Thrust#2,524288,16,3.13825,1743
Thrust#2,524288,16,3.14389,1703
Thrust#2,524288,16,3.14032,1740
Thrust#2,524288,16,3.14407,1734
Thrust#2,524288,16,3.14108,1707
Thrust#2,524288,16,3.1412,1705
Thrust#2,524288,16,3.13868,1707
Thrust#2,524288,16,3.1383,1717
Thrust#2,524288,16,3.13897,1715
Thrust#2,524288,16,3.13928,1703
Thrust#2,524288,16,3.13938,1744
Thrust#2,524288,16,3.14388,1723
Thrust#2,524288,16,3.13644,2886
Thrust#2,524288,16,3.14012,1944
Thrust#2,524288,16,3.14316,1720
Thrust#2,524288,16,3.14028,1711
Thrust#2,524288,16,3.14483,1739
Thrust#2,524288,16,3.14198,1735
Thrust#2,524288,16,3.13997,1746
Thrust#2,524288,16,3.14048,1735
Thrust#2,524288,16,3.14076,1722
Thrust#2,524288,16,3.14291,1702
Thrust#2,524288,16,3.14178,1717
Thrust#2,524288,16,3.14175,1753
Thrust#2,524288,16,3.14316,1735
Thrust#2,524288,16,3.14433,1706
Thrust#2,524288,16,3.14371,1705
Thrust#2,524288,16,3.14366,1711
Thrust#2,524288,16,3.14165,1719
Thrust#2,524288,16,3.13918,1718
Thrust#2,524288,16,3.14051,1735
Thrust#2,524288,16,3.13841,2811
Thrust#2,524288,16,3.14468,1934
Thrust#2,524288,16,3.14383,1716
Thrust#2,524288,16,3.14209,1727
Thrust#2,524288,16,3.13717,1712
Thrust#2,524288,16,3.14093,1736
Thrust#2,524288,16,3.13923,1736
Thrust#2,524288,16,3.14315,1724
Thrust#2,524288,16,3.13978,1725
Thrust#2,524288,16,3.13676,1718
Thrust#2,524288,16,3.13505,1702
Thrust#2,524288,16,3.14467,1738
Thrust#2,524288,16,3.14382,1749
Thrust#2,524288,16,3.13978,1718
Thrust#2,524288,16,3.14026,1705
Thrust#2,524288,16,3.14302,1706
Thrust#2,524288,16,3.14215,1711
Thrust#2,524288,16,3.14719,1715
Thrust#2,524288,16,3.14026,2814
Thrust#2,524288,16,3.14011,1937
Thrust#2,524288,16,3.14349,1744
Thrust#2,524288,16,3.14415,1715
Thrust#2,524288,16,3.14046,1711
Thrust#2,524288,16,3.14333,1708
Thrust#2,524288,16,3.14003,1714
Thrust#2,524288,16,3.14255,1742
Thrust#2,524288,16,3.14159,1735
Thrust#2,524288,16,3.14558,1734
Thrust#2,524288,16,3.14127,1718
Thrust#2,524288,16,3.13885,1711
Thrust#2,524288,16,3.144,1709
Thrust#2,524288,16,3.13741,1711
Thrust#2,524288,16,3.14432,1753
Thrust#2,524288,16,3.14356,1724
Thrust#2,524288,16,3.14338,1704
Thrust#2,524288,16,3.14454,1704
Thrust#2,524288,16,3.14223,1728
Thrust#2,524288,16,3.14075,2860
Thrust#2,524288,16,3.14436,1946
Thrust#2,524288,16,3.14182,1745
Thrust#2,524288,16,3.14296,1735
Thrust#2,524288,16,3.13651,1702
Thrust#2,524288,16,3.14394,1720
Thrust#2,524288,16,3.14471,1738
Thrust#2,524288,16,3.14241,1703
Thrust#2,524288,16,3.13993,1703
Thrust#2,524288,16,3.14023,1734
Thrust#2,524288,16,3.14233,1721
Thrust#2,524288,32,3.14153,1424
Thrust#2,524288,32,3.14398,1434
Thrust#2,524288,32,3.14387,1441
Thrust#2,524288,32,3.13904,1423
Thrust#2,524288,32,3.14216,1443
Thrust#2,524288,32,3.13947,1451
Thrust#2,524288,32,3.14275,1451
Thrust#2,524288,32,3.13844,1435
Thrust#2,524288,32,3.14314,2535
Thrust#2,524288,32,3.1424,1665
Thrust#2,524288,32,3.14378,1451
Thrust#2,524288,32,3.13816,1442
Thrust#2,524288,32,3.14516,1449
Thrust#2,524288,32,3.14348,1457
Thrust#2,524288,32,3.14034,1433
Thrust#2,524288,32,3.14463,1431
Thrust#2,524288,32,3.1373,1449
Thrust#2,524288,32,3.14307,1448
Thrust#2,524288,32,3.14227,1444
Thrust#2,524288,32,3.14159,1436
Thrust#2,524288,32,3.1424,1453
Thrust#2,524288,32,3.1421,1444
Thrust#2,524288,32,3.14082,1446
Thrust#2,524288,32,3.14113,1433
Thrust#2,524288,32,3.14423,1441
Thrust#2,524288,32,3.14671,1446
Thrust#2,524288,32,3.14137,1441
Thrust#2,524288,32,3.13921,1456
Thrust#2,524288,32,3.14102,1441
Thrust#2,524288,32,3.14346,1463
Thrust#2,524288,32,3.1423,1438
Thrust#2,524288,32,3.14062,1432
Thrust#2,524288,32,3.14441,1437
Thrust#2,524288,32,3.13741,1434
Thrust#2,524288,32,3.14133,1445
Thrust#2,524288,32,3.13794,1459
Thrust#2,524288,32,3.14385,1449
Thrust#2,524288,32,3.14222,1425
Thrust#2,524288,32,3.13956,1464
Thrust#2,524288,32,3.14192,1443
Thrust#2,524288,32,3.14133,1459
Thrust#2,524288,32,3.14379,1455
Thrust#2,524288,32,3.14378,2611
Thrust#2,524288,32,3.1431,1653
Thrust#2,524288,32,3.14017,1449
Thrust#2,524288,32,3.14111,1455
Thrust#2,524288,32,3.14236,1436
Thrust#2,524288,32,3.1395,1426
Thrust#2,524288,32,3.14203,1465
Thrust#2,524288,32,3.1389,1449
Thrust#2,524288,32,3.14089,1443
Thrust#2,524288,32,3.14326,1453
Thrust#2,524288,32,3.14224,1457
Thrust#2,524288,32,3.13912,1447
Thrust#2,524288,32,3.1395,1447
Thrust#2,524288,32,3.14254,1435
Thrust#2,524288,32,3.14229,1426
Thrust#2,524288,32,3.14222,1429
Thrust#2,524288,32,3.14029,1435
Thrust#2,524288,32,3.13934,1436
Thrust#2,524288,32,3.14033,1439
Thrust#2,524288,32,3.1441,1436
Thrust#2,524288,32,3.14104,1433
Thrust#2,524288,32,3.14074,1444
Thrust#2,524288,32,3.14334,2549
Thrust#2,524288,32,3.144,1652
Thrust#2,524288,32,3.14175,1428
Thrust#2,524288,32,3.14523,1459
Thrust#2,524288,32,3.14091,1467
Thrust#2,524288,32,3.13972,1465
Thrust#2,524288,32,3.14185,1425
Thrust#2,524288,32,3.13525,1430
Thrust#2,524288,32,3.14331,1426
Thrust#2,524288,32,3.14219,1426
Thrust#2,524288,32,3.14173,1436
Thrust#2,524288,32,3.14391,1439
Thrust#2,524288,32,3.139,1465
Thrust#2,524288,32,3.13985,1456
Thrust#2,524288,32,3.14343,1436
Thrust#2,524288,32,3.13811,1430
Thrust#2,524288,32,3.13982,1426
Thrust#2,524288,32,3.14166,1434
Thrust#2,524288,32,3.14387,1433
Thrust#2,524288,32,3.14541,1466
Thrust#2,524288,32,3.13929,1432
Thrust#2,524288,32,3.14206,1442
Thrust#2,524288,32,3.14045,2523
Thrust#2,524288,32,3.13965,1643
Thrust#2,524288,32,3.13905,1448
Thrust#2,524288,32,3.14016,1456
Thrust#2,524288,32,3.13917,1459
Thrust#2,524288,32,3.13828,1448
Thrust#2,524288,32,3.14581,1430
Thrust#2,524288,32,3.14072,1427
Thrust#2,524288,32,3.14232,1426
Thrust#2,524288,32,3.14278,1432
Thrust#2,524288,32,3.13866,1446
Thrust#2,524288,32,3.13993,1437
Thrust#2,524288,32,3.1402,1435
Thrust#2,524288,32,3.13953,1436
Thrust#2,524288,64,3.14053,1375
Thrust#2,524288,64,3.14207,1374
Thrust#2,524288,64,3.14159,1353
Thrust#2,524288,64,3.1424,1346
Thrust#2,524288,64,3.13857,1345
Thrust#2,524288,64,3.14486,1347
Thrust#2,524288,64,3.14558,1354
Thrust#2,524288,64,3.14137,1354
Thrust#2,524288,64,3.14092,2502
Thrust#2,524288,64,3.14032,1564
Thrust#2,524288,64,3.14182,1370
Thrust#2,524288,64,3.14115,1357
Thrust#2,524288,64,3.14481,1352
Thrust#2,524288,64,3.14063,1350
Thrust#2,524288,64,3.14054,1359
Thrust#2,524288,64,3.14059,1340
Thrust#2,524288,64,3.14579,1354
Thrust#2,524288,64,3.14411,1343
Thrust#2,524288,64,3.14409,1366
Thrust#2,524288,64,3.14191,1354
Thrust#2,524288,64,3.14417,1354
Thrust#2,524288,64,3.13692,1366
Thrust#2,524288,64,3.14118,1351
Thrust#2,524288,64,3.1443,1344
Thrust#2,524288,64,3.14117,1354
Thrust#2,524288,64,3.13891,1352
Thrust#2,524288,64,3.14381,1360
Thrust#2,524288,64,3.14116,1378
Thrust#2,524288,64,3.13889,1353
Thrust#2,524288,64,3.14154,1346
Thrust#2,524288,64,3.14149,1347
Thrust#2,524288,64,3.13956,1344
Thrust#2,524288,64,3.13874,2444
Thrust#2,524288,64,3.14222,1565
Thrust#2,524288,64,3.1465,1369
Thrust#2,524288,64,3.14306,1367
Thrust#2,524288,64,3.13741,1359
Thrust#2,524288,64,3.1459,1351
Thrust#2,524288,64,3.14243,1374
Thrust#2,524288,64,3.1445,1354
Thrust#2,524288,64,3.14146,1359
Thrust#2,524288,64,3.14299,1354
Thrust#2,524288,64,3.14367,1348
Thrust#2,524288,64,3.14175,1341
Thrust#2,524288,64,3.14701,1369
Thrust#2,524288,64,3.14296,1363
Thrust#2,524288,64,3.14077,1354
Thrust#2,524288,64,3.1451,1355
Thrust#2,524288,64,3.13994,1357
Thrust#2,524288,64,3.14046,1341
Thrust#2,524288,64,3.141,1354
Thrust#2,524288,64,3.14272,1367
Thrust#2,524288,64,3.13975,1357
Thrust#2,524288,64,3.14275,1368
Thrust#2,524288,64,3.1414,1366
Thrust#2,524288,64,3.13808,2683
Thrust#2,524288,64,3.14236,1359
Thrust#2,524288,64,3.14155,1351
Thrust#2,524288,64,3.14225,1367
Thrust#2,524288,64,3.14198,1359
Thrust#2,524288,64,3.14484,1357
Thrust#2,524288,64,3.14291,1343
Thrust#2,524288,64,3.14046,1356
Thrust#2,524288,64,3.14333,1352
Thrust#2,524288,64,3.14204,1366
Thrust#2,524288,64,3.14365,1358
Thrust#2,524288,64,3.13943,1353
Thrust#2,524288,64,3.1364,1344
Thrust#2,524288,64,3.14292,1345
Thrust#2,524288,64,3.14236,1373
Thrust#2,524288,64,3.14126,1357
Thrust#2,524288,64,3.14077,1354
Thrust#2,524288,64,3.14193,1373
Thrust#2,524288,64,3.14118,1353
Thrust#2,524288,64,3.13903,1357
Thrust#2,524288,64,3.14284,1362
Thrust#2,524288,64,3.13916,1353
Thrust#2,524288,64,3.14463,1360
Thrust#2,524288,64,3.14465,1362
Thrust#2,524288,64,3.14036,1367
Thrust#2,524288,64,3.13902,1361
Thrust#2,524288,64,3.14208,1343
Thrust#2,524288,64,3.14257,1347
Thrust#2,524288,64,3.13812,1346
Thrust#2,524288,64,3.14156,1345
Thrust#2,524288,64,3.14029,1356
Thrust#2,524288,64,3.14371,1346
Thrust#2,524288,64,3.14265,1344
Thrust#2,524288,64,3.14082,1345
Thrust#2,524288,64,3.14405,1355
Thrust#2,524288,64,3.14472,1367
Thrust#2,524288,64,3.14175,2498
Thrust#2,524288,64,3.14231,1570
Thrust#2,524288,64,3.14303,1349
Thrust#2,524288,64,3.1406,1367
Thrust#2,524288,64,3.1388,1374
Thrust#2,524288,64,3.14111,1362
Thrust#2,524288,64,3.14061,1353
Thrust#2,524288,64,3.14238,1345
Thrust#2,524288,64,3.14041,1368
Thrust#2,524288,128,3.14488,1322
Thrust#2,524288,128,3.13909,1330
Thrust#2,524288,128,3.14558,1339
Thrust#2,524288,128,3.13999,1319
Thrust#2,524288,128,3.1431,1330
Thrust#2,524288,128,3.14398,1337
Thrust#2,524288,128,3.14202,1329
Thrust#2,524288,128,3.1393,1323
Thrust#2,524288,128,3.14297,1322
Thrust#2,524288,128,3.14075,1328
Thrust#2,524288,128,3.1436,1321
Thrust#2,524288,128,3.14509,1349
Thrust#2,524288,128,3.1422,1353
Thrust#2,524288,128,3.14176,1322
Thrust#2,524288,128,3.13808,1334
Thrust#2,524288,128,3.13985,2423
Thrust#2,524288,128,3.14426,1535
Thrust#2,524288,128,3.13979,1340
Thrust#2,524288,128,3.14357,1340
Thrust#2,524288,128,3.14366,1336
Thrust#2,524288,128,3.14748,1327
Thrust#2,524288,128,3.14342,1321
Thrust#2,524288,128,3.13913,1332
Thrust#2,524288,128,3.14037,1318
Thrust#2,524288,128,3.14291,1319
Thrust#2,524288,128,3.14283,1331
Thrust#2,524288,128,3.1461,1320
Thrust#2,524288,128,3.14031,1325
Thrust#2,524288,128,3.14062,1340
Thrust#2,524288,128,3.14304,1334
Thrust#2,524288,128,3.14297,1338
Thrust#2,524288,128,3.14243,1341
Thrust#2,524288,128,3.13991,1330
Thrust#2,524288,128,3.14072,1332
Thrust#2,524288,128,3.13755,1324
Thrust#2,524288,128,3.14199,1320
Thrust#2,524288,128,3.14182,1329
Thrust#2,524288,128,3.13926,1320
Thrust#2,524288,128,3.14185,1333
Thrust#2,524288,128,3.14159,2422
Thrust#2,524288,128,3.14201,1538
Thrust#2,524288,128,3.14569,1351
Thrust#2,524288,128,3.13636,1349
Thrust#2,524288,128,3.14133,1614
Thrust#2,524288,128,3.14132,1350
Thrust#2,524288,128,3.14211,1347
Thrust#2,524288,128,3.14326,1341
Thrust#2,524288,128,3.14211,1329
Thrust#2,524288,128,3.14192,1331
Thrust#2,524288,128,3.1427,1339
Thrust#2,524288,128,3.13987,1330
Thrust#2,524288,128,3.14343,1344
Thrust#2,524288,128,3.14427,1364
Thrust#2,524288,128,3.13971,1347
Thrust#2,524288,128,3.1379,1332
Thrust#2,524288,128,3.14417,1335
Thrust#2,524288,128,3.14339,1332
Thrust#2,524288,128,3.14208,1329
Thrust#2,524288,128,3.14022,1321
Thrust#2,524288,128,3.14399,1324
Thrust#2,524288,128,3.14155,1319
Thrust#2,524288,128,3.13707,1319
Thrust#2,524288,128,3.14533,2453
Thrust#2,524288,128,3.14565,1539
Thrust#2,524288,128,3.13982,1329
Thrust#2,524288,128,3.13657,1342
Thrust#2,524288,128,3.14356,1341
Thrust#2,524288,128,3.14423,1325
Thrust#2,524288,128,3.13972,1322
Thrust#2,524288,128,3.14508,1333
Thrust#2,524288,128,3.14281,1331
Thrust#2,524288,128,3.14349,1326
Thrust#2,524288,128,3.14075,1317
Thrust#2,524288,128,3.13702,1333
Thrust#2,524288,128,3.14365,1331
Thrust#2,524288,128,3.14133,1326
Thrust#2,524288,128,3.14124,1326
Thrust#2,524288,128,3.14155,1334
Thrust#2,524288,128,3.14267,1330
Thrust#2,524288,128,3.13932,1330
Thrust#2,524288,128,3.13847,1338
Thrust#2,524288,128,3.14175,1336
Thrust#2,524288,128,3.1386,1335
Thrust#2,524288,128,3.13789,1347
Thrust#2,524288,128,3.14258,1347
Thrust#2,524288,128,3.1404,1324
Thrust#2,524288,128,3.1414,2423
Thrust#2,524288,128,3.13818,1533
Thrust#2,524288,128,3.13968,1327
Thrust#2,524288,128,3.13865,1344
Thrust#2,524288,128,3.14088,1336
Thrust#2,524288,128,3.14354,1342
Thrust#2,524288,128,3.14285,1349
Thrust#2,524288,128,3.14072,1324
Thrust#2,524288,128,3.13991,1332
Thrust#2,524288,128,3.1439,1333
Thrust#2,524288,128,3.1378,1327
Thrust#2,524288,128,3.1384,1332
Thrust#2,524288,128,3.14048,1332
Thrust#2,524288,128,3.14438,1331
Thrust#2,524288,256,3.14233,1521
Thrust#2,524288,256,3.14024,1520
Thrust#2,524288,256,3.14092,1513
Thrust#2,524288,256,3.14164,1512
Thrust#2,524288,256,3.13944,1518
Thrust#2,524288,256,3.14104,1519
Thrust#2,524288,256,3.14119,1507
Thrust#2,524288,256,3.14384,1547
Thrust#2,524288,256,3.1395,1545
Thrust#2,524288,256,3.14137,1519
Thrust#2,524288,256,3.13566,1510
Thrust#2,524288,256,3.14088,1501
Thrust#2,524288,256,3.14432,1501
Thrust#2,524288,256,3.14165,1509
Thrust#2,524288,256,3.14118,1526
Thrust#2,524288,256,3.14368,1510
Thrust#2,524288,256,3.14065,1517
Thrust#2,524288,256,3.14216,1527
Thrust#2,524288,256,3.14452,1540
Thrust#2,524288,256,3.14116,1512
Thrust#2,524288,256,3.14475,2653
Thrust#2,524288,256,3.14529,1729
Thrust#2,524288,256,3.14465,1523
Thrust#2,524288,256,3.14197,1531
Thrust#2,524288,256,3.14144,1527
Thrust#2,524288,256,3.13889,1533
Thrust#2,524288,256,3.13942,1518
Thrust#2,524288,256,3.14221,1506
Thrust#2,524288,256,3.14161,1516
Thrust#2,524288,256,3.13628,1529
Thrust#2,524288,256,3.14349,1569
Thrust#2,524288,256,3.14093,1545
Thrust#2,524288,256,3.1414,1523
Thrust#2,524288,256,3.14212,1509
Thrust#2,524288,256,3.13815,1498
Thrust#2,524288,256,3.1462,1515
Thrust#2,524288,256,3.14002,1522
Thrust#2,524288,256,3.1438,1574
Thrust#2,524288,256,3.14124,1501
Thrust#2,524288,256,3.14233,1510
Thrust#2,524288,256,3.14233,1522
Thrust#2,524288,256,3.14174,2615
Thrust#2,524288,256,3.14275,1751
Thrust#2,524288,256,3.1449,1530
Thrust#2,524288,256,3.14182,1532
Thrust#2,524288,256,3.1433,1523
Thrust#2,524288,256,3.14062,1521
Thrust#2,524288,256,3.14007,1526
Thrust#2,524288,256,3.14693,1518
Thrust#2,524288,256,3.14617,1524
Thrust#2,524288,256,3.13914,1521
Thrust#2,524288,256,3.14313,1508
Thrust#2,524288,256,3.14028,1510
Thrust#2,524288,256,3.14434,1545
Thrust#2,524288,256,3.14673,1531
Thrust#2,524288,256,3.14384,1517
Thrust#2,524288,256,3.14013,1509
Thrust#2,524288,256,3.14102,1514
Thrust#2,524288,256,3.14046,1511
Thrust#2,524288,256,3.14264,1501
Thrust#2,524288,256,3.14046,1520
Thrust#2,524288,256,3.1395,1510
Thrust#2,524288,256,3.143,2634
Thrust#2,524288,256,3.14218,1748
Thrust#2,524288,256,3.1411,1517
Thrust#2,524288,256,3.14072,1523
Thrust#2,524288,256,3.14165,1537
Thrust#2,524288,256,3.14055,1519
Thrust#2,524288,256,3.14165,1520
Thrust#2,524288,256,3.1413,1515
Thrust#2,524288,256,3.13741,1510
Thrust#2,524288,256,3.1404,1510
Thrust#2,524288,256,3.13984,1522
Thrust#2,524288,256,3.13603,1523
Thrust#2,524288,256,3.14529,1520
Thrust#2,524288,256,3.14247,1511
Thrust#2,524288,256,3.13853,1522
Thrust#2,524288,256,3.13971,1539
Thrust#2,524288,256,3.14182,1535
Thrust#2,524288,256,3.13745,1510
Thrust#2,524288,256,3.14336,1512
Thrust#2,524288,256,3.14147,1516
Thrust#2,524288,256,3.14236,2682
Thrust#2,524288,256,3.14341,1733
Thrust#2,524288,256,3.14017,1543
Thrust#2,524288,256,3.14355,1525
Thrust#2,524288,256,3.14394,1518
Thrust#2,524288,256,3.13848,1525
Thrust#2,524288,256,3.13924,1506
Thrust#2,524288,256,3.14456,1510
Thrust#2,524288,256,3.14008,1521
Thrust#2,524288,256,3.14164,1519
Thrust#2,524288,256,3.1415,1536
Thrust#2,524288,256,3.14539,1539
Thrust#2,524288,256,3.14386,1506
Thrust#2,524288,256,3.1377,1526
Thrust#2,524288,256,3.13745,1524
Thrust#2,524288,256,3.13869,1514
Thrust#2,524288,256,3.14211,1510
Thrust#2,524288,256,3.14281,1541
Thrust#2,524288,512,3.14328,2206
Thrust#2,524288,512,3.13902,2163
Thrust#2,524288,512,3.13874,2160
Thrust#2,524288,512,3.14296,3340
Thrust#2,524288,512,3.13952,2193
Thrust#2,524288,512,3.14199,2162
Thrust#2,524288,512,3.14137,2156
Thrust#2,524288,512,3.1432,2161
Thrust#2,524288,512,3.13873,2156
Thrust#2,524288,512,3.14295,2144
Thrust#2,524288,512,3.13979,2165
Thrust#2,524288,512,3.14496,2165
Thrust#2,524288,512,3.14405,2167
Thrust#2,524288,512,3.14084,2156
Thrust#2,524288,512,3.14006,2157
Thrust#2,524288,512,3.14092,2174
Thrust#2,524288,512,3.14111,2181
Thrust#2,524288,512,3.14082,2163
Thrust#2,524288,512,3.14372,2147
Thrust#2,524288,512,3.13873,2150
Thrust#2,524288,512,3.14063,2154
Thrust#2,524288,512,3.1453,2158
Thrust#2,524288,512,3.1429,2156
Thrust#2,524288,512,3.1452,2160
Thrust#2,524288,512,3.1418,2156
Thrust#2,524288,512,3.14414,2156
Thrust#2,524288,512,3.14494,3383
Thrust#2,524288,512,3.14419,2221
Thrust#2,524288,512,3.13702,2160
Thrust#2,524288,512,3.14251,2170
Thrust#2,524288,512,3.13996,2157
Thrust#2,524288,512,3.14234,2157
Thrust#2,524288,512,3.14362,2181
Thrust#2,524288,512,3.13803,2166
Thrust#2,524288,512,3.13897,2148
Thrust#2,524288,512,3.14252,2146
Thrust#2,524288,512,3.14271,2156
Thrust#2,524288,512,3.1426,2159
Thrust#2,524288,512,3.13825,2154
Thrust#2,524288,512,3.14021,2160
Thrust#2,524288,512,3.1442,2148
Thrust#2,524288,512,3.1379,3243
Thrust#2,524288,512,3.14507,2267
Thrust#2,524288,512,3.14159,2230
Thrust#2,524288,512,3.14348,2157
Thrust#2,524288,512,3.14378,2167
Thrust#2,524288,512,3.14145,2147
Thrust#2,524288,512,3.13672,2156
Thrust#2,524288,512,3.14338,2165
Thrust#2,524288,512,3.14204,2157
Thrust#2,524288,512,3.14027,2169
Thrust#2,524288,512,3.13875,2164
Thrust#2,524288,512,3.14249,2155
Thrust#2,524288,512,3.14332,2155
Thrust#2,524288,512,3.14244,2165
Thrust#2,524288,512,3.14078,2176
Thrust#2,524288,512,3.14342,2168
Thrust#2,524288,512,3.14235,2146
Thrust#2,524288,512,3.14058,2147
Thrust#2,524288,512,3.14229,2157
Thrust#2,524288,512,3.14262,2145
Thrust#2,524288,512,3.13964,2146
Thrust#2,524288,512,3.14006,2144
Thrust#2,524288,512,3.13933,3371
Thrust#2,524288,512,3.13898,2218
Thrust#2,524288,512,3.14362,2166
Thrust#2,524288,512,3.13818,2175
Thrust#2,524288,512,3.13943,2143
Thrust#2,524288,512,3.1427,2158
Thrust#2,524288,512,3.14217,2162
Thrust#2,524288,512,3.14149,2142
Thrust#2,524288,512,3.14333,2176
Thrust#2,524288,512,3.13899,2166
Thrust#2,524288,512,3.14279,2147
Thrust#2,524288,512,3.14313,2146
Thrust#2,524288,512,3.1376,2142
Thrust#2,524288,512,3.1396,2155
Thrust#2,524288,512,3.14043,2158
Thrust#2,524288,512,3.14029,3342
Thrust#2,524288,512,3.14152,2222
Thrust#2,524288,512,3.13995,2154
Thrust#2,524288,512,3.13953,2175
Thrust#2,524288,512,3.1386,2179
Thrust#2,524288,512,3.14199,2156
Thrust#2,524288,512,3.13879,2175
Thrust#2,524288,512,3.14259,2155
Thrust#2,524288,512,3.14722,2159
Thrust#2,524288,512,3.1395,2156
Thrust#2,524288,512,3.14175,2180
Thrust#2,524288,512,3.13987,2163
Thrust#2,524288,512,3.13904,2149
Thrust#2,524288,512,3.14379,2155
Thrust#2,524288,512,3.14548,3363
Thrust#2,524288,512,3.14324,2213
Thrust#2,524288,512,3.14143,2198
Thrust#2,524288,512,3.14008,2147
Thrust#2,524288,512,3.1381,2202
Thrust#2,524288,512,3.1427,2149
Thrust#2,524288,512,3.14334,2156
Thrust#2,524288,512,3.142,2156
Thrust#2,524288,1024,3.14268,2428
Thrust#2,524288,1024,3.14024,2453
Thrust#2,524288,1024,3.14673,2410
Thrust#2,524288,1024,3.14165,2451
Thrust#2,524288,1024,3.1441,2454
Thrust#2,524288,1024,3.14282,2409
Thrust#2,524288,1024,3.14027,2408
Thrust#2,524288,1024,3.13791,3671
Thrust#2,524288,1024,3.14144,2477
Thrust#2,524288,1024,3.1374,2427
Thrust#2,524288,1024,3.1433,2428
Thrust#2,524288,1024,3.13962,2413
Thrust#2,524288,1024,3.13949,2418
Thrust#2,524288,1024,3.14224,2437
Thrust#2,524288,1024,3.14546,2450
Thrust#2,524288,1024,3.14444,2417
Thrust#2,524288,1024,3.14014,2418
Thrust#2,524288,1024,3.14212,2409
Thrust#2,524288,1024,3.14244,2456
Thrust#2,524288,1024,3.14246,2432
Thrust#2,524288,1024,3.14177,2434
Thrust#2,524288,1024,3.14079,2438
Thrust#2,524288,1024,3.13922,2417
Thrust#2,524288,1024,3.14367,2424
Thrust#2,524288,1024,3.14152,2418
Thrust#2,524288,1024,3.13903,2423
Thrust#2,524288,1024,3.14099,2403
Thrust#2,524288,1024,3.13955,3616
Thrust#2,524288,1024,3.13999,2476
Thrust#2,524288,1024,3.14118,2436
Thrust#2,524288,1024,3.14101,2425
Thrust#2,524288,1024,3.1375,2461
Thrust#2,524288,1024,3.13831,2413
Thrust#2,524288,1024,3.14598,2373
Thrust#2,524288,1024,3.13905,2423
Thrust#2,524288,1024,3.14045,2419
Thrust#2,524288,1024,3.13799,2427
Thrust#2,524288,1024,3.14344,2432
Thrust#2,524288,1024,3.14252,2438
Thrust#2,524288,1024,3.13736,2429
Thrust#2,524288,1024,3.14366,3609
Thrust#2,524288,1024,3.14281,2471
Thrust#2,524288,1024,3.14422,2417
Thrust#2,524288,1024,3.14339,2417
Thrust#2,524288,1024,3.14175,2448
Thrust#2,524288,1024,3.14142,2421
Thrust#2,524288,1024,3.14059,2441
Thrust#2,524288,1024,3.13919,2451
Thrust#2,524288,1024,3.14271,2418
Thrust#2,524288,1024,3.1402,2427
Thrust#2,524288,1024,3.14188,2381
Thrust#2,524288,1024,3.1393,2377
Thrust#2,524288,1024,3.14435,2427
Thrust#2,524288,1024,3.13857,3615
Thrust#2,524288,1024,3.14321,2472
Thrust#2,524288,1024,3.13955,2431
Thrust#2,524288,1024,3.14008,2370
Thrust#2,524288,1024,3.14213,2381
Thrust#2,524288,1024,3.14175,2421
Thrust#2,524288,1024,3.14318,2436
Thrust#2,524288,1024,3.14441,2416
Thrust#2,524288,1024,3.14214,2463
Thrust#2,524288,1024,3.1386,2435
Thrust#2,524288,1024,3.14217,2409
Thrust#2,524288,1024,3.14239,2418
Thrust#2,524288,1024,3.14075,2434
Thrust#2,524288,1024,3.14129,3633
Thrust#2,524288,1024,3.14112,2484
Thrust#2,524288,1024,3.14443,2418
Thrust#2,524288,1024,3.13972,2425
Thrust#2,524288,1024,3.14275,2368
Thrust#2,524288,1024,3.141,2433
Thrust#2,524288,1024,3.13999,2370
Thrust#2,524288,1024,3.13938,2446
Thrust#2,524288,1024,3.13933,2437
Thrust#2,524288,1024,3.13959,2429
Thrust#2,524288,1024,3.14258,2461
Thrust#2,524288,1024,3.13552,2442
Thrust#2,524288,1024,3.14001,2413
Thrust#2,524288,1024,3.14234,3771
Thrust#2,524288,1024,3.13889,2485
Thrust#2,524288,1024,3.14182,2443
Thrust#2,524288,1024,3.14041,2430
Thrust#2,524288,1024,3.13949,2433
Thrust#2,524288,1024,3.1417,2381
Thrust#2,524288,1024,3.14079,2446
Thrust#2,524288,1024,3.14221,2452
Thrust#2,524288,1024,3.13994,2432
Thrust#2,524288,1024,3.14482,2434
Thrust#2,524288,1024,3.13815,2444
Thrust#2,524288,1024,3.13846,2376
Thrust#2,524288,1024,3.1401,2454
Thrust#2,524288,1024,3.14487,2434
Thrust#2,524288,1024,3.14392,2426
Thrust#2,524288,1024,3.13934,2442
Thrust#2,524288,1024,3.14511,2421
Thrust#2,524288,1024,3.13982,2401
Thrust#2,524288,1024,3.14191,2436
Thrust#2,524288,1024,3.13895,2431
Thrust#2,524288,1024,3.13976,3635
Thrust#2,524288,2048,3.14159,3674
Thrust#2,524288,2048,3.13816,3638
Thrust#2,524288,2048,3.14039,3649
Thrust#2,524288,2048,3.1385,3661
Thrust#2,524288,2048,3.13934,3645
Thrust#2,524288,2048,3.14256,3629
Thrust#2,524288,2048,3.14308,3653
Thrust#2,524288,2048,3.14082,3656
Thrust#2,524288,2048,3.13827,3638
Thrust#2,524288,2048,3.14108,4868
Thrust#2,524288,2048,3.13941,3683
Thrust#2,524288,2048,3.14269,3640
Thrust#2,524288,2048,3.14027,3642
Thrust#2,524288,2048,3.1389,3659
Thrust#2,524288,2048,3.14024,3650
Thrust#2,524288,2048,3.14405,3632
Thrust#2,524288,2048,3.14362,3655
Thrust#2,524288,2048,3.14013,4831
Thrust#2,524288,2048,3.14013,3676
Thrust#2,524288,2048,3.14392,3629
Thrust#2,524288,2048,3.14265,3649
Thrust#2,524288,2048,3.14326,3650
Thrust#2,524288,2048,3.13912,3642
Thrust#2,524288,2048,3.14372,3648
Thrust#2,524288,2048,3.14228,3632
Thrust#2,524288,2048,3.14155,3645
Thrust#2,524288,2048,3.14407,4866
Thrust#2,524288,2048,3.14354,3700
Thrust#2,524288,2048,3.13821,3625
Thrust#2,524288,2048,3.14489,3650
Thrust#2,524288,2048,3.14374,3640
Thrust#2,524288,2048,3.14599,3626
Thrust#2,524288,2048,3.14105,3717
Thrust#2,524288,2048,3.1395,3644
Thrust#2,524288,2048,3.14173,3634
Thrust#2,524288,2048,3.14246,4870
Thrust#2,524288,2048,3.14754,3715
Thrust#2,524288,2048,3.1384,3645
Thrust#2,524288,2048,3.14242,3628
Thrust#2,524288,2048,3.1424,3641
Thrust#2,524288,2048,3.1441,3641
Thrust#2,524288,2048,3.14031,3647
Thrust#2,524288,2048,3.14163,3671
Thrust#2,524288,2048,3.14347,4761
Thrust#2,524288,2048,3.13922,3683
Thrust#2,524288,2048,3.14191,3644
Thrust#2,524288,2048,3.14468,3659
Thrust#2,524288,2048,3.14516,3667
Thrust#2,524288,2048,3.14137,3628
Thrust#2,524288,2048,3.14046,3644
Thrust#2,524288,2048,3.14063,3649
Thrust#2,524288,2048,3.14314,3648
Thrust#2,524288,2048,3.14145,3655
Thrust#2,524288,2048,3.13823,3659
Thrust#2,524288,2048,3.14363,3639
Thrust#2,524288,2048,3.14318,3650
Thrust#2,524288,2048,3.14252,3626
Thrust#2,524288,2048,3.14552,4836
Thrust#2,524288,2048,3.13847,3694
Thrust#2,524288,2048,3.13974,3643
Thrust#2,524288,2048,3.14159,3636
Thrust#2,524288,2048,3.14223,3685
Thrust#2,524288,2048,3.14698,3652
Thrust#2,524288,2048,3.14346,3623
Thrust#2,524288,2048,3.13861,3641
Thrust#2,524288,2048,3.14265,3628
Thrust#2,524288,2048,3.14243,4814
Thrust#2,524288,2048,3.13951,3683
Thrust#2,524288,2048,3.14112,3645
Thrust#2,524288,2048,3.13483,3644
Thrust#2,524288,2048,3.13864,3642
Thrust#2,524288,2048,3.14108,3675
Thrust#2,524288,2048,3.13937,3663
Thrust#2,524288,2048,3.14725,3634
Thrust#2,524288,2048,3.14487,3631
Thrust#2,524288,2048,3.14165,4933
Thrust#2,524288,2048,3.14159,3680
Thrust#2,524288,2048,3.14057,3640
Thrust#2,524288,2048,3.14001,3641
Thrust#2,524288,2048,3.13965,3645
Thrust#2,524288,2048,3.14137,3631
Thrust#2,524288,2048,3.14237,3681
Thrust#2,524288,2048,3.13805,3664
Thrust#2,524288,2048,3.141,4836
Thrust#2,524288,2048,3.14449,3687
Thrust#2,524288,2048,3.13983,3640
Thrust#2,524288,2048,3.13926,3647
Thrust#2,524288,2048,3.1442,3648
Thrust#2,524288,2048,3.14007,3634
Thrust#2,524288,2048,3.14221,3644
Thrust#2,524288,2048,3.13753,3650
Thrust#2,524288,2048,3.14044,3654
Thrust#2,524288,2048,3.14248,3632
Thrust#2,524288,2048,3.14108,3640
Thrust#2,524288,2048,3.14334,3641
Thrust#2,524288,2048,3.14315,3636
Thrust#2,524288,2048,3.13863,3644
Thrust#2,524288,2048,3.14211,4884
Thrust#2,524288,2048,3.14093,3684
Thrust#2,524288,2048,3.14094,3647
Thrust#2,524288,4096,3.1439,6843
Thrust#2,524288,4096,3.14674,6829
Thrust#2,524288,4096,3.13605,6820
Thrust#2,524288,4096,3.14013,8030
Thrust#2,524288,4096,3.14084,6873
Thrust#2,524288,4096,3.14236,6845
Thrust#2,524288,4096,3.14001,6830
Thrust#2,524288,4096,3.14004,6825
Thrust#2,524288,4096,3.14118,8084
Thrust#2,524288,4096,3.14053,6858
Thrust#2,524288,4096,3.1398,6822
Thrust#2,524288,4096,3.14035,6854
Thrust#2,524288,4096,3.14156,6839
Thrust#2,524288,4096,3.14061,8024
Thrust#2,524288,4096,3.14409,6845
Thrust#2,524288,4096,3.14239,6833
Thrust#2,524288,4096,3.14132,6852
Thrust#2,524288,4096,3.14035,7943
Thrust#2,524288,4096,3.14357,6853
Thrust#2,524288,4096,3.14197,6818
Thrust#2,524288,4096,3.14279,6818
Thrust#2,524288,4096,3.14173,6850
Thrust#2,524288,4096,3.14107,6821
Thrust#2,524288,4096,3.14225,6816
Thrust#2,524288,4096,3.1407,8065
Thrust#2,524288,4096,3.14351,6862
Thrust#2,524288,4096,3.14783,6819
Thrust#2,524288,4096,3.14082,6857
Thrust#2,524288,4096,3.14491,6826
Thrust#2,524288,4096,3.14213,8023
Thrust#2,524288,4096,3.14047,6863
Thrust#2,524288,4096,3.13986,6847
Thrust#2,524288,4096,3.14106,6845
Thrust#2,524288,4096,3.14055,6827
Thrust#2,524288,4096,3.14777,7085
Thrust#2,524288,4096,3.14791,7776
Thrust#2,524288,4096,3.14246,6918
Thrust#2,524288,4096,3.14253,6869
Thrust#2,524288,4096,3.13668,6821
Thrust#2,524288,4096,3.14088,6831
Thrust#2,524288,4096,3.14136,6825
Thrust#2,524288,4096,3.13938,8052
Thrust#2,524288,4096,3.14091,6874
Thrust#2,524288,4096,3.14331,6846
Thrust#2,524288,4096,3.14286,6829
Thrust#2,524288,4096,3.13658,6818
Thrust#2,524288,4096,3.14089,8040
Thrust#2,524288,4096,3.13982,6864
Thrust#2,524288,4096,3.14109,6855
Thrust#2,524288,4096,3.14159,6825
Thrust#2,524288,4096,3.14395,8012
Thrust#2,524288,4096,3.14186,6861
Thrust#2,524288,4096,3.14019,6818
Thrust#2,524288,4096,3.13843,6855
Thrust#2,524288,4096,3.14117,6838
Thrust#2,524288,4096,3.13875,6825
Thrust#2,524288,4096,3.14217,6819
Thrust#2,524288,4096,3.13943,8063
Thrust#2,524288,4096,3.13806,6863
Thrust#2,524288,4096,3.14137,6854
Thrust#2,524288,4096,3.14174,6827
Thrust#2,524288,4096,3.13963,6819
Thrust#2,524288,4096,3.14178,8029
Thrust#2,524288,4096,3.13876,6863
Thrust#2,524288,4096,3.14442,6852
Thrust#2,524288,4096,3.1405,6826
Thrust#2,524288,4096,3.14423,6828
Thrust#2,524288,4096,3.14258,8048
Thrust#2,524288,4096,3.13802,6864
Thrust#2,524288,4096,3.14249,6828
Thrust#2,524288,4096,3.14102,6830
Thrust#2,524288,4096,3.14207,7971
Thrust#2,524288,4096,3.14192,6864
Thrust#2,524288,4096,3.13879,6818
Thrust#2,524288,4096,3.14307,6819
Thrust#2,524288,4096,3.14691,6849
Thrust#2,524288,4096,3.1398,8054
Thrust#2,524288,4096,3.14256,6855
Thrust#2,524288,4096,3.13725,6826
Thrust#2,524288,4096,3.14198,6819
Thrust#2,524288,4096,3.14576,6844
Thrust#2,524288,4096,3.13985,6818
Thrust#2,524288,4096,3.14118,6826
Thrust#2,524288,4096,3.14207,8032
Thrust#2,524288,4096,3.14442,6864
Thrust#2,524288,4096,3.14273,6818
Thrust#2,524288,4096,3.13873,6855
Thrust#2,524288,4096,3.1443,6854
Thrust#2,524288,4096,3.14152,8010
Thrust#2,524288,4096,3.13998,6864
Thrust#2,524288,4096,3.13963,6818
Thrust#2,524288,4096,3.14202,6846
Thrust#2,524288,4096,3.14098,6822
Thrust#2,524288,4096,3.14484,6816
Thrust#2,524288,4096,3.14064,6820
Thrust#2,524288,4096,3.14185,8034
Thrust#2,524288,4096,3.14237,6865
Thrust#2,524288,4096,3.14049,6832
Thrust#2,524288,4096,3.1412,6831
Thrust#2,524288,4096,3.14132,6823
Thrust#2,524288,8192,3.14086,14736
Thrust#2,524288,8192,3.1441,13568
Thrust#2,524288,8192,3.13972,14634
Thrust#2,524288,8192,3.14222,13525
Thrust#2,524288,8192,3.14244,13504
Thrust#2,524288,8192,3.14149,13503
Thrust#2,524288,8192,3.14246,14708
Thrust#2,524288,8192,3.1413,13575
Thrust#2,524288,8192,3.14075,14622
Thrust#2,524288,8192,3.14548,13522
Thrust#2,524288,8192,3.145,13507
Thrust#2,524288,8192,3.14058,13501
Thrust#2,524288,8192,3.14271,14717
Thrust#2,524288,8192,3.14227,13553
Thrust#2,524288,8192,3.13871,14610
Thrust#2,524288,8192,3.14263,13533
Thrust#2,524288,8192,3.13955,13501
Thrust#2,524288,8192,3.14259,13500
Thrust#2,524288,8192,3.13856,14719
Thrust#2,524288,8192,3.14124,13559
Thrust#2,524288,8192,3.14391,14647
Thrust#2,524288,8192,3.14276,13530
Thrust#2,524288,8192,3.14276,13508
Thrust#2,524288,8192,3.13991,13509
Thrust#2,524288,8192,3.1416,14702
Thrust#2,524288,8192,3.13874,13569
Thrust#2,524288,8192,3.14222,14638
Thrust#2,524288,8192,3.14317,13522
Thrust#2,524288,8192,3.1436,13516
Thrust#2,524288,8192,3.14051,13493
Thrust#2,524288,8192,3.14459,14727
Thrust#2,524288,8192,3.14584,13534
Thrust#2,524288,8192,3.14179,14649
Thrust#2,524288,8192,3.14336,13524
Thrust#2,524288,8192,3.1445,13512
Thrust#2,524288,8192,3.14577,13501
Thrust#2,524288,8192,3.13855,14679
Thrust#2,524288,8192,3.13911,13563
Thrust#2,524288,8192,3.14214,14514
Thrust#2,524288,8192,3.14239,13595
Thrust#2,524288,8192,3.13984,13557
Thrust#2,524288,8192,3.14552,13505
Thrust#2,524288,8192,3.14392,14708
Thrust#2,524288,8192,3.13971,13550
Thrust#2,524288,8192,3.1418,14640
Thrust#2,524288,8192,3.14404,13531
Thrust#2,524288,8192,3.14453,13515
Thrust#2,524288,8192,3.14445,13493
Thrust#2,524288,8192,3.14182,14676
Thrust#2,524288,8192,3.14343,13568
Thrust#2,524288,8192,3.14281,14644
Thrust#2,524288,8192,3.1405,13524
Thrust#2,524288,8192,3.14293,13521
Thrust#2,524288,8192,3.14355,13485
Thrust#2,524288,8192,3.14172,14713
Thrust#2,524288,8192,3.14368,13552
Thrust#2,524288,8192,3.13895,14649
Thrust#2,524288,8192,3.13896,13521
Thrust#2,524288,8192,3.14369,13515
Thrust#2,524288,8192,3.14214,13507
Thrust#2,524288,8192,3.14207,14717
Thrust#2,524288,8192,3.14397,13541
Thrust#2,524288,8192,3.14111,14639
Thrust#2,524288,8192,3.14344,13593
Thrust#2,524288,8192,3.14005,13572
Thrust#2,524288,8192,3.14087,13525
Thrust#2,524288,8192,3.14188,14700
Thrust#2,524288,8192,3.13646,13582
Thrust#2,524288,8192,3.14236,14645
Thrust#2,524288,8192,3.14305,13532
Thrust#2,524288,8192,3.13891,13511
Thrust#2,524288,8192,3.14178,13503
Thrust#2,524288,8192,3.14397,14705
Thrust#2,524288,8192,3.13759,13558
Thrust#2,524288,8192,3.13993,14602
Thrust#2,524288,8192,3.14288,13524
Thrust#2,524288,8192,3.13666,13512
Thrust#2,524288,8192,3.13844,13841
Thrust#2,524288,8192,3.14027,14703
Thrust#2,524288,8192,3.13901,13562
Thrust#2,524288,8192,3.14211,14642
Thrust#2,524288,8192,3.14032,13523
Thrust#2,524288,8192,3.14272,13506
Thrust#2,524288,8192,3.14226,13509
Thrust#2,524288,8192,3.14397,14714
Thrust#2,524288,8192,3.13945,13561
Thrust#2,524288,8192,3.14066,14645
Thrust#2,524288,8192,3.14441,13538
Thrust#2,524288,8192,3.14199,13507
Thrust#2,524288,8192,3.13751,13492
Thrust#2,524288,8192,3.13754,14738
Thrust#2,524288,8192,3.14271,13545
Thrust#2,524288,8192,3.1409,14637
Thrust#2,524288,8192,3.14679,13529
Thrust#2,524288,8192,3.14091,13507
Thrust#2,524288,8192,3.14367,13503
Thrust#2,524288,8192,3.14213,14709
Thrust#2,524288,8192,3.14392,13553
Thrust#2,524288,8192,3.14075,14649
Thrust#2,524288,8192,3.14199,13521
Thrust#2,524288,16384,3.1415,26825
Thrust#2,524288,16384,3.14423,27969
Thrust#2,524288,16384,3.14268,26879
Thrust#2,524288,16384,3.14014,28022
Thrust#2,524288,16384,3.14031,26876
Thrust#2,524288,16384,3.14111,27997
Thrust#2,524288,16384,3.14378,26901
Thrust#2,524288,16384,3.14379,27993
Thrust#2,524288,16384,3.14389,26876
Thrust#2,524288,16384,3.13802,28057
Thrust#2,524288,16384,3.14037,26871
Thrust#2,524288,16384,3.13747,27962
Thrust#2,524288,16384,3.13973,26853
Thrust#2,524288,16384,3.13892,27988
Thrust#2,524288,16384,3.1412,26877
Thrust#2,524288,16384,3.14307,28058
Thrust#2,524288,16384,3.1451,26873
Thrust#2,524288,16384,3.14276,27967
Thrust#2,524288,16384,3.14141,26884
Thrust#2,524288,16384,3.1392,27972
Thrust#2,524288,16384,3.13891,26878
Thrust#2,524288,16384,3.14176,28150
Thrust#2,524288,16384,3.13783,26881
Thrust#2,524288,16384,3.1415,27924
Thrust#2,524288,16384,3.14379,26880
Thrust#2,524288,16384,3.13938,27970
Thrust#2,524288,16384,3.14149,26864
Thrust#2,524288,16384,3.14609,28009
Thrust#2,524288,16384,3.14351,26865
Thrust#2,524288,16384,3.14058,27906
Thrust#2,524288,16384,3.14078,26873
Thrust#2,524288,16384,3.14066,27938
Thrust#2,524288,16384,3.13738,26900
Thrust#2,524288,16384,3.14199,28015
Thrust#2,524288,16384,3.14133,26876
Thrust#2,524288,16384,3.14149,27892
Thrust#2,524288,16384,3.14182,26872
Thrust#2,524288,16384,3.13848,27806
Thrust#2,524288,16384,3.1449,26971
Thrust#2,524288,16384,3.14126,27793
Thrust#2,524288,16384,3.14148,27045
Thrust#2,524288,16384,3.14428,27719
Thrust#2,524288,16384,3.14047,27291
Thrust#2,524288,16384,3.14383,26899
Thrust#2,524288,16384,3.13947,27859
Thrust#2,524288,16384,3.14125,27975
Thrust#2,524288,16384,3.14383,27024
Thrust#2,524288,16384,3.14122,27979
Thrust#2,524288,16384,3.14112,26888
Thrust#2,524288,16384,3.14146,28045
Thrust#2,524288,16384,3.14388,26872
Thrust#2,524288,16384,3.14048,27966
Thrust#2,524288,16384,3.1414,26880
Thrust#2,524288,16384,3.1413,28003
Thrust#2,524288,16384,3.14227,26878
Thrust#2,524288,16384,3.14277,28050
Thrust#2,524288,16384,3.14333,26872
Thrust#2,524288,16384,3.1423,27960
Thrust#2,524288,16384,3.14172,26890
Thrust#2,524288,16384,3.14382,27960
Thrust#2,524288,16384,3.13851,26901
Thrust#2,524288,16384,3.13929,28004
Thrust#2,524288,16384,3.14028,26901
Thrust#2,524288,16384,3.14304,27926
Thrust#2,524288,16384,3.1424,26879
Thrust#2,524288,16384,3.14085,27983
Thrust#2,524288,16384,3.14146,26862
Thrust#2,524288,16384,3.14481,28060
Thrust#2,524288,16384,3.14217,26871
Thrust#2,524288,16384,3.14664,27939
Thrust#2,524288,16384,3.14091,26879
Thrust#2,524288,16384,3.14642,27966
Thrust#2,524288,16384,3.14293,26880
Thrust#2,524288,16384,3.14244,28051
Thrust#2,524288,16384,3.14011,26870
Thrust#2,524288,16384,3.14296,27966
Thrust#2,524288,16384,3.14058,26879
Thrust#2,524288,16384,3.13928,27999
Thrust#2,524288,16384,3.14295,27025
Thrust#2,524288,16384,3.1378,27875
Thrust#2,524288,16384,3.14471,27023
Thrust#2,524288,16384,3.14187,28000
Thrust#2,524288,16384,3.14236,26885
Thrust#2,524288,16384,3.14273,27997
Thrust#2,524288,16384,3.14288,26885
Thrust#2,524288,16384,3.14359,28050
Thrust#2,524288,16384,3.1421,26871
Thrust#2,524288,16384,3.14101,27957
Thrust#2,524288,16384,3.14431,26880
Thrust#2,524288,16384,3.14317,28011
Thrust#2,524288,16384,3.14175,26877
Thrust#2,524288,16384,3.14577,28027
Thrust#2,524288,16384,3.14337,26869
Thrust#2,524288,16384,3.13908,27972
Thrust#2,524288,16384,3.14067,26880
Thrust#2,524288,16384,3.14256,28009
Thrust#2,524288,16384,3.1377,26886
Thrust#2,524288,16384,3.14062,28048
Thrust#2,524288,16384,3.1386,26905
Thrust#2,524288,16384,3.14224,27884
Thrust#2,524288,32768,3.13812,53545
Thrust#2,524288,32768,3.14038,54641
Thrust#2,524288,32768,3.13688,54486
Thrust#2,524288,32768,3.14292,54670
Thrust#2,524288,32768,3.14375,53627
Thrust#2,524288,32768,3.14375,54733
Thrust#2,524288,32768,3.13899,54647
Thrust#2,524288,32768,3.14069,53658
Thrust#2,524288,32768,3.14066,54797
Thrust#2,524288,32768,3.1417,54405
Thrust#2,524288,32768,3.14085,54659
Thrust#2,524288,32768,3.14189,53653
Thrust#2,524288,32768,3.13905,54436
Thrust#2,524288,32768,3.13823,54713
Thrust#2,524288,32768,3.1438,53616
Thrust#2,524288,32768,3.14174,54497
Thrust#2,524288,32768,3.14191,55022
Thrust#2,524288,32768,3.14014,53552
Thrust#2,524288,32768,3.14539,54450
Thrust#2,524288,32768,3.14394,54721
Thrust#2,524288,32768,3.14066,53586
Thrust#2,524288,32768,3.14456,54499
Thrust#2,524288,32768,3.14104,54654
Thrust#2,524288,32768,3.14438,53619
Thrust#2,524288,32768,3.14149,54452
Thrust#2,524288,32768,3.14097,54703
Thrust#2,524288,32768,3.1452,53584
Thrust#2,524288,32768,3.14137,54587
Thrust#2,524288,32768,3.14209,54615
Thrust#2,524288,32768,3.14109,53656
Thrust#2,524288,32768,3.13754,54454
Thrust#2,524288,32768,3.14066,54713
Thrust#2,524288,32768,3.14583,53596
Thrust#2,524288,32768,3.13796,54498
Thrust#2,524288,32768,3.14153,54609
Thrust#2,524288,32768,3.14354,53666
Thrust#2,524288,32768,3.14137,54461
Thrust#2,524288,32768,3.14726,54710
Thrust#2,524288,32768,3.14107,53596
Thrust#2,524288,32768,3.13776,54676
Thrust#2,524288,32768,3.14202,54426
Thrust#2,524288,32768,3.14212,54706
Thrust#2,524288,32768,3.14252,53619
Thrust#2,524288,32768,3.14281,54708
Thrust#2,524288,32768,3.14031,54461
Thrust#2,524288,32768,3.14065,54045
Thrust#2,524288,32768,3.1427,53542
Thrust#2,524288,32768,3.14024,54710
Thrust#2,524288,32768,3.13987,54440
Thrust#2,524288,32768,3.14023,54676
Thrust#2,524288,32768,3.14059,53606
Thrust#2,524288,32768,3.14225,54454
Thrust#2,524288,32768,3.14267,54667
Thrust#2,524288,32768,3.14067,53621
Thrust#2,524288,32768,3.14178,54470
Thrust#2,524288,32768,3.14248,54748
Thrust#2,524288,32768,3.14105,53590
Thrust#2,524288,32768,3.14105,54460
Thrust#2,524288,32768,3.14091,54641
Thrust#2,524288,32768,3.13912,53654
Thrust#2,524288,32768,3.1429,54461
Thrust#2,524288,32768,3.14283,54717
Thrust#2,524288,32768,3.14456,53628
Thrust#2,524288,32768,3.14111,54502
Thrust#2,524288,32768,3.14451,53994
Thrust#2,524288,32768,3.1411,53497
Thrust#2,524288,32768,3.14214,54458
Thrust#2,524288,32768,3.14339,54720
Thrust#2,524288,32768,3.1461,53655
Thrust#2,524288,32768,3.13759,54457
Thrust#2,524288,32768,3.14131,54701
Thrust#2,524288,32768,3.14559,53632
Thrust#2,524288,32768,3.14014,54447
Thrust#2,524288,32768,3.1399,54737
Thrust#2,524288,32768,3.14146,53584
Thrust#2,524288,32768,3.14695,54480
Thrust#2,524288,32768,3.13727,54630
Thrust#2,524288,32768,3.1412,53654
Thrust#2,524288,32768,3.14163,54832
Thrust#2,524288,32768,3.14323,54427
Thrust#2,524288,32768,3.13998,54652
Thrust#2,524288,32768,3.14372,53650
Thrust#2,524288,32768,3.14,54813
Thrust#2,524288,32768,3.14138,54396
Thrust#2,524288,32768,3.14306,54707
Thrust#2,524288,32768,3.14128,53645
Thrust#2,524288,32768,3.13884,54452
Thrust#2,524288,32768,3.14404,54739
Thrust#2,524288,32768,3.1414,53605
Thrust#2,524288,32768,3.13919,54510
Thrust#2,524288,32768,3.13995,54675
Thrust#2,524288,32768,3.14266,53662
Thrust#2,524288,32768,3.13988,54458
Thrust#2,524288,32768,3.13933,54721
Thrust#2,524288,32768,3.14331,53577
Thrust#2,524288,32768,3.14281,54510
Thrust#2,524288,32768,3.14241,54649
Thrust#2,524288,32768,3.14285,53629
Thrust#2,524288,32768,3.14465,54466
Thrust#2,524288,32768,3.14467,54759
Thrust#2,1048576,1,3.14202,23528
Thrust#2,1048576,1,3.14335,23462
Thrust#2,1048576,1,3.14092,22295
Thrust#2,1048576,1,3.14041,22225
Thrust#2,1048576,1,3.14071,23406
Thrust#2,1048576,1,3.14257,22455
Thrust#2,1048576,1,3.14379,23311
Thrust#2,1048576,1,3.14296,23441
Thrust#2,1048576,1,3.14023,22332
Thrust#2,1048576,1,3.14019,23357
Thrust#2,1048576,1,3.1422,22278
Thrust#2,1048576,1,3.13948,22238
Thrust#2,1048576,1,3.14188,23351
Thrust#2,1048576,1,3.14088,22496
Thrust#2,1048576,1,3.14054,23311
Thrust#2,1048576,1,3.14177,23489
Thrust#2,1048576,1,3.14185,22312
Thrust#2,1048576,1,3.14068,22258
Thrust#2,1048576,1,3.14175,23567
Thrust#2,1048576,1,3.14203,22227
Thrust#2,1048576,1,3.14234,23327
Thrust#2,1048576,1,3.13946,22477
Thrust#2,1048576,1,3.14222,23291
Thrust#2,1048576,1,3.14234,23512
Thrust#2,1048576,1,3.14167,22317
Thrust#2,1048576,1,3.13937,23376
Thrust#2,1048576,1,3.1425,22331
Thrust#2,1048576,1,3.14046,22231
Thrust#2,1048576,1,3.14151,23312
Thrust#2,1048576,1,3.14348,22464
Thrust#2,1048576,1,3.14314,23334
Thrust#2,1048576,1,3.14138,23464
Thrust#2,1048576,1,3.13898,22350
Thrust#2,1048576,1,3.14221,22201
Thrust#2,1048576,1,3.14463,23370
Thrust#2,1048576,1,3.14669,22439
Thrust#2,1048576,1,3.14244,23265
Thrust#2,1048576,1,3.14006,23485
Thrust#2,1048576,1,3.14027,22333
Thrust#2,1048576,1,3.14068,23401
Thrust#2,1048576,1,3.14092,22341
Thrust#2,1048576,1,3.13932,22257
Thrust#2,1048576,1,3.14045,23380
Thrust#2,1048576,1,3.14011,22518
Thrust#2,1048576,1,3.14314,23348
Thrust#2,1048576,1,3.14264,23521
Thrust#2,1048576,1,3.14304,22324
Thrust#2,1048576,1,3.14236,23384
Thrust#2,1048576,1,3.14214,22329
Thrust#2,1048576,1,3.14198,22221
Thrust#2,1048576,1,3.14105,23350
Thrust#2,1048576,1,3.14314,22474
Thrust#2,1048576,1,3.13969,23349
Thrust#2,1048576,1,3.1393,23468
Thrust#2,1048576,1,3.14464,22326
Thrust#2,1048576,1,3.14193,23395
Thrust#2,1048576,1,3.14299,22425
Thrust#2,1048576,1,3.14022,22221
Thrust#2,1048576,1,3.13869,23301
Thrust#2,1048576,1,3.1428,22483
Thrust#2,1048576,1,3.14046,23321
Thrust#2,1048576,1,3.1381,23469
Thrust#2,1048576,1,3.14056,22331
Thrust#2,1048576,1,3.14188,23373
Thrust#2,1048576,1,3.1394,22372
Thrust#2,1048576,1,3.14271,22214
Thrust#2,1048576,1,3.14163,23339
Thrust#2,1048576,1,3.14044,22478
Thrust#2,1048576,1,3.13868,23310
Thrust#2,1048576,1,3.14174,23454
Thrust#2,1048576,1,3.14017,22311
Thrust#2,1048576,1,3.14258,23349
Thrust#2,1048576,1,3.14119,22331
Thrust#2,1048576,1,3.14056,22250
Thrust#2,1048576,1,3.14037,23362
Thrust#2,1048576,1,3.14023,22513
Thrust#2,1048576,1,3.14258,23349
Thrust#2,1048576,1,3.1401,23436
Thrust#2,1048576,1,3.14073,22332
Thrust#2,1048576,1,3.14145,23423
Thrust#2,1048576,1,3.14433,22339
Thrust#2,1048576,1,3.1439,22227
Thrust#2,1048576,1,3.14267,23335
Thrust#2,1048576,1,3.14112,22518
Thrust#2,1048576,1,3.14085,23336
Thrust#2,1048576,1,3.14178,23417
Thrust#2,1048576,1,3.14231,22513
Thrust#2,1048576,1,3.14209,23381
Thrust#2,1048576,1,3.14133,22333
Thrust#2,1048576,1,3.14038,22194
Thrust#2,1048576,1,3.14402,23349
Thrust#2,1048576,1,3.14189,22470
Thrust#2,1048576,1,3.14367,23349
Thrust#2,1048576,1,3.14328,23489
Thrust#2,1048576,1,3.14219,22332
Thrust#2,1048576,1,3.14301,23375
Thrust#2,1048576,1,3.14141,22317
Thrust#2,1048576,1,3.14173,22239
Thrust#2,1048576,1,3.14324,23366
Thrust#2,1048576,1,3.14149,22474
Thrust#2,1048576,2,3.14537,13012
Thrust#2,1048576,2,3.14243,12137
Thrust#2,1048576,2,3.14211,11940
Thrust#2,1048576,2,3.14236,13036
Thrust#2,1048576,2,3.14204,12140
Thrust#2,1048576,2,3.14511,11957
Thrust#2,1048576,2,3.14371,11941
Thrust#2,1048576,2,3.14047,13089
Thrust#2,1048576,2,3.14289,12150
Thrust#2,1048576,2,3.13949,11923
Thrust#2,1048576,2,3.14374,12993
Thrust#2,1048576,2,3.14216,12185
Thrust#2,1048576,2,3.14064,13037
Thrust#2,1048576,2,3.14121,12137
Thrust#2,1048576,2,3.13877,11949
Thrust#2,1048576,2,3.1419,13022
Thrust#2,1048576,2,3.14016,12099
Thrust#2,1048576,2,3.14239,11986
Thrust#2,1048576,2,3.14105,11941
Thrust#2,1048576,2,3.14137,13023
Thrust#2,1048576,2,3.14329,12138
Thrust#2,1048576,2,3.13861,11940
Thrust#2,1048576,2,3.14124,12992
Thrust#2,1048576,2,3.14531,12137
Thrust#2,1048576,2,3.14175,13041
Thrust#2,1048576,2,3.14114,12171
Thrust#2,1048576,2,3.14268,11958
Thrust#2,1048576,2,3.14098,12997
Thrust#2,1048576,2,3.13971,12124
Thrust#2,1048576,2,3.13909,11941
Thrust#2,1048576,2,3.14066,13033
Thrust#2,1048576,2,3.14305,12164
Thrust#2,1048576,2,3.14162,11952
Thrust#2,1048576,2,3.1421,11936
Thrust#2,1048576,2,3.14236,13011
Thrust#2,1048576,2,3.14556,12117
Thrust#2,1048576,2,3.1396,13037
Thrust#2,1048576,2,3.14471,12168
Thrust#2,1048576,2,3.13918,11968
Thrust#2,1048576,2,3.14098,13032
Thrust#2,1048576,2,3.14121,12101
Thrust#2,1048576,2,3.14245,11972
Thrust#2,1048576,2,3.14102,13021
Thrust#2,1048576,2,3.13662,12182
Thrust#2,1048576,2,3.1397,11928
Thrust#2,1048576,2,3.14226,11899
Thrust#2,1048576,2,3.14334,13019
Thrust#2,1048576,2,3.14155,12127
Thrust#2,1048576,2,3.14071,11942
Thrust#2,1048576,2,3.14359,13055
Thrust#2,1048576,2,3.14164,12182
Thrust#2,1048576,2,3.14237,13027
Thrust#2,1048576,2,3.13997,12151
Thrust#2,1048576,2,3.14378,11930
Thrust#2,1048576,2,3.14226,13085
Thrust#2,1048576,2,3.14229,12164
Thrust#2,1048576,2,3.13998,11894
Thrust#2,1048576,2,3.14029,11956
Thrust#2,1048576,2,3.14048,13052
Thrust#2,1048576,2,3.13949,12141
Thrust#2,1048576,2,3.14198,11950
Thrust#2,1048576,2,3.14222,13089
Thrust#2,1048576,2,3.14348,12096
Thrust#2,1048576,2,3.14427,11961
Thrust#2,1048576,2,3.14017,11953
Thrust#2,1048576,2,3.14244,13029
Thrust#2,1048576,2,3.14059,12141
Thrust#2,1048576,2,3.14071,13098
Thrust#2,1048576,2,3.14176,12123
Thrust#2,1048576,2,3.14116,11972
Thrust#2,1048576,2,3.14222,12993
Thrust#2,1048576,2,3.14095,12115
Thrust#2,1048576,2,3.14074,11974
Thrust#2,1048576,2,3.14147,13064
Thrust#2,1048576,2,3.14161,12119
Thrust#2,1048576,2,3.14042,11943
Thrust#2,1048576,2,3.13773,11926
Thrust#2,1048576,2,3.14147,13024
Thrust#2,1048576,2,3.14278,12187
Thrust#2,1048576,2,3.13935,11933
Thrust#2,1048576,2,3.14309,13068
Thrust#2,1048576,2,3.13783,12129
Thrust#2,1048576,2,3.14243,13034
Thrust#2,1048576,2,3.14395,12090
Thrust#2,1048576,2,3.14168,11957
Thrust#2,1048576,2,3.14194,13073
Thrust#2,1048576,2,3.14125,12131
Thrust#2,1048576,2,3.14076,11965
Thrust#2,1048576,2,3.13619,13113
Thrust#2,1048576,2,3.14022,11928
Thrust#2,1048576,2,3.14394,11922
Thrust#2,1048576,2,3.1424,11990
Thrust#2,1048576,2,3.14061,13109
Thrust#2,1048576,2,3.14137,12118
Thrust#2,1048576,2,3.14227,13038
Thrust#2,1048576,2,3.14472,12148
Thrust#2,1048576,2,3.13922,11958
Thrust#2,1048576,2,3.1412,13034
Thrust#2,1048576,2,3.14181,12182
Thrust#2,1048576,2,3.14243,11944
Thrust#2,1048576,4,3.14183,7877
Thrust#2,1048576,4,3.14084,6989
Thrust#2,1048576,4,3.14235,6772
Thrust#2,1048576,4,3.14126,6774
Thrust#2,1048576,4,3.14086,6814
Thrust#2,1048576,4,3.14436,6793
Thrust#2,1048576,4,3.13988,6783
Thrust#2,1048576,4,3.14343,7878
Thrust#2,1048576,4,3.13967,7022
Thrust#2,1048576,4,3.13966,6808
Thrust#2,1048576,4,3.14228,6823
Thrust#2,1048576,4,3.14325,6793
Thrust#2,1048576,4,3.14015,7859
Thrust#2,1048576,4,3.14288,6971
Thrust#2,1048576,4,3.13964,6776
Thrust#2,1048576,4,3.14101,6821
Thrust#2,1048576,4,3.14318,7880
Thrust#2,1048576,4,3.14355,6987
Thrust#2,1048576,4,3.14355,7082
Thrust#2,1048576,4,3.13786,6786
Thrust#2,1048576,4,3.14285,6803
Thrust#2,1048576,4,3.14229,7935
Thrust#2,1048576,4,3.1389,6965
Thrust#2,1048576,4,3.14131,6791
Thrust#2,1048576,4,3.14292,6781
Thrust#2,1048576,4,3.14162,6775
Thrust#2,1048576,4,3.14139,6791
Thrust#2,1048576,4,3.13884,6769
Thrust#2,1048576,4,3.14237,7877
Thrust#2,1048576,4,3.14193,6984
Thrust#2,1048576,4,3.14016,6764
Thrust#2,1048576,4,3.13937,6814
Thrust#2,1048576,4,3.1416,6775
Thrust#2,1048576,4,3.14021,7906
Thrust#2,1048576,4,3.14205,7000
Thrust#2,1048576,4,3.14335,6793
Thrust#2,1048576,4,3.14094,6812
Thrust#2,1048576,4,3.14094,6790
Thrust#2,1048576,4,3.14235,7859
Thrust#2,1048576,4,3.14162,6988
Thrust#2,1048576,4,3.1411,6785
Thrust#2,1048576,4,3.14209,6808
Thrust#2,1048576,4,3.1432,7878
Thrust#2,1048576,4,3.14103,6930
Thrust#2,1048576,4,3.14092,6801
Thrust#2,1048576,4,3.14339,6784
Thrust#2,1048576,4,3.14221,6761
Thrust#2,1048576,4,3.14006,6806
Thrust#2,1048576,4,3.14437,6781
Thrust#2,1048576,4,3.14085,7949
Thrust#2,1048576,4,3.14068,7015
Thrust#2,1048576,4,3.14269,6773
Thrust#2,1048576,4,3.1428,6804
Thrust#2,1048576,4,3.14049,6778
Thrust#2,1048576,4,3.14227,7882
Thrust#2,1048576,4,3.14359,6983
Thrust#2,1048576,4,3.14213,6752
Thrust#2,1048576,4,3.14112,6792
Thrust#2,1048576,4,3.1409,6783
Thrust#2,1048576,4,3.14143,7942
Thrust#2,1048576,4,3.14275,6966
Thrust#2,1048576,4,3.14251,7082
Thrust#2,1048576,4,3.14396,6842
Thrust#2,1048576,4,3.14484,7885
Thrust#2,1048576,4,3.14051,6936
Thrust#2,1048576,4,3.14172,6780
Thrust#2,1048576,4,3.14003,6772
Thrust#2,1048576,4,3.14008,6781
Thrust#2,1048576,4,3.13754,7907
Thrust#2,1048576,4,3.14156,6954
Thrust#2,1048576,4,3.13844,6798
Thrust#2,1048576,4,3.14322,6761
Thrust#2,1048576,4,3.14146,6769
Thrust#2,1048576,4,3.14351,6781
Thrust#2,1048576,4,3.14122,6793
Thrust#2,1048576,4,3.14251,7929
Thrust#2,1048576,4,3.14245,7002
Thrust#2,1048576,4,3.14,6789
Thrust#2,1048576,4,3.14294,6790
Thrust#2,1048576,4,3.14012,6805
Thrust#2,1048576,4,3.14244,7877
Thrust#2,1048576,4,3.14472,6966
Thrust#2,1048576,4,3.14317,6797
Thrust#2,1048576,4,3.14137,6774
Thrust#2,1048576,4,3.13887,6789
Thrust#2,1048576,4,3.14175,6781
Thrust#2,1048576,4,3.13965,6806
Thrust#2,1048576,4,3.14223,7907
Thrust#2,1048576,4,3.14253,6995
Thrust#2,1048576,4,3.14276,6771
Thrust#2,1048576,4,3.14093,6795
Thrust#2,1048576,4,3.1449,6811
Thrust#2,1048576,4,3.14112,7898
Thrust#2,1048576,4,3.14048,6987
Thrust#2,1048576,4,3.14251,6768
Thrust#2,1048576,4,3.13858,6804
Thrust#2,1048576,4,3.14089,6791
Thrust#2,1048576,4,3.1443,7941
Thrust#2,1048576,4,3.14323,6973
Thrust#2,1048576,4,3.14127,6794
Thrust#2,1048576,8,3.14238,4442
Thrust#2,1048576,8,3.14028,4445
Thrust#2,1048576,8,3.14002,4439
Thrust#2,1048576,8,3.14381,5508
Thrust#2,1048576,8,3.14301,4698
Thrust#2,1048576,8,3.14178,4439
Thrust#2,1048576,8,3.14248,4437
Thrust#2,1048576,8,3.14091,4437
Thrust#2,1048576,8,3.14049,4448
Thrust#2,1048576,8,3.14469,4451
Thrust#2,1048576,8,3.14033,4433
Thrust#2,1048576,8,3.14253,4437
Thrust#2,1048576,8,3.13988,4437
Thrust#2,1048576,8,3.14135,5573
Thrust#2,1048576,8,3.14289,4659
Thrust#2,1048576,8,3.14027,4440
Thrust#2,1048576,8,3.14179,4427
Thrust#2,1048576,8,3.14492,4461
Thrust#2,1048576,8,3.13883,4444
Thrust#2,1048576,8,3.13968,4418
Thrust#2,1048576,8,3.142,4428
Thrust#2,1048576,8,3.14272,5520
Thrust#2,1048576,8,3.14113,4665
Thrust#2,1048576,8,3.14125,4458
Thrust#2,1048576,8,3.14095,4430
Thrust#2,1048576,8,3.14072,4464
Thrust#2,1048576,8,3.14112,4436
Thrust#2,1048576,8,3.14355,4428
Thrust#2,1048576,8,3.14445,5549
Thrust#2,1048576,8,3.14106,4692
Thrust#2,1048576,8,3.1408,4446
Thrust#2,1048576,8,3.14353,4427
Thrust#2,1048576,8,3.14227,4427
Thrust#2,1048576,8,3.14354,4464
Thrust#2,1048576,8,3.14091,4437
Thrust#2,1048576,8,3.14301,5532
Thrust#2,1048576,8,3.14157,4642
Thrust#2,1048576,8,3.14223,4439
Thrust#2,1048576,8,3.13804,4428
Thrust#2,1048576,8,3.14033,4430
Thrust#2,1048576,8,3.14343,4426
Thrust#2,1048576,8,3.14092,4456
Thrust#2,1048576,8,3.14236,5545
Thrust#2,1048576,8,3.14351,4649
Thrust#2,1048576,8,3.1375,4441
Thrust#2,1048576,8,3.13955,4434
Thrust#2,1048576,8,3.13849,4438
Thrust#2,1048576,8,3.14342,4439
Thrust#2,1048576,8,3.14421,4423
Thrust#2,1048576,8,3.14232,4477
Thrust#2,1048576,8,3.14237,4432
Thrust#2,1048576,8,3.14085,4446
Thrust#2,1048576,8,3.14195,4447
Thrust#2,1048576,8,3.14198,5572
Thrust#2,1048576,8,3.1422,4651
Thrust#2,1048576,8,3.13998,4429
Thrust#2,1048576,8,3.1404,4418
Thrust#2,1048576,8,3.14265,4496
Thrust#2,1048576,8,3.14122,4440
Thrust#2,1048576,8,3.14156,4426
Thrust#2,1048576,8,3.13979,5515
Thrust#2,1048576,8,3.14101,4655
Thrust#2,1048576,8,3.1398,4449
Thrust#2,1048576,8,3.14001,4450
Thrust#2,1048576,8,3.14248,4430
Thrust#2,1048576,8,3.14152,4457
Thrust#2,1048576,8,3.14302,4440
Thrust#2,1048576,8,3.142,4426
Thrust#2,1048576,8,3.13986,5537
Thrust#2,1048576,8,3.13939,4703
Thrust#2,1048576,8,3.14025,4447
Thrust#2,1048576,8,3.13891,4420
Thrust#2,1048576,8,3.14296,4435
Thrust#2,1048576,8,3.14423,4470
Thrust#2,1048576,8,3.14212,4442
Thrust#2,1048576,8,3.14476,5521
Thrust#2,1048576,8,3.14402,4651
Thrust#2,1048576,8,3.14052,4434
Thrust#2,1048576,8,3.14408,4436
Thrust#2,1048576,8,3.14057,4444
Thrust#2,1048576,8,3.14153,4425
Thrust#2,1048576,8,3.1403,4455
Thrust#2,1048576,8,3.14396,5540
Thrust#2,1048576,8,3.14295,4640
Thrust#2,1048576,8,3.14326,4436
Thrust#2,1048576,8,3.14289,4422
Thrust#2,1048576,8,3.14183,4431
Thrust#2,1048576,8,3.14176,4434
Thrust#2,1048576,8,3.14298,4436
Thrust#2,1048576,8,3.13848,4460
Thrust#2,1048576,8,3.14014,4470
Thrust#2,1048576,8,3.14081,4578
Thrust#2,1048576,8,3.14162,4440
Thrust#2,1048576,8,3.13879,5556
Thrust#2,1048576,8,3.13928,4642
Thrust#2,1048576,8,3.14168,4425
Thrust#2,1048576,8,3.14109,4443
Thrust#2,1048576,8,3.14173,4467
Thrust#2,1048576,8,3.14246,4445
Thrust#2,1048576,8,3.14199,4441
Thrust#2,1048576,16,3.14099,4409
Thrust#2,1048576,16,3.14286,3515
Thrust#2,1048576,16,3.14111,3310
Thrust#2,1048576,16,3.13996,3289
Thrust#2,1048576,16,3.14222,3308
Thrust#2,1048576,16,3.13879,3294
Thrust#2,1048576,16,3.14117,3288
Thrust#2,1048576,16,3.13981,3312
Thrust#2,1048576,16,3.1426,3299
Thrust#2,1048576,16,3.14181,3282
Thrust#2,1048576,16,3.1418,4401
Thrust#2,1048576,16,3.14122,3509
Thrust#2,1048576,16,3.14066,3295
Thrust#2,1048576,16,3.13972,3289
Thrust#2,1048576,16,3.14126,3299
Thrust#2,1048576,16,3.14207,3291
Thrust#2,1048576,16,3.1459,3383
Thrust#2,1048576,16,3.14132,3327
Thrust#2,1048576,16,3.14128,3310
Thrust#2,1048576,16,3.14097,3299
Thrust#2,1048576,16,3.13987,4431
Thrust#2,1048576,16,3.13975,3501
Thrust#2,1048576,16,3.14109,3296
Thrust#2,1048576,16,3.13876,3289
Thrust#2,1048576,16,3.14122,3275
Thrust#2,1048576,16,3.14109,3297
Thrust#2,1048576,16,3.14396,3297
Thrust#2,1048576,16,3.14104,3286
Thrust#2,1048576,16,3.14283,3329
Thrust#2,1048576,16,3.14209,4402
Thrust#2,1048576,16,3.14182,3499
Thrust#2,1048576,16,3.13985,3291
Thrust#2,1048576,16,3.14279,3289
Thrust#2,1048576,16,3.14375,3288
Thrust#2,1048576,16,3.14148,3295
Thrust#2,1048576,16,3.14249,3298
Thrust#2,1048576,16,3.142,3300
Thrust#2,1048576,16,3.13862,3299
Thrust#2,1048576,16,3.14138,3301
Thrust#2,1048576,16,3.14376,3314
Thrust#2,1048576,16,3.14136,3313
Thrust#2,1048576,16,3.14135,3263
Thrust#2,1048576,16,3.13962,3292
Thrust#2,1048576,16,3.13968,3288
Thrust#2,1048576,16,3.14168,4435
Thrust#2,1048576,16,3.14144,3491
Thrust#2,1048576,16,3.14427,3295
Thrust#2,1048576,16,3.14085,3298
Thrust#2,1048576,16,3.14047,3298
Thrust#2,1048576,16,3.1405,3298
Thrust#2,1048576,16,3.14211,3328
Thrust#2,1048576,16,3.13943,3298
Thrust#2,1048576,16,3.14058,3292
Thrust#2,1048576,16,3.14045,3292
Thrust#2,1048576,16,3.14141,4390
Thrust#2,1048576,16,3.14255,3508
Thrust#2,1048576,16,3.14347,3297
Thrust#2,1048576,16,3.14251,3297
Thrust#2,1048576,16,3.13844,3300
Thrust#2,1048576,16,3.14353,3299
Thrust#2,1048576,16,3.14201,3321
Thrust#2,1048576,16,3.14355,3315
Thrust#2,1048576,16,3.14085,3291
Thrust#2,1048576,16,3.14198,4398
Thrust#2,1048576,16,3.14206,3504
Thrust#2,1048576,16,3.14503,3302
Thrust#2,1048576,16,3.14582,3287
Thrust#2,1048576,16,3.14112,3292
Thrust#2,1048576,16,3.14105,3303
Thrust#2,1048576,16,3.14159,3300
Thrust#2,1048576,16,3.13986,3288
Thrust#2,1048576,16,3.14471,3327
Thrust#2,1048576,16,3.14168,3355
Thrust#2,1048576,16,3.13934,4438
Thrust#2,1048576,16,3.14037,3502
Thrust#2,1048576,16,3.14176,3294
Thrust#2,1048576,16,3.14151,3599
Thrust#2,1048576,16,3.14185,3350
Thrust#2,1048576,16,3.1434,3314
Thrust#2,1048576,16,3.13886,3306
Thrust#2,1048576,16,3.14366,3299
Thrust#2,1048576,16,3.14138,3311
Thrust#2,1048576,16,3.1412,4427
Thrust#2,1048576,16,3.14242,3498
Thrust#2,1048576,16,3.14289,3303
Thrust#2,1048576,16,3.14374,3291
Thrust#2,1048576,16,3.14374,3299
Thrust#2,1048576,16,3.14134,3288
Thrust#2,1048576,16,3.14086,3288
Thrust#2,1048576,16,3.1463,3310
Thrust#2,1048576,16,3.14007,3288
Thrust#2,1048576,16,3.14142,3299
Thrust#2,1048576,16,3.13816,3311
Thrust#2,1048576,16,3.14117,3309
Thrust#2,1048576,16,3.14057,3290
Thrust#2,1048576,16,3.14032,3278
Thrust#2,1048576,16,3.14195,3292
Thrust#2,1048576,16,3.14384,4446
Thrust#2,1048576,16,3.14053,3489
Thrust#2,1048576,16,3.14191,3301
Thrust#2,1048576,32,3.1426,2772
Thrust#2,1048576,32,3.14265,2766
Thrust#2,1048576,32,3.14267,2782
Thrust#2,1048576,32,3.14282,2795
Thrust#2,1048576,32,3.14206,2786
Thrust#2,1048576,32,3.13936,2762
Thrust#2,1048576,32,3.1412,2784
Thrust#2,1048576,32,3.14158,2788
Thrust#2,1048576,32,3.13943,3875
Thrust#2,1048576,32,3.14102,2988
Thrust#2,1048576,32,3.14284,2787
Thrust#2,1048576,32,3.14272,2772
Thrust#2,1048576,32,3.14058,2766
Thrust#2,1048576,32,3.14206,2763
Thrust#2,1048576,32,3.14407,2784
Thrust#2,1048576,32,3.1414,2774
Thrust#2,1048576,32,3.13983,2805
Thrust#2,1048576,32,3.14322,2780
Thrust#2,1048576,32,3.14172,2763
Thrust#2,1048576,32,3.1424,2767
Thrust#2,1048576,32,3.1423,3879
Thrust#2,1048576,32,3.14269,3027
Thrust#2,1048576,32,3.13922,2786
Thrust#2,1048576,32,3.1379,2763
Thrust#2,1048576,32,3.14164,2763
Thrust#2,1048576,32,3.1428,2779
Thrust#2,1048576,32,3.14228,2774
Thrust#2,1048576,32,3.1446,2783
Thrust#2,1048576,32,3.14124,2783
Thrust#2,1048576,32,3.14202,2797
Thrust#2,1048576,32,3.14215,2776
Thrust#2,1048576,32,3.14277,3856
Thrust#2,1048576,32,3.14136,2984
Thrust#2,1048576,32,3.14107,2788
Thrust#2,1048576,32,3.14497,2778
Thrust#2,1048576,32,3.14236,2774
Thrust#2,1048576,32,3.14124,2775
Thrust#2,1048576,32,3.14216,2772
Thrust#2,1048576,32,3.14081,2772
Thrust#2,1048576,32,3.14216,2782
Thrust#2,1048576,32,3.14225,2765
Thrust#2,1048576,32,3.14129,2783
Thrust#2,1048576,32,3.14168,2811
Thrust#2,1048576,32,3.14321,4145
Thrust#2,1048576,32,3.14208,2774
Thrust#2,1048576,32,3.13972,2773
Thrust#2,1048576,32,3.14215,2779
Thrust#2,1048576,32,3.14381,2789
Thrust#2,1048576,32,3.14098,2771
Thrust#2,1048576,32,3.144,2747
Thrust#2,1048576,32,3.13848,2758
Thrust#2,1048576,32,3.13942,2776
Thrust#2,1048576,32,3.13943,2775
Thrust#2,1048576,32,3.14094,2777
Thrust#2,1048576,32,3.13802,2816
Thrust#2,1048576,32,3.13837,2792
Thrust#2,1048576,32,3.13878,2765
Thrust#2,1048576,32,3.14065,2752
Thrust#2,1048576,32,3.13999,2780
Thrust#2,1048576,32,3.14235,2782
Thrust#2,1048576,32,3.14124,3922
Thrust#2,1048576,32,3.14433,2986
Thrust#2,1048576,32,3.14519,2761
Thrust#2,1048576,32,3.14304,2774
Thrust#2,1048576,32,3.14358,2767
Thrust#2,1048576,32,3.14319,2773
Thrust#2,1048576,32,3.14094,2778
Thrust#2,1048576,32,3.14138,2795
Thrust#2,1048576,32,3.13711,2785
Thrust#2,1048576,32,3.14368,2762
Thrust#2,1048576,32,3.14124,2781
Thrust#2,1048576,32,3.14205,2787
Thrust#2,1048576,32,3.14036,3870
Thrust#2,1048576,32,3.14321,3003
Thrust#2,1048576,32,3.14369,2784
Thrust#2,1048576,32,3.14196,2767
Thrust#2,1048576,32,3.1414,2786
Thrust#2,1048576,32,3.14029,2767
Thrust#2,1048576,32,3.14145,2781
Thrust#2,1048576,32,3.14279,2801
Thrust#2,1048576,32,3.14007,2773
Thrust#2,1048576,32,3.14341,2759
Thrust#2,1048576,32,3.1419,2772
Thrust#2,1048576,32,3.14039,3865
Thrust#2,1048576,32,3.14017,2995
Thrust#2,1048576,32,3.14286,2760
Thrust#2,1048576,32,3.13898,2754
Thrust#2,1048576,32,3.14134,2782
Thrust#2,1048576,32,3.14037,2771
Thrust#2,1048576,32,3.14161,2779
Thrust#2,1048576,32,3.14165,2770
Thrust#2,1048576,32,3.14222,2785
Thrust#2,1048576,32,3.14195,2789
Thrust#2,1048576,32,3.14218,2791
Thrust#2,1048576,32,3.14241,2763
Thrust#2,1048576,32,3.14019,3923
Thrust#2,1048576,32,3.1406,2993
Thrust#2,1048576,32,3.14237,2772
Thrust#2,1048576,32,3.14017,2762
Thrust#2,1048576,32,3.14146,2766
Thrust#2,1048576,64,3.13836,2476
Thrust#2,1048576,64,3.14255,2488
Thrust#2,1048576,64,3.14208,2485
Thrust#2,1048576,64,3.14073,2485
Thrust#2,1048576,64,3.14161,2494
Thrust#2,1048576,64,3.14154,2480
Thrust#2,1048576,64,3.14115,2515
Thrust#2,1048576,64,3.14247,3589
Thrust#2,1048576,64,3.14117,2699
Thrust#2,1048576,64,3.14212,2492
Thrust#2,1048576,64,3.1407,2485
Thrust#2,1048576,64,3.14398,2502
Thrust#2,1048576,64,3.1408,2485
Thrust#2,1048576,64,3.14036,2485
Thrust#2,1048576,64,3.14027,2483
Thrust#2,1048576,64,3.14153,2502
Thrust#2,1048576,64,3.14252,2496
Thrust#2,1048576,64,3.14191,2494
Thrust#2,1048576,64,3.14159,2496
Thrust#2,1048576,64,3.13945,2479
Thrust#2,1048576,64,3.14086,2500
Thrust#2,1048576,64,3.1425,2503
Thrust#2,1048576,64,3.1419,2477
Thrust#2,1048576,64,3.14146,2489
Thrust#2,1048576,64,3.14162,2493
Thrust#2,1048576,64,3.14059,2495
Thrust#2,1048576,64,3.13881,3639
Thrust#2,1048576,64,3.14074,2700
Thrust#2,1048576,64,3.1446,2492
Thrust#2,1048576,64,3.1423,2487
Thrust#2,1048576,64,3.14402,2483
Thrust#2,1048576,64,3.14288,2491
Thrust#2,1048576,64,3.14283,2488
Thrust#2,1048576,64,3.14172,2492
Thrust#2,1048576,64,3.14126,2508
Thrust#2,1048576,64,3.14203,2501
Thrust#2,1048576,64,3.14363,2479
Thrust#2,1048576,64,3.1414,2487
Thrust#2,1048576,64,3.14113,2496
Thrust#2,1048576,64,3.14225,3590
Thrust#2,1048576,64,3.14141,2698
Thrust#2,1048576,64,3.14465,2494
Thrust#2,1048576,64,3.1403,2491
Thrust#2,1048576,64,3.14275,2485
Thrust#2,1048576,64,3.13985,2488
Thrust#2,1048576,64,3.14003,2484
Thrust#2,1048576,64,3.14064,2488
Thrust#2,1048576,64,3.14125,2485
Thrust#2,1048576,64,3.13847,2503
Thrust#2,1048576,64,3.14281,2494
Thrust#2,1048576,64,3.14156,2489
Thrust#2,1048576,64,3.14234,2492
Thrust#2,1048576,64,3.14381,3586
Thrust#2,1048576,64,3.14392,2740
Thrust#2,1048576,64,3.13945,2482
Thrust#2,1048576,64,3.14233,2504
Thrust#2,1048576,64,3.13923,2489
Thrust#2,1048576,64,3.14102,2484
Thrust#2,1048576,64,3.14172,2495
Thrust#2,1048576,64,3.13733,2494
Thrust#2,1048576,64,3.14079,2493
Thrust#2,1048576,64,3.14428,2495
Thrust#2,1048576,64,3.14168,2513
Thrust#2,1048576,64,3.14328,2499
Thrust#2,1048576,64,3.14147,2480
Thrust#2,1048576,64,3.14273,3576
Thrust#2,1048576,64,3.14143,2710
Thrust#2,1048576,64,3.1409,2490
Thrust#2,1048576,64,3.1424,2486
Thrust#2,1048576,64,3.14141,2486
Thrust#2,1048576,64,3.13955,2488
Thrust#2,1048576,64,3.14388,2485
Thrust#2,1048576,64,3.14158,2485
Thrust#2,1048576,64,3.14358,2497
Thrust#2,1048576,64,3.14049,2488
Thrust#2,1048576,64,3.14198,2496
Thrust#2,1048576,64,3.14263,2516
Thrust#2,1048576,64,3.14218,3567
Thrust#2,1048576,64,3.1408,2698
Thrust#2,1048576,64,3.14243,2481
Thrust#2,1048576,64,3.14085,2498
Thrust#2,1048576,64,3.14157,2484
Thrust#2,1048576,64,3.14296,2495
Thrust#2,1048576,64,3.14196,2495
Thrust#2,1048576,64,3.14024,2488
Thrust#2,1048576,64,3.14148,2496
Thrust#2,1048576,64,3.14175,2498
Thrust#2,1048576,64,3.14154,2483
Thrust#2,1048576,64,3.1423,2489
Thrust#2,1048576,64,3.14493,2485
Thrust#2,1048576,64,3.14217,2488
Thrust#2,1048576,64,3.14214,2494
Thrust#2,1048576,64,3.14352,2492
Thrust#2,1048576,64,3.13817,2474
Thrust#2,1048576,64,3.14307,2483
Thrust#2,1048576,64,3.1411,2496
Thrust#2,1048576,64,3.14302,2488
Thrust#2,1048576,64,3.144,3640
Thrust#2,1048576,64,3.14238,2701
Thrust#2,1048576,64,3.13944,2483
Thrust#2,1048576,128,3.14318,2473
Thrust#2,1048576,128,3.1419,2446
Thrust#2,1048576,128,3.13947,2438
Thrust#2,1048576,128,3.13977,2441
Thrust#2,1048576,128,3.1424,2457
Thrust#2,1048576,128,3.13984,2471
Thrust#2,1048576,128,3.14065,2470
Thrust#2,1048576,128,3.14217,2446
Thrust#2,1048576,128,3.14141,2434
Thrust#2,1048576,128,3.14388,2455
Thrust#2,1048576,128,3.14277,3562
Thrust#2,1048576,128,3.14354,2651
Thrust#2,1048576,128,3.14001,2453
Thrust#2,1048576,128,3.14386,2450
Thrust#2,1048576,128,3.1402,2444
Thrust#2,1048576,128,3.14082,2455
Thrust#2,1048576,128,3.14196,2454
Thrust#2,1048576,128,3.14219,2453
Thrust#2,1048576,128,3.14055,2457
Thrust#2,1048576,128,3.13953,2454
Thrust#2,1048576,128,3.14161,2459
Thrust#2,1048576,128,3.14371,2442
Thrust#2,1048576,128,3.14033,2433
Thrust#2,1048576,128,3.14459,3566
Thrust#2,1048576,128,3.13973,2657
Thrust#2,1048576,128,3.14055,2460
Thrust#2,1048576,128,3.14454,2448
Thrust#2,1048576,128,3.14388,2439
Thrust#2,1048576,128,3.14006,2451
Thrust#2,1048576,128,3.14356,2448
Thrust#2,1048576,128,3.14114,2444
Thrust#2,1048576,128,3.14086,2445
Thrust#2,1048576,128,3.14042,2445
Thrust#2,1048576,128,3.14393,2458
Thrust#2,1048576,128,3.13976,2461
Thrust#2,1048576,128,3.13984,2463
Thrust#2,1048576,128,3.14347,3580
Thrust#2,1048576,128,3.14,2657
Thrust#2,1048576,128,3.14371,2505
Thrust#2,1048576,128,3.14209,2486
Thrust#2,1048576,128,3.14167,2461
Thrust#2,1048576,128,3.14053,2459
Thrust#2,1048576,128,3.14267,2485
Thrust#2,1048576,128,3.14038,2464
Thrust#2,1048576,128,3.1437,2449
Thrust#2,1048576,128,3.14278,2447
Thrust#2,1048576,128,3.14154,2449
Thrust#2,1048576,128,3.14204,2443
Thrust#2,1048576,128,3.14324,2477
Thrust#2,1048576,128,3.13722,2455
Thrust#2,1048576,128,3.14083,2438
Thrust#2,1048576,128,3.14177,2445
Thrust#2,1048576,128,3.14545,2433
Thrust#2,1048576,128,3.14153,2444
Thrust#2,1048576,128,3.14174,2445
Thrust#2,1048576,128,3.14228,2457
Thrust#2,1048576,128,3.14237,3552
Thrust#2,1048576,128,3.14066,2659
Thrust#2,1048576,128,3.1409,2441
Thrust#2,1048576,128,3.14144,2439
Thrust#2,1048576,128,3.14004,2449
Thrust#2,1048576,128,3.14377,2457
Thrust#2,1048576,128,3.14317,2448
Thrust#2,1048576,128,3.14137,2481
Thrust#2,1048576,128,3.14158,2465
Thrust#2,1048576,128,3.1414,2436
Thrust#2,1048576,128,3.14212,2433
Thrust#2,1048576,128,3.14019,2454
Thrust#2,1048576,128,3.13812,2448
Thrust#2,1048576,128,3.14271,3584
Thrust#2,1048576,128,3.13786,2661
Thrust#2,1048576,128,3.14278,2453
Thrust#2,1048576,128,3.14061,2437
Thrust#2,1048576,128,3.13968,2444
Thrust#2,1048576,128,3.14481,2447
Thrust#2,1048576,128,3.14316,2440
Thrust#2,1048576,128,3.14127,2445
Thrust#2,1048576,128,3.14231,2491
Thrust#2,1048576,128,3.14461,2447
Thrust#2,1048576,128,3.14209,2426
Thrust#2,1048576,128,3.14042,2445
Thrust#2,1048576,128,3.13893,2444
Thrust#2,1048576,128,3.14217,3565
Thrust#2,1048576,128,3.14199,2678
Thrust#2,1048576,128,3.14402,2470
Thrust#2,1048576,128,3.14003,2435
Thrust#2,1048576,128,3.14233,2444
Thrust#2,1048576,128,3.14226,2455
Thrust#2,1048576,128,3.14161,2447
Thrust#2,1048576,128,3.13937,2447
Thrust#2,1048576,128,3.14237,2454
Thrust#2,1048576,128,3.1403,2463
Thrust#2,1048576,128,3.13758,2451
Thrust#2,1048576,128,3.14029,2435
Thrust#2,1048576,128,3.1399,2434
Thrust#2,1048576,128,3.14212,3565
Thrust#2,1048576,128,3.14334,2652
Thrust#2,1048576,128,3.14177,2451
Thrust#2,1048576,128,3.13907,2447
Thrust#2,1048576,128,3.13963,2455
Thrust#2,1048576,256,3.14157,2459
Thrust#2,1048576,256,3.13954,2464
Thrust#2,1048576,256,3.14023,2468
Thrust#2,1048576,256,3.14217,2465
Thrust#2,1048576,256,3.14132,2456
Thrust#2,1048576,256,3.14192,2497
Thrust#2,1048576,256,3.14177,2479
Thrust#2,1048576,256,3.14008,2460
Thrust#2,1048576,256,3.14351,3584
Thrust#2,1048576,256,3.14143,2673
Thrust#2,1048576,256,3.14198,2462
Thrust#2,1048576,256,3.14246,2463
Thrust#2,1048576,256,3.14178,2470
Thrust#2,1048576,256,3.14189,2471
Thrust#2,1048576,256,3.14166,2468
Thrust#2,1048576,256,3.14146,2475
Thrust#2,1048576,256,3.14391,2472
Thrust#2,1048576,256,3.14188,2459
Thrust#2,1048576,256,3.14253,2469
Thrust#2,1048576,256,3.14238,2498
Thrust#2,1048576,256,3.14063,3574
Thrust#2,1048576,256,3.1407,2673
Thrust#2,1048576,256,3.13924,2464
Thrust#2,1048576,256,3.14097,2464
Thrust#2,1048576,256,3.14124,2499
Thrust#2,1048576,256,3.1428,2483
Thrust#2,1048576,256,3.14157,2459
Thrust#2,1048576,256,3.14124,2467
Thrust#2,1048576,256,3.14079,2460
Thrust#2,1048576,256,3.14336,2463
Thrust#2,1048576,256,3.13966,2460
Thrust#2,1048576,256,3.14135,2473
Thrust#2,1048576,256,3.13956,2456
Thrust#2,1048576,256,3.14044,2463
Thrust#2,1048576,256,3.14304,2491
Thrust#2,1048576,256,3.1413,2473
Thrust#2,1048576,256,3.14225,2472
Thrust#2,1048576,256,3.14012,2471
Thrust#2,1048576,256,3.14226,2459
Thrust#2,1048576,256,3.14008,2489
Thrust#2,1048576,256,3.14351,3637
Thrust#2,1048576,256,3.14111,2663
Thrust#2,1048576,256,3.14329,2458
Thrust#2,1048576,256,3.1419,2456
Thrust#2,1048576,256,3.14199,2471
Thrust#2,1048576,256,3.14165,2781
Thrust#2,1048576,256,3.14086,2525
Thrust#2,1048576,256,3.14107,2485
Thrust#2,1048576,256,3.14458,2513
Thrust#2,1048576,256,3.14251,2488
Thrust#2,1048576,256,3.13921,2451
Thrust#2,1048576,256,3.141,2459
Thrust#2,1048576,256,3.14239,3597
Thrust#2,1048576,256,3.14189,2670
Thrust#2,1048576,256,3.14191,2482
Thrust#2,1048576,256,3.1398,2481
Thrust#2,1048576,256,3.14098,2482
Thrust#2,1048576,256,3.14081,2471
Thrust#2,1048576,256,3.14231,2473
Thrust#2,1048576,256,3.13844,2468
Thrust#2,1048576,256,3.14359,2468
Thrust#2,1048576,256,3.14161,2470
Thrust#2,1048576,256,3.14051,2460
Thrust#2,1048576,256,3.14155,2496
Thrust#2,1048576,256,3.14197,2475
Thrust#2,1048576,256,3.14298,2452
Thrust#2,1048576,256,3.14707,3577
Thrust#2,1048576,256,3.14223,2722
Thrust#2,1048576,256,3.14467,2469
Thrust#2,1048576,256,3.14081,2466
Thrust#2,1048576,256,3.14434,2459
Thrust#2,1048576,256,3.14025,2471
Thrust#2,1048576,256,3.14229,2477
Thrust#2,1048576,256,3.14159,2470
Thrust#2,1048576,256,3.13844,2460
Thrust#2,1048576,256,3.14182,2478
Thrust#2,1048576,256,3.14026,2465
Thrust#2,1048576,256,3.14385,2487
Thrust#2,1048576,256,3.14225,2469
Thrust#2,1048576,256,3.14371,3553
Thrust#2,1048576,256,3.14112,2673
Thrust#2,1048576,256,3.14291,2467
Thrust#2,1048576,256,3.14099,2480
Thrust#2,1048576,256,3.14302,2470
Thrust#2,1048576,256,3.14126,2459
Thrust#2,1048576,256,3.14096,2468
Thrust#2,1048576,256,3.14134,2463
Thrust#2,1048576,256,3.14322,2468
Thrust#2,1048576,256,3.13939,2460
Thrust#2,1048576,256,3.13898,2471
Thrust#2,1048576,256,3.14231,2464
Thrust#2,1048576,256,3.1461,2495
Thrust#2,1048576,256,3.14112,2469
Thrust#2,1048576,256,3.14162,2471
Thrust#2,1048576,256,3.14076,2453
Thrust#2,1048576,256,3.14297,2461
Thrust#2,1048576,256,3.13936,2453
Thrust#2,1048576,256,3.13959,2459
Thrust#2,1048576,256,3.14362,2468
Thrust#2,1048576,256,3.1394,3610
Thrust#2,1048576,512,3.14128,3067
Thrust#2,1048576,512,3.14077,2876
Thrust#2,1048576,512,3.13807,2870
Thrust#2,1048576,512,3.1428,2865
Thrust#2,1048576,512,3.1443,2883
Thrust#2,1048576,512,3.14204,2870
Thrust#2,1048576,512,3.14244,2875
Thrust#2,1048576,512,3.14236,2854
Thrust#2,1048576,512,3.14209,2855
Thrust#2,1048576,512,3.14145,2866
Thrust#2,1048576,512,3.14069,3967
Thrust#2,1048576,512,3.14274,3079
Thrust#2,1048576,512,3.14431,2871
Thrust#2,1048576,512,3.14156,2874
Thrust#2,1048576,512,3.14195,2872
Thrust#2,1048576,512,3.14368,2837
Thrust#2,1048576,512,3.14106,2865
Thrust#2,1048576,512,3.13878,2873
Thrust#2,1048576,512,3.14059,2843
Thrust#2,1048576,512,3.14192,2853
Thrust#2,1048576,512,3.14088,2863
Thrust#2,1048576,512,3.14285,3952
Thrust#2,1048576,512,3.14096,3076
Thrust#2,1048576,512,3.13972,2869
Thrust#2,1048576,512,3.13944,2845
Thrust#2,1048576,512,3.13739,2854
Thrust#2,1048576,512,3.14281,2871
Thrust#2,1048576,512,3.14235,2841
Thrust#2,1048576,512,3.13968,2894
Thrust#2,1048576,512,3.14172,2875
Thrust#2,1048576,512,3.14072,2854
Thrust#2,1048576,512,3.1419,2855
Thrust#2,1048576,512,3.14007,3979
Thrust#2,1048576,512,3.14227,3070
Thrust#2,1048576,512,3.14042,2856
Thrust#2,1048576,512,3.14099,2860
Thrust#2,1048576,512,3.13795,2853
Thrust#2,1048576,512,3.13869,2848
Thrust#2,1048576,512,3.14151,2878
Thrust#2,1048576,512,3.14299,2861
Thrust#2,1048576,512,3.14131,2854
Thrust#2,1048576,512,3.1437,2887
Thrust#2,1048576,512,3.14161,2871
Thrust#2,1048576,512,3.14504,2882
Thrust#2,1048576,512,3.14412,3963
Thrust#2,1048576,512,3.14258,3074
Thrust#2,1048576,512,3.14234,2867
Thrust#2,1048576,512,3.13988,2858
Thrust#2,1048576,512,3.13932,2861
Thrust#2,1048576,512,3.14322,2862
Thrust#2,1048576,512,3.14359,2874
Thrust#2,1048576,512,3.14194,2860
Thrust#2,1048576,512,3.14058,2861
Thrust#2,1048576,512,3.13924,2877
Thrust#2,1048576,512,3.14167,2882
Thrust#2,1048576,512,3.14042,3962
Thrust#2,1048576,512,3.13893,3120
Thrust#2,1048576,512,3.13651,2856
Thrust#2,1048576,512,3.14252,2846
Thrust#2,1048576,512,3.13973,2844
Thrust#2,1048576,512,3.13942,2849
Thrust#2,1048576,512,3.14184,2862
Thrust#2,1048576,512,3.14241,2870
Thrust#2,1048576,512,3.14404,2862
Thrust#2,1048576,512,3.14265,2860
Thrust#2,1048576,512,3.14318,2862
Thrust#2,1048576,512,3.13877,2879
Thrust#2,1048576,512,3.14092,2852
Thrust#2,1048576,512,3.13913,2850
Thrust#2,1048576,512,3.14191,2844
Thrust#2,1048576,512,3.14129,2861
Thrust#2,1048576,512,3.14302,3955
Thrust#2,1048576,512,3.14086,3077
Thrust#2,1048576,512,3.14312,2882
Thrust#2,1048576,512,3.14228,2882
Thrust#2,1048576,512,3.14137,2855
Thrust#2,1048576,512,3.14263,2859
Thrust#2,1048576,512,3.1405,2857
Thrust#2,1048576,512,3.14561,2902
Thrust#2,1048576,512,3.14229,2856
Thrust#2,1048576,512,3.14226,2868
Thrust#2,1048576,512,3.14024,2847
Thrust#2,1048576,512,3.1391,2863
Thrust#2,1048576,512,3.14215,4008
Thrust#2,1048576,512,3.14216,3072
Thrust#2,1048576,512,3.13933,2877
Thrust#2,1048576,512,3.14351,2862
Thrust#2,1048576,512,3.14111,2853
Thrust#2,1048576,512,3.14375,2870
Thrust#2,1048576,512,3.14101,2859
Thrust#2,1048576,512,3.14166,2873
Thrust#2,1048576,512,3.14371,2873
Thrust#2,1048576,512,3.14004,2846
Thrust#2,1048576,512,3.14137,2862
Thrust#2,1048576,512,3.14166,3939
Thrust#2,1048576,512,3.14096,3075
Thrust#2,1048576,512,3.14089,2861
Thrust#2,1048576,512,3.14124,2862
Thrust#2,1048576,512,3.14325,2861
Thrust#2,1048576,512,3.14146,2856
Thrust#2,1048576,1024,3.14339,4147
Thrust#2,1048576,1024,3.14305,4192
Thrust#2,1048576,1024,3.14346,4165
Thrust#2,1048576,1024,3.14487,4153
Thrust#2,1048576,1024,3.14211,5368
Thrust#2,1048576,1024,3.14025,4205
Thrust#2,1048576,1024,3.14097,4149
Thrust#2,1048576,1024,3.13958,4154
Thrust#2,1048576,1024,3.14237,4154
Thrust#2,1048576,1024,3.14203,4158
Thrust#2,1048576,1024,3.14348,4169
Thrust#2,1048576,1024,3.13876,4166
Thrust#2,1048576,1024,3.14342,5376
Thrust#2,1048576,1024,3.14205,4210
Thrust#2,1048576,1024,3.14072,4147
Thrust#2,1048576,1024,3.14548,4155
Thrust#2,1048576,1024,3.1422,4148
Thrust#2,1048576,1024,3.14036,4151
Thrust#2,1048576,1024,3.14437,4179
Thrust#2,1048576,1024,3.14222,4156
Thrust#2,1048576,1024,3.14209,4155
Thrust#2,1048576,1024,3.14408,4159
Thrust#2,1048576,1024,3.14365,4156
Thrust#2,1048576,1024,3.1413,4156
Thrust#2,1048576,1024,3.13993,5347
Thrust#2,1048576,1024,3.14114,4204
Thrust#2,1048576,1024,3.14414,4161
Thrust#2,1048576,1024,3.13786,4179
Thrust#2,1048576,1024,3.14321,4153
Thrust#2,1048576,1024,3.13831,4162
Thrust#2,1048576,1024,3.14457,4167
Thrust#2,1048576,1024,3.14291,5335
Thrust#2,1048576,1024,3.141,4252
Thrust#2,1048576,1024,3.14031,4211
Thrust#2,1048576,1024,3.14231,4203
Thrust#2,1048576,1024,3.14357,4275
Thrust#2,1048576,1024,3.14306,4285
Thrust#2,1048576,1024,3.14373,4257
Thrust#2,1048576,1024,3.14181,4226
Thrust#2,1048576,1024,3.1403,5257
Thrust#2,1048576,1024,3.14352,4239
Thrust#2,1048576,1024,3.14287,4174
Thrust#2,1048576,1024,3.14137,4161
Thrust#2,1048576,1024,3.14184,4191
Thrust#2,1048576,1024,3.14214,4193
Thrust#2,1048576,1024,3.14285,4160
Thrust#2,1048576,1024,3.13982,4153
Thrust#2,1048576,1024,3.14232,5384
Thrust#2,1048576,1024,3.13997,4191
Thrust#2,1048576,1024,3.14158,4144
Thrust#2,1048576,1024,3.14241,4144
Thrust#2,1048576,1024,3.13933,4143
Thrust#2,1048576,1024,3.14079,4201
Thrust#2,1048576,1024,3.14358,4184
Thrust#2,1048576,1024,3.13853,5358
Thrust#2,1048576,1024,3.14249,4238
Thrust#2,1048576,1024,3.14075,4162
Thrust#2,1048576,1024,3.13952,4159
Thrust#2,1048576,1024,3.14147,4153
Thrust#2,1048576,1024,3.13966,4154
Thrust#2,1048576,1024,3.14136,4191
Thrust#2,1048576,1024,3.14032,4208
Thrust#2,1048576,1024,3.14117,4172
Thrust#2,1048576,1024,3.14367,4154
Thrust#2,1048576,1024,3.1388,4152
Thrust#2,1048576,1024,3.14082,4168
Thrust#2,1048576,1024,3.14273,5365
Thrust#2,1048576,1024,3.1402,4209
Thrust#2,1048576,1024,3.14215,4184
Thrust#2,1048576,1024,3.14351,4214
Thrust#2,1048576,1024,3.14206,4261
Thrust#2,1048576,1024,3.14409,4263
Thrust#2,1048576,1024,3.14265,4237
Thrust#2,1048576,1024,3.14299,5370
Thrust#2,1048576,1024,3.14368,4418
Thrust#2,1048576,1024,3.14214,4328
Thrust#2,1048576,1024,3.14123,4266
Thrust#2,1048576,1024,3.1458,4227
Thrust#2,1048576,1024,3.14355,4246
Thrust#2,1048576,1024,3.1418,4203
Thrust#2,1048576,1024,3.14367,4205
Thrust#2,1048576,1024,3.14107,5352
Thrust#2,1048576,1024,3.1401,4269
Thrust#2,1048576,1024,3.13934,4204
Thrust#2,1048576,1024,3.13933,4216
Thrust#2,1048576,1024,3.1401,4229
Thrust#2,1048576,1024,3.13967,4231
Thrust#2,1048576,1024,3.14246,4250
Thrust#2,1048576,1024,3.13965,4235
Thrust#2,1048576,1024,3.14218,5290
Thrust#2,1048576,1024,3.14307,4247
Thrust#2,1048576,1024,3.14286,4218
Thrust#2,1048576,1024,3.14166,4203
Thrust#2,1048576,1024,3.1414,4221
Thrust#2,1048576,1024,3.14285,4228
Thrust#2,1048576,1024,3.14098,4216
Thrust#2,1048576,1024,3.1408,4178
Thrust#2,1048576,1024,3.14402,4163
Thrust#2,1048576,1024,3.14222,4151
Thrust#2,1048576,1024,3.13972,4159
Thrust#2,1048576,2048,3.1431,5913
Thrust#2,1048576,2048,3.14268,4591
Thrust#2,1048576,2048,3.14135,4682
Thrust#2,1048576,2048,3.14039,4773
Thrust#2,1048576,2048,3.13909,4723
Thrust#2,1048576,2048,3.14188,4698
Thrust#2,1048576,2048,3.1402,4743
Thrust#2,1048576,2048,3.14258,5857
Thrust#2,1048576,2048,3.14249,4756
Thrust#2,1048576,2048,3.14206,4698
Thrust#2,1048576,2048,3.14377,4733
Thrust#2,1048576,2048,3.13965,4758
Thrust#2,1048576,2048,3.14166,4755
Thrust#2,1048576,2048,3.14133,4755
Thrust#2,1048576,2048,3.14004,5982
Thrust#2,1048576,2048,3.14393,4712
Thrust#2,1048576,2048,3.1404,4733
Thrust#2,1048576,2048,3.14051,4709
Thrust#2,1048576,2048,3.14161,4754
Thrust#2,1048576,2048,3.13861,4798
Thrust#2,1048576,2048,3.14014,5881
Thrust#2,1048576,2048,3.1421,4828
Thrust#2,1048576,2048,3.1414,4770
Thrust#2,1048576,2048,3.14223,4756
Thrust#2,1048576,2048,3.14174,4724
Thrust#2,1048576,2048,3.14085,4755
Thrust#2,1048576,2048,3.14201,4783
Thrust#2,1048576,2048,3.14038,5951
Thrust#2,1048576,2048,3.13961,4779
Thrust#2,1048576,2048,3.13956,4722
Thrust#2,1048576,2048,3.14244,4737
Thrust#2,1048576,2048,3.14204,4737
Thrust#2,1048576,2048,3.143,4752
Thrust#2,1048576,2048,3.14304,4762
Thrust#2,1048576,2048,3.14285,4763
Thrust#2,1048576,2048,3.14216,4751
Thrust#2,1048576,2048,3.14251,4751
Thrust#2,1048576,2048,3.144,5885
Thrust#2,1048576,2048,3.14401,4650
Thrust#2,1048576,2048,3.14079,4740
Thrust#2,1048576,2048,3.14003,4713
Thrust#2,1048576,2048,3.1407,4743
Thrust#2,1048576,2048,3.14212,4748
Thrust#2,1048576,2048,3.14058,4708
Thrust#2,1048576,2048,3.14122,5920
Thrust#2,1048576,2048,3.14297,4826
Thrust#2,1048576,2048,3.14176,4767
Thrust#2,1048576,2048,3.14426,4801
Thrust#2,1048576,2048,3.14183,4798
Thrust#2,1048576,2048,3.14259,4827
Thrust#2,1048576,2048,3.14093,4741
Thrust#2,1048576,2048,3.13728,5836
Thrust#2,1048576,2048,3.14151,4812
Thrust#2,1048576,2048,3.14225,4728
Thrust#2,1048576,2048,3.14048,4733
Thrust#2,1048576,2048,3.14135,4738
Thrust#2,1048576,2048,3.13997,4779
Thrust#2,1048576,2048,3.14263,4754
Thrust#2,1048576,2048,3.13941,4714
Thrust#2,1048576,2048,3.14256,4728
Thrust#2,1048576,2048,3.13985,4715
Thrust#2,1048576,2048,3.14045,5873
Thrust#2,1048576,2048,3.13849,4766
Thrust#2,1048576,2048,3.14151,4709
Thrust#2,1048576,2048,3.14242,4778
Thrust#2,1048576,2048,3.14167,4724
Thrust#2,1048576,2048,3.14028,4544
Thrust#2,1048576,2048,3.13894,4703
Thrust#2,1048576,2048,3.14249,5929
Thrust#2,1048576,2048,3.13984,4786
Thrust#2,1048576,2048,3.14099,4704
Thrust#2,1048576,2048,3.13863,4750
Thrust#2,1048576,2048,3.14129,4748
Thrust#2,1048576,2048,3.13972,4579
Thrust#2,1048576,2048,3.14059,4746
Thrust#2,1048576,2048,3.14253,5874
Thrust#2,1048576,2048,3.1437,4653
Thrust#2,1048576,2048,3.14044,4695
Thrust#2,1048576,2048,3.14161,4714
Thrust#2,1048576,2048,3.14095,4744
Thrust#2,1048576,2048,3.14471,4736
Thrust#2,1048576,2048,3.13808,4731
Thrust#2,1048576,2048,3.14083,5941
Thrust#2,1048576,2048,3.14034,4917
Thrust#2,1048576,2048,3.13988,4817
Thrust#2,1048576,2048,3.14017,4812
Thrust#2,1048576,2048,3.1395,5767
Thrust#2,1048576,2048,3.14091,4807
Thrust#2,1048576,2048,3.1428,5833
Thrust#2,1048576,2048,3.14221,4883
Thrust#2,1048576,2048,3.14193,4846
Thrust#2,1048576,2048,3.14108,4803
Thrust#2,1048576,2048,3.14062,4817
Thrust#2,1048576,2048,3.14307,4759
Thrust#2,1048576,2048,3.13956,4749
Thrust#2,1048576,2048,3.14242,4760
Thrust#2,1048576,2048,3.14171,4733
Thrust#2,1048576,2048,3.14422,4717
Thrust#2,1048576,2048,3.14219,5912
Thrust#2,1048576,2048,3.14342,4783
Thrust#2,1048576,4096,3.14284,7153
Thrust#2,1048576,4096,3.14104,7182
Thrust#2,1048576,4096,3.14136,7159
Thrust#2,1048576,4096,3.13976,8343
Thrust#2,1048576,4096,3.144,7235
Thrust#2,1048576,4096,3.14276,7136
Thrust#2,1048576,4096,3.14119,7183
Thrust#2,1048576,4096,3.14225,7140
Thrust#2,1048576,4096,3.1437,8474
Thrust#2,1048576,4096,3.14257,7193
Thrust#2,1048576,4096,3.13687,7131
Thrust#2,1048576,4096,3.14389,7165
Thrust#2,1048576,4096,3.13992,7140
Thrust#2,1048576,4096,3.14266,7131
Thrust#2,1048576,4096,3.14138,7131
Thrust#2,1048576,4096,3.14116,8323
Thrust#2,1048576,4096,3.1409,7199
Thrust#2,1048576,4096,3.13912,7134
Thrust#2,1048576,4096,3.14163,7133
Thrust#2,1048576,4096,3.14098,8357
Thrust#2,1048576,4096,3.14341,7174
Thrust#2,1048576,4096,3.14005,7165
Thrust#2,1048576,4096,3.14105,7139
Thrust#2,1048576,4096,3.14117,7131
Thrust#2,1048576,4096,3.14337,8333
Thrust#2,1048576,4096,3.14364,7182
Thrust#2,1048576,4096,3.14139,7171
Thrust#2,1048576,4096,3.14239,7145
Thrust#2,1048576,4096,3.14057,8419
Thrust#2,1048576,4096,3.14018,7165
Thrust#2,1048576,4096,3.1419,7137
Thrust#2,1048576,4096,3.14035,7161
Thrust#2,1048576,4096,3.14276,7158
Thrust#2,1048576,4096,3.13887,8308
Thrust#2,1048576,4096,3.14107,7159
Thrust#2,1048576,4096,3.14054,7131
Thrust#2,1048576,4096,3.14317,7172
Thrust#2,1048576,4096,3.14494,7141
Thrust#2,1048576,4096,3.13826,7131
Thrust#2,1048576,4096,3.14075,7121
Thrust#2,1048576,4096,3.14242,8373
Thrust#2,1048576,4096,3.14392,7207
Thrust#2,1048576,4096,3.14155,7159
Thrust#2,1048576,4096,3.13958,7134
Thrust#2,1048576,4096,3.14155,8366
Thrust#2,1048576,4096,3.14197,7178
Thrust#2,1048576,4096,3.1434,7169
Thrust#2,1048576,4096,3.14534,7168
Thrust#2,1048576,4096,3.14352,8303
Thrust#2,1048576,4096,3.14112,7175
Thrust#2,1048576,4096,3.142,7130
Thrust#2,1048576,4096,3.14098,7155
Thrust#2,1048576,4096,3.14045,7137
Thrust#2,1048576,4096,3.1413,8326
Thrust#2,1048576,4096,3.13851,7279
Thrust#2,1048576,4096,3.14206,7130
Thrust#2,1048576,4096,3.14216,7162
Thrust#2,1048576,4096,3.14281,7129
Thrust#2,1048576,4096,3.14209,7130
Thrust#2,1048576,4096,3.14117,7134
Thrust#2,1048576,4096,3.14202,8341
Thrust#2,1048576,4096,3.14273,7198
Thrust#2,1048576,4096,3.1412,7132
Thrust#2,1048576,4096,3.14401,7113
Thrust#2,1048576,4096,3.14153,8337
Thrust#2,1048576,4096,3.14184,7163
Thrust#2,1048576,4096,3.14365,7163
Thrust#2,1048576,4096,3.14388,7141
Thrust#2,1048576,4096,3.13956,7147
Thrust#2,1048576,4096,3.14383,8331
Thrust#2,1048576,4096,3.14273,7168
Thrust#2,1048576,4096,3.14394,7160
Thrust#2,1048576,4096,3.14007,7141
Thrust#2,1048576,4096,3.14087,8378
Thrust#2,1048576,4096,3.14247,7226
Thrust#2,1048576,4096,3.14072,7137
Thrust#2,1048576,4096,3.13965,7211
Thrust#2,1048576,4096,3.14228,7143
Thrust#2,1048576,4096,3.14255,8295
Thrust#2,1048576,4096,3.14267,7259
Thrust#2,1048576,4096,3.14202,7131
Thrust#2,1048576,4096,3.1412,7168
Thrust#2,1048576,4096,3.14219,7133
Thrust#2,1048576,4096,3.14254,7132
Thrust#2,1048576,4096,3.1409,7125
Thrust#2,1048576,4096,3.14176,8251
Thrust#2,1048576,4096,3.13897,7316
Thrust#2,1048576,4096,3.14339,7230
Thrust#2,1048576,4096,3.14044,7132
Thrust#2,1048576,4096,3.14117,8313
Thrust#2,1048576,4096,3.14019,7234
Thrust#2,1048576,4096,3.1398,7168
Thrust#2,1048576,4096,3.14287,7134
Thrust#2,1048576,4096,3.14071,8343
Thrust#2,1048576,4096,3.14326,7180
Thrust#2,1048576,4096,3.14421,7131
Thrust#2,1048576,4096,3.14261,7177
Thrust#2,1048576,4096,3.14027,7138
Thrust#2,1048576,4096,3.14208,8375
Thrust#2,1048576,4096,3.14172,7175
Thrust#2,1048576,8192,3.13954,13516
Thrust#2,1048576,8192,3.14165,13487
Thrust#2,1048576,8192,3.13919,13488
Thrust#2,1048576,8192,3.14234,14701
Thrust#2,1048576,8192,3.14011,13545
Thrust#2,1048576,8192,3.14229,14678
Thrust#2,1048576,8192,3.14294,13568
Thrust#2,1048576,8192,3.14225,14621
Thrust#2,1048576,8192,3.14227,13531
Thrust#2,1048576,8192,3.14257,13529
Thrust#2,1048576,8192,3.14149,13529
Thrust#2,1048576,8192,3.14029,14690
Thrust#2,1048576,8192,3.14444,13575
Thrust#2,1048576,8192,3.14235,14600
Thrust#2,1048576,8192,3.13967,13521
Thrust#2,1048576,8192,3.14202,13524
Thrust#2,1048576,8192,3.13904,13518
Thrust#2,1048576,8192,3.13971,14684
Thrust#2,1048576,8192,3.14096,13559
Thrust#2,1048576,8192,3.14225,14632
Thrust#2,1048576,8192,3.14484,13510
Thrust#2,1048576,8192,3.14383,13517
Thrust#2,1048576,8192,3.14153,13495
Thrust#2,1048576,8192,3.14313,14674
Thrust#2,1048576,8192,3.14226,13551
Thrust#2,1048576,8192,3.14259,14682
Thrust#2,1048576,8192,3.14345,13550
Thrust#2,1048576,8192,3.14061,13502
Thrust#2,1048576,8192,3.142,13517
Thrust#2,1048576,8192,3.14328,14699
Thrust#2,1048576,8192,3.1392,13553
Thrust#2,1048576,8192,3.13999,14616
Thrust#2,1048576,8192,3.14077,13519
Thrust#2,1048576,8192,3.14374,13518
Thrust#2,1048576,8192,3.13997,13517
Thrust#2,1048576,8192,3.14096,14710
Thrust#2,1048576,8192,3.13546,13535
Thrust#2,1048576,8192,3.14162,14630
Thrust#2,1048576,8192,3.13936,13521
Thrust#2,1048576,8192,3.14262,13541
Thrust#2,1048576,8192,3.14154,13492
Thrust#2,1048576,8192,3.14294,14685
Thrust#2,1048576,8192,3.1428,13557
Thrust#2,1048576,8192,3.14465,14608
Thrust#2,1048576,8192,3.14338,13524
Thrust#2,1048576,8192,3.14149,13514
Thrust#2,1048576,8192,3.14269,13516
Thrust#2,1048576,8192,3.14259,14695
Thrust#2,1048576,8192,3.13943,13558
Thrust#2,1048576,8192,3.14297,14621
Thrust#2,1048576,8192,3.14529,13499
Thrust#2,1048576,8192,3.14275,13512
Thrust#2,1048576,8192,3.14121,13497
Thrust#2,1048576,8192,3.14228,14690
Thrust#2,1048576,8192,3.14508,13553
Thrust#2,1048576,8192,3.13987,14631
Thrust#2,1048576,8192,3.13979,13522
Thrust#2,1048576,8192,3.14191,13516
Thrust#2,1048576,8192,3.14419,13493
Thrust#2,1048576,8192,3.1436,14706
Thrust#2,1048576,8192,3.13873,13563
Thrust#2,1048576,8192,3.14367,14659
Thrust#2,1048576,8192,3.1412,13522
Thrust#2,1048576,8192,3.14097,13524
Thrust#2,1048576,8192,3.14072,13512
Thrust#2,1048576,8192,3.14309,14566
Thrust#2,1048576,8192,3.14099,13610
Thrust#2,1048576,8192,3.14096,13534
Thrust#2,1048576,8192,3.14217,13514
Thrust#2,1048576,8192,3.14113,14732
Thrust#2,1048576,8192,3.14463,13551
Thrust#2,1048576,8192,3.14283,14696
Thrust#2,1048576,8192,3.13919,13566
Thrust#2,1048576,8192,3.14158,14627
Thrust#2,1048576,8192,3.14035,13532
Thrust#2,1048576,8192,3.14235,13518
Thrust#2,1048576,8192,3.1396,13495
Thrust#2,1048576,8192,3.14291,14717
Thrust#2,1048576,8192,3.14174,13556
Thrust#2,1048576,8192,3.14253,14620
Thrust#2,1048576,8192,3.14272,13512
Thrust#2,1048576,8192,3.1421,13517
Thrust#2,1048576,8192,3.14324,13515
Thrust#2,1048576,8192,3.14098,14728
Thrust#2,1048576,8192,3.14328,13562
Thrust#2,1048576,8192,3.14157,14622
Thrust#2,1048576,8192,3.14218,13501
Thrust#2,1048576,8192,3.14087,13525
Thrust#2,1048576,8192,3.1432,13493
Thrust#2,1048576,8192,3.14149,14707
Thrust#2,1048576,8192,3.14544,13553
Thrust#2,1048576,8192,3.1434,14667
Thrust#2,1048576,8192,3.14263,13511
Thrust#2,1048576,8192,3.14343,13518
Thrust#2,1048576,8192,3.13884,13524
Thrust#2,1048576,8192,3.14173,14692
Thrust#2,1048576,8192,3.14315,13565
Thrust#2,1048576,8192,3.1413,14619
Thrust#2,1048576,8192,3.14114,13521
Thrust#2,1048576,8192,3.14347,13533
Thrust#2,1048576,16384,3.14381,26828
Thrust#2,1048576,16384,3.14226,28093
Thrust#2,1048576,16384,3.13912,27771
Thrust#2,1048576,16384,3.14059,27074
Thrust#2,1048576,16384,3.1396,27706
Thrust#2,1048576,16384,3.14218,26963
Thrust#2,1048576,16384,3.1413,27745
Thrust#2,1048576,16384,3.13719,27089
Thrust#2,1048576,16384,3.14041,27738
Thrust#2,1048576,16384,3.14263,26950
Thrust#2,1048576,16384,3.14236,27711
Thrust#2,1048576,16384,3.14434,27121
Thrust#2,1048576,16384,3.13773,27688
Thrust#2,1048576,16384,3.13913,26951
Thrust#2,1048576,16384,3.13908,27737
Thrust#2,1048576,16384,3.14324,27081
Thrust#2,1048576,16384,3.14046,27737
Thrust#2,1048576,16384,3.14257,26958
Thrust#2,1048576,16384,3.14033,27850
Thrust#2,1048576,16384,3.14021,27077
Thrust#2,1048576,16384,3.14186,27725
Thrust#2,1048576,16384,3.14225,26955
Thrust#2,1048576,16384,3.14119,27783
Thrust#2,1048576,16384,3.1438,27084
Thrust#2,1048576,16384,3.14244,27733
Thrust#2,1048576,16384,3.14203,26956
Thrust#2,1048576,16384,3.14199,27761
Thrust#2,1048576,16384,3.14186,27088
Thrust#2,1048576,16384,3.13903,27715
Thrust#2,1048576,16384,3.13984,26959
Thrust#2,1048576,16384,3.14077,27779
Thrust#2,1048576,16384,3.13866,27069
Thrust#2,1048576,16384,3.14204,27745
Thrust#2,1048576,16384,3.13991,26947
Thrust#2,1048576,16384,3.1399,27771
Thrust#2,1048576,16384,3.1442,27070
Thrust#2,1048576,16384,3.13897,27726
Thrust#2,1048576,16384,3.14078,26963
Thrust#2,1048576,16384,3.14192,27790
Thrust#2,1048576,16384,3.13996,27090
Thrust#2,1048576,16384,3.14342,27710
Thrust#2,1048576,16384,3.14214,26943
Thrust#2,1048576,16384,3.14098,27756
Thrust#2,1048576,16384,3.14011,27112
Thrust#2,1048576,16384,3.1419,27698
Thrust#2,1048576,16384,3.14214,26930
Thrust#2,1048576,16384,3.14009,27769
Thrust#2,1048576,16384,3.14371,27071
Thrust#2,1048576,16384,3.14204,27738
Thrust#2,1048576,16384,3.14228,26955
Thrust#2,1048576,16384,3.14303,27773
Thrust#2,1048576,16384,3.14343,27085
Thrust#2,1048576,16384,3.14109,27704
Thrust#2,1048576,16384,3.1419,26948
Thrust#2,1048576,16384,3.14011,27791
Thrust#2,1048576,16384,3.14166,27354
Thrust#2,1048576,16384,3.14283,26888
Thrust#2,1048576,16384,3.143,27798
Thrust#2,1048576,16384,3.14164,28079
Thrust#2,1048576,16384,3.13931,27028
Thrust#2,1048576,16384,3.1436,28040
Thrust#2,1048576,16384,3.13933,26862
Thrust#2,1048576,16384,3.14035,27936
Thrust#2,1048576,16384,3.14004,26874
Thrust#2,1048576,16384,3.13775,27992
Thrust#2,1048576,16384,3.13891,26882
Thrust#2,1048576,16384,3.14432,28027
Thrust#2,1048576,16384,3.14234,26868
Thrust#2,1048576,16384,3.14022,27964
Thrust#2,1048576,16384,3.14245,26876
Thrust#2,1048576,16384,3.14243,28028
Thrust#2,1048576,16384,3.14233,26872
Thrust#2,1048576,16384,3.14294,28030
Thrust#2,1048576,16384,3.14112,26862
Thrust#2,1048576,16384,3.13955,27959
Thrust#2,1048576,16384,3.14153,26955
Thrust#2,1048576,16384,3.14254,27891
Thrust#2,1048576,16384,3.14005,26857
Thrust#2,1048576,16384,3.1418,28036
Thrust#2,1048576,16384,3.13958,26872
Thrust#2,1048576,16384,3.14181,27967
Thrust#2,1048576,16384,3.14177,26882
Thrust#2,1048576,16384,3.14296,27983
Thrust#2,1048576,16384,3.14277,26885
Thrust#2,1048576,16384,3.13886,28028
Thrust#2,1048576,16384,3.14341,26890
Thrust#2,1048576,16384,3.14158,27931
Thrust#2,1048576,16384,3.14378,26878
Thrust#2,1048576,16384,3.14052,27995
Thrust#2,1048576,16384,3.14366,26873
Thrust#2,1048576,16384,3.14499,28003
Thrust#2,1048576,16384,3.14108,26875
Thrust#2,1048576,16384,3.14157,27810
Thrust#2,1048576,16384,3.14388,27039
Thrust#2,1048576,16384,3.14072,27682
Thrust#2,1048576,16384,3.14085,26968
Thrust#2,1048576,16384,3.1387,27747
Thrust#2,1048576,16384,3.14204,27082
Thrust#2,1048576,16384,3.14407,27737
Thrust#2,1048576,16384,3.14237,26955
Thrust#2,1048576,32768,3.14237,54463
Thrust#2,1048576,32768,3.1423,54731
Thrust#2,1048576,32768,3.14082,53596
Thrust#2,1048576,32768,3.14252,54509
Thrust#2,1048576,32768,3.14251,54675
Thrust#2,1048576,32768,3.14087,53646
Thrust#2,1048576,32768,3.14141,54440
Thrust#2,1048576,32768,3.14219,54741
Thrust#2,1048576,32768,3.13812,53612
Thrust#2,1048576,32768,3.14105,54514
Thrust#2,1048576,32768,3.13881,54635
Thrust#2,1048576,32768,3.14442,53688
Thrust#2,1048576,32768,3.14151,54461
Thrust#2,1048576,32768,3.14417,54740
Thrust#2,1048576,32768,3.13964,53611
Thrust#2,1048576,32768,3.14556,54568
Thrust#2,1048576,32768,3.14158,54652
Thrust#2,1048576,32768,3.14044,53656
Thrust#2,1048576,32768,3.14348,54471
Thrust#2,1048576,32768,3.13818,54705
Thrust#2,1048576,32768,3.14252,53615
Thrust#2,1048576,32768,3.14397,54698
Thrust#2,1048576,32768,3.14168,54425
Thrust#2,1048576,32768,3.14135,54706
Thrust#2,1048576,32768,3.14114,53608
Thrust#2,1048576,32768,3.14133,54709
Thrust#2,1048576,32768,3.14032,54418
Thrust#2,1048576,32768,3.14148,54770
Thrust#2,1048576,32768,3.14475,53650
Thrust#2,1048576,32768,3.1397,54452
Thrust#2,1048576,32768,3.14025,54676
Thrust#2,1048576,32768,3.14273,53647
Thrust#2,1048576,32768,3.14214,54476
Thrust#2,1048576,32768,3.14325,54694
Thrust#2,1048576,32768,3.14235,53631
Thrust#2,1048576,32768,3.14398,54527
Thrust#2,1048576,32768,3.13833,54688
Thrust#2,1048576,32768,3.14219,53649
Thrust#2,1048576,32768,3.13834,54468
Thrust#2,1048576,32768,3.14272,54746
Thrust#2,1048576,32768,3.13786,53600
Thrust#2,1048576,32768,3.14056,54495
Thrust#2,1048576,32768,3.14042,54671
Thrust#2,1048576,32768,3.142,53639
Thrust#2,1048576,32768,3.14211,54472
Thrust#2,1048576,32768,3.14381,54746
Thrust#2,1048576,32768,3.14228,53607
Thrust#2,1048576,32768,3.14225,54501
Thrust#2,1048576,32768,3.13941,54878
Thrust#2,1048576,32768,3.14199,53518
Thrust#2,1048576,32768,3.14095,54461
Thrust#2,1048576,32768,3.14152,54644
Thrust#2,1048576,32768,3.13908,53661
Thrust#2,1048576,32768,3.14114,53688
Thrust#2,1048576,32768,3.14232,54459
Thrust#2,1048576,32768,3.14403,54710
Thrust#2,1048576,32768,3.13926,53583
Thrust#2,1048576,32768,3.14079,54514
Thrust#2,1048576,32768,3.14229,54932
Thrust#2,1048576,32768,3.14272,53559
Thrust#2,1048576,32768,3.14144,54776
Thrust#2,1048576,32768,3.13873,54402
Thrust#2,1048576,32768,3.13943,54645
Thrust#2,1048576,32768,3.1404,53638
Thrust#2,1048576,32768,3.14245,54466
Thrust#2,1048576,32768,3.14026,54695
Thrust#2,1048576,32768,3.14083,53615
Thrust#2,1048576,32768,3.14168,54520
Thrust#2,1048576,32768,3.14443,54654
Thrust#2,1048576,32768,3.14172,53618
Thrust#2,1048576,32768,3.14281,54579
Thrust#2,1048576,32768,3.14093,54723
Thrust#2,1048576,32768,3.13995,53623
Thrust#2,1048576,32768,3.1415,54490
Thrust#2,1048576,32768,3.13878,54646
Thrust#2,1048576,32768,3.1423,53660
Thrust#2,1048576,32768,3.14191,54458
Thrust#2,1048576,32768,3.14211,54744
Thrust#2,1048576,32768,3.14354,53598
Thrust#2,1048576,32768,3.14032,54506
Thrust#2,1048576,32768,3.14132,54654
Thrust#2,1048576,32768,3.14301,53657
Thrust#2,1048576,32768,3.13843,54485
Thrust#2,1048576,32768,3.14097,54713
Thrust#2,1048576,32768,3.14248,53621
Thrust#2,1048576,32768,3.14305,54508
Thrust#2,1048576,32768,3.14356,54637
Thrust#2,1048576,32768,3.14088,53659
Thrust#2,1048576,32768,3.14154,54398
Thrust#2,1048576,32768,3.14171,53953
Thrust#2,1048576,32768,3.13842,53564
Thrust#2,1048576,32768,3.14027,54693
Thrust#2,1048576,32768,3.14063,54451
Thrust#2,1048576,32768,3.13987,54789
Thrust#2,1048576,32768,3.14112,53549
Thrust#2,1048576,32768,3.14349,54709
Thrust#2,1048576,32768,3.14249,54449
Thrust#2,1048576,32768,3.14312,54734
Thrust#2,1048576,32768,3.14034,53618
Thrust#2,1048576,32768,3.13874,54684
Thrust#2,2097152,1,3.14009,47230
Thrust#2,2097152,1,3.14212,47074
Thrust#2,2097152,1,3.14151,47104
Thrust#2,2097152,1,3.14247,47152
Thrust#2,2097152,1,3.1428,47214
Thrust#2,2097152,1,3.14187,47093
Thrust#2,2097152,1,3.142,47181
Thrust#2,2097152,1,3.13971,46459
Thrust#2,2097152,1,3.14242,47068
Thrust#2,2097152,1,3.14196,47175
Thrust#2,2097152,1,3.14067,47165
Thrust#2,2097152,1,3.14126,47123
Thrust#2,2097152,1,3.14252,47212
Thrust#2,2097152,1,3.14052,47165
Thrust#2,2097152,1,3.14216,47137
Thrust#2,2097152,1,3.14356,47204
Thrust#2,2097152,1,3.13989,47168
Thrust#2,2097152,1,3.14186,47134
Thrust#2,2097152,1,3.14142,47227
Thrust#2,2097152,1,3.14122,47110
Thrust#2,2097152,1,3.14111,47183
Thrust#2,2097152,1,3.14165,47095
Thrust#2,2097152,1,3.14141,47195
Thrust#2,2097152,1,3.14308,47127
Thrust#2,2097152,1,3.14007,47159
Thrust#2,2097152,1,3.1416,47129
Thrust#2,2097152,1,3.14239,47206
Thrust#2,2097152,1,3.14297,47112
Thrust#2,2097152,1,3.14067,46437
Thrust#2,2097152,1,3.14181,47060
Thrust#2,2097152,1,3.14222,47151
Thrust#2,2097152,1,3.14117,47224
Thrust#2,2097152,1,3.14145,47187
Thrust#2,2097152,1,3.13956,47151
Thrust#2,2097152,1,3.14084,47219
Thrust#2,2097152,1,3.13907,47076
Thrust#2,2097152,1,3.14332,47188
Thrust#2,2097152,1,3.14198,47164
Thrust#2,2097152,1,3.14328,47140
Thrust#2,2097152,1,3.14048,47121
Thrust#2,2097152,1,3.14238,47187
Thrust#2,2097152,1,3.14305,47220
Thrust#2,2097152,1,3.14259,47128
Thrust#2,2097152,1,3.14176,47133
Thrust#2,2097152,1,3.1409,47211
Thrust#2,2097152,1,3.14354,47149
Thrust#2,2097152,1,3.14231,47138
Thrust#2,2097152,1,3.14205,47152
Thrust#2,2097152,1,3.14258,47226
Thrust#2,2097152,1,3.14192,47210
Thrust#2,2097152,1,3.1433,47193
Thrust#2,2097152,1,3.14104,47150
Thrust#2,2097152,1,3.14065,47204
Thrust#2,2097152,1,3.14072,47140
Thrust#2,2097152,1,3.1421,47134
Thrust#2,2097152,1,3.14076,47141
Thrust#2,2097152,1,3.1401,47211
Thrust#2,2097152,1,3.1408,47164
Thrust#2,2097152,1,3.14029,47183
Thrust#2,2097152,1,3.14088,47140
Thrust#2,2097152,1,3.142,47238
Thrust#2,2097152,1,3.14241,47125
Thrust#2,2097152,1,3.14144,47180
Thrust#2,2097152,1,3.14286,47161
Thrust#2,2097152,1,3.14189,47190
Thrust#2,2097152,1,3.14149,47157
Thrust#2,2097152,1,3.14182,47153
Thrust#2,2097152,1,3.14185,47174
Thrust#2,2097152,1,3.14132,47199
Thrust#2,2097152,1,3.14023,47110
Thrust#2,2097152,1,3.1394,47242
Thrust#2,2097152,1,3.14412,47140
Thrust#2,2097152,1,3.14292,47214
Thrust#2,2097152,1,3.14129,47132
Thrust#2,2097152,1,3.14052,47180
Thrust#2,2097152,1,3.14141,47142
Thrust#2,2097152,1,3.14178,47181
Thrust#2,2097152,1,3.1403,47118
Thrust#2,2097152,1,3.14095,47266
Thrust#2,2097152,1,3.13976,47127
Thrust#2,2097152,1,3.14189,47374
Thrust#2,2097152,1,3.14252,47120
Thrust#2,2097152,1,3.14261,47189
Thrust#2,2097152,1,3.13974,47117
Thrust#2,2097152,1,3.14187,47171
Thrust#2,2097152,1,3.14188,47106
Thrust#2,2097152,1,3.14113,47138
Thrust#2,2097152,1,3.14227,47158
Thrust#2,2097152,1,3.14203,47153
Thrust#2,2097152,1,3.14117,47146
Thrust#2,2097152,1,3.14223,47167
Thrust#2,2097152,1,3.14043,47107
Thrust#2,2097152,1,3.14208,46403
Thrust#2,2097152,1,3.14272,47013
Thrust#2,2097152,1,3.14278,47136
Thrust#2,2097152,1,3.1417,47194
Thrust#2,2097152,1,3.14201,47149
Thrust#2,2097152,1,3.14131,47137
Thrust#2,2097152,1,3.14002,47184
Thrust#2,2097152,1,3.14194,47197
Thrust#2,2097152,2,3.14249,25765
Thrust#2,2097152,2,3.1403,24710
Thrust#2,2097152,2,3.14245,25620
Thrust#2,2097152,2,3.14296,24776
Thrust#2,2097152,2,3.13951,25645
Thrust#2,2097152,2,3.14323,24771
Thrust#2,2097152,2,3.14023,25721
Thrust#2,2097152,2,3.14206,24780
Thrust#2,2097152,2,3.14254,25654
Thrust#2,2097152,2,3.14265,24754
Thrust#2,2097152,2,3.14111,25628
Thrust#2,2097152,2,3.14066,25819
Thrust#2,2097152,2,3.14216,24585
Thrust#2,2097152,2,3.14214,25695
Thrust#2,2097152,2,3.14262,24568
Thrust#2,2097152,2,3.14046,25647
Thrust#2,2097152,2,3.14057,24605
Thrust#2,2097152,2,3.14068,25685
Thrust#2,2097152,2,3.14177,24687
Thrust#2,2097152,2,3.1413,25621
Thrust#2,2097152,2,3.1396,24662
Thrust#2,2097152,2,3.14371,25679
Thrust#2,2097152,2,3.14194,24688
Thrust#2,2097152,2,3.14516,25691
Thrust#2,2097152,2,3.14265,24608
Thrust#2,2097152,2,3.14063,25742
Thrust#2,2097152,2,3.14119,24651
Thrust#2,2097152,2,3.14143,25641
Thrust#2,2097152,2,3.14398,24633
Thrust#2,2097152,2,3.14264,25621
Thrust#2,2097152,2,3.14087,24662
Thrust#2,2097152,2,3.14146,25678
Thrust#2,2097152,2,3.14172,24668
Thrust#2,2097152,2,3.14112,25659
Thrust#2,2097152,2,3.1447,24647
Thrust#2,2097152,2,3.14127,24831
Thrust#2,2097152,2,3.1414,25848
Thrust#2,2097152,2,3.14226,25630
Thrust#2,2097152,2,3.14296,24617
Thrust#2,2097152,2,3.14082,25653
Thrust#2,2097152,2,3.14116,24612
Thrust#2,2097152,2,3.1414,25662
Thrust#2,2097152,2,3.14292,24694
Thrust#2,2097152,2,3.14166,25754
Thrust#2,2097152,2,3.14134,24632
Thrust#2,2097152,2,3.14194,25630
Thrust#2,2097152,2,3.14036,24660
Thrust#2,2097152,2,3.14119,25753
Thrust#2,2097152,2,3.14184,24572
Thrust#2,2097152,2,3.14403,25611
Thrust#2,2097152,2,3.14179,24635
Thrust#2,2097152,2,3.141,25718
Thrust#2,2097152,2,3.1419,24620
Thrust#2,2097152,2,3.1423,25659
Thrust#2,2097152,2,3.14098,24621
Thrust#2,2097152,2,3.14354,25725
Thrust#2,2097152,2,3.14062,24639
Thrust#2,2097152,2,3.14051,25621
Thrust#2,2097152,2,3.14228,24666
Thrust#2,2097152,2,3.14308,25711
Thrust#2,2097152,2,3.14242,24641
Thrust#2,2097152,2,3.14081,25612
Thrust#2,2097152,2,3.14351,24651
Thrust#2,2097152,2,3.14262,25738
Thrust#2,2097152,2,3.13999,24637
Thrust#2,2097152,2,3.14379,25648
Thrust#2,2097152,2,3.14129,24634
Thrust#2,2097152,2,3.13959,25702
Thrust#2,2097152,2,3.14116,24661
Thrust#2,2097152,2,3.14322,25653
Thrust#2,2097152,2,3.14427,24630
Thrust#2,2097152,2,3.14143,25742
Thrust#2,2097152,2,3.14221,24650
Thrust#2,2097152,2,3.14149,25629
Thrust#2,2097152,2,3.1416,24638
Thrust#2,2097152,2,3.14216,25693
Thrust#2,2097152,2,3.14202,24628
Thrust#2,2097152,2,3.14037,24538
Thrust#2,2097152,2,3.14285,25721
Thrust#2,2097152,2,3.14142,25765
Thrust#2,2097152,2,3.1415,24653
Thrust#2,2097152,2,3.14594,24514
Thrust#2,2097152,2,3.14006,25677
Thrust#2,2097152,2,3.13861,25784
Thrust#2,2097152,2,3.1408,24658
Thrust#2,2097152,2,3.14155,24535
Thrust#2,2097152,2,3.14166,25729
Thrust#2,2097152,2,3.14198,24747
Thrust#2,2097152,2,3.14114,25641
Thrust#2,2097152,2,3.14078,24782
Thrust#2,2097152,2,3.14073,25602
Thrust#2,2097152,2,3.14169,24748
Thrust#2,2097152,2,3.14002,25673
Thrust#2,2097152,2,3.14131,24720
Thrust#2,2097152,2,3.14106,25610
Thrust#2,2097152,2,3.14316,24772
Thrust#2,2097152,2,3.14273,25612
Thrust#2,2097152,2,3.14045,24742
Thrust#2,2097152,2,3.14263,25662
Thrust#2,2097152,2,3.14187,24757
Thrust#2,2097152,4,3.14098,14916
Thrust#2,2097152,4,3.14224,14021
Thrust#2,2097152,4,3.14033,13852
Thrust#2,2097152,4,3.14171,14979
Thrust#2,2097152,4,3.14252,14025
Thrust#2,2097152,4,3.14242,15023
Thrust#2,2097152,4,3.14291,13975
Thrust#2,2097152,4,3.14262,13817
Thrust#2,2097152,4,3.14021,13841
Thrust#2,2097152,4,3.14204,14996
Thrust#2,2097152,4,3.14328,14009
Thrust#2,2097152,4,3.14107,14946
Thrust#2,2097152,4,3.13962,13936
Thrust#2,2097152,4,3.13995,13814
Thrust#2,2097152,4,3.14195,13858
Thrust#2,2097152,4,3.14178,14994
Thrust#2,2097152,4,3.13983,14012
Thrust#2,2097152,4,3.14297,13850
Thrust#2,2097152,4,3.14258,14940
Thrust#2,2097152,4,3.14047,14000
Thrust#2,2097152,4,3.14104,13812
Thrust#2,2097152,4,3.14195,14963
Thrust#2,2097152,4,3.14211,14003
Thrust#2,2097152,4,3.14153,13844
Thrust#2,2097152,4,3.14313,14931
Thrust#2,2097152,4,3.14143,14003
Thrust#2,2097152,4,3.14078,14981
Thrust#2,2097152,4,3.1415,13959
Thrust#2,2097152,4,3.14168,13802
Thrust#2,2097152,4,3.14094,13833
Thrust#2,2097152,4,3.14141,14902
Thrust#2,2097152,4,3.14181,14094
Thrust#2,2097152,4,3.14008,14978
Thrust#2,2097152,4,3.14122,13942
Thrust#2,2097152,4,3.1417,13833
Thrust#2,2097152,4,3.14035,13827
Thrust#2,2097152,4,3.14181,15001
Thrust#2,2097152,4,3.14061,14009
Thrust#2,2097152,4,3.1427,13841
Thrust#2,2097152,4,3.14144,14920
Thrust#2,2097152,4,3.14094,14039
Thrust#2,2097152,4,3.14126,13826
Thrust#2,2097152,4,3.14239,14992
Thrust#2,2097152,4,3.13931,14010
Thrust#2,2097152,4,3.1413,13832
Thrust#2,2097152,4,3.14304,14943
Thrust#2,2097152,4,3.14213,14011
Thrust#2,2097152,4,3.14082,14981
Thrust#2,2097152,4,3.14077,13954
Thrust#2,2097152,4,3.14203,13800
Thrust#2,2097152,4,3.14285,13839
Thrust#2,2097152,4,3.14446,14941
Thrust#2,2097152,4,3.14173,14053
Thrust#2,2097152,4,3.14112,14951
Thrust#2,2097152,4,3.14254,13906
Thrust#2,2097152,4,3.14052,13803
Thrust#2,2097152,4,3.14281,13833
Thrust#2,2097152,4,3.14286,14974
Thrust#2,2097152,4,3.14114,14018
Thrust#2,2097152,4,3.14118,13845
Thrust#2,2097152,4,3.14124,14928
Thrust#2,2097152,4,3.14163,14031
Thrust#2,2097152,4,3.14114,13861
Thrust#2,2097152,4,3.14125,15012
Thrust#2,2097152,4,3.14,14012
Thrust#2,2097152,4,3.14119,13845
Thrust#2,2097152,4,3.1412,14931
Thrust#2,2097152,4,3.14266,14012
Thrust#2,2097152,4,3.1409,14975
Thrust#2,2097152,4,3.1404,14008
Thrust#2,2097152,4,3.14262,13790
Thrust#2,2097152,4,3.14137,13846
Thrust#2,2097152,4,3.1416,14945
Thrust#2,2097152,4,3.14164,14071
Thrust#2,2097152,4,3.14198,14947
Thrust#2,2097152,4,3.14174,14029
Thrust#2,2097152,4,3.13836,14168
Thrust#2,2097152,4,3.14238,13839
Thrust#2,2097152,4,3.14381,14990
Thrust#2,2097152,4,3.1426,14012
Thrust#2,2097152,4,3.14057,13852
Thrust#2,2097152,4,3.14035,14950
Thrust#2,2097152,4,3.14015,14014
Thrust#2,2097152,4,3.14092,13854
Thrust#2,2097152,4,3.14079,14980
Thrust#2,2097152,4,3.14019,14021
Thrust#2,2097152,4,3.14097,13860
Thrust#2,2097152,4,3.1402,14903
Thrust#2,2097152,4,3.14278,14029
Thrust#2,2097152,4,3.14268,14957
Thrust#2,2097152,4,3.14152,13957
Thrust#2,2097152,4,3.14139,13803
Thrust#2,2097152,4,3.14196,13848
Thrust#2,2097152,4,3.14158,14954
Thrust#2,2097152,4,3.14146,14055
Thrust#2,2097152,4,3.14194,14946
Thrust#2,2097152,4,3.14106,13963
Thrust#2,2097152,4,3.14134,13791
Thrust#2,2097152,4,3.1437,13861
Thrust#2,2097152,4,3.14099,14978
Thrust#2,2097152,8,3.1405,9136
Thrust#2,2097152,8,3.13989,8906
Thrust#2,2097152,8,3.14276,8932
Thrust#2,2097152,8,3.14229,8915
Thrust#2,2097152,8,3.13963,10004
Thrust#2,2097152,8,3.14115,9094
Thrust#2,2097152,8,3.14285,8943
Thrust#2,2097152,8,3.14035,10060
Thrust#2,2097152,8,3.14384,9103
Thrust#2,2097152,8,3.14188,8916
Thrust#2,2097152,8,3.14064,8930
Thrust#2,2097152,8,3.14038,9992
Thrust#2,2097152,8,3.14225,9113
Thrust#2,2097152,8,3.14014,8912
Thrust#2,2097152,8,3.14324,10028
Thrust#2,2097152,8,3.14147,9036
Thrust#2,2097152,8,3.14141,8889
Thrust#2,2097152,8,3.14101,8883
Thrust#2,2097152,8,3.14032,8914
Thrust#2,2097152,8,3.1412,8896
Thrust#2,2097152,8,3.1409,10009
Thrust#2,2097152,8,3.1416,9101
Thrust#2,2097152,8,3.14017,8930
Thrust#2,2097152,8,3.14247,8890
Thrust#2,2097152,8,3.14368,10011
Thrust#2,2097152,8,3.14286,9097
Thrust#2,2097152,8,3.14177,8938
Thrust#2,2097152,8,3.14009,10012
Thrust#2,2097152,8,3.14258,9128
Thrust#2,2097152,8,3.1432,8878
Thrust#2,2097152,8,3.14171,8919
Thrust#2,2097152,8,3.1409,9992
Thrust#2,2097152,8,3.14114,9096
Thrust#2,2097152,8,3.1432,8921
Thrust#2,2097152,8,3.14227,8918
Thrust#2,2097152,8,3.14265,8892
Thrust#2,2097152,8,3.1404,10047
Thrust#2,2097152,8,3.14105,9114
Thrust#2,2097152,8,3.14322,8929
Thrust#2,2097152,8,3.14203,8886
Thrust#2,2097152,8,3.14134,10002
Thrust#2,2097152,8,3.14072,9091
Thrust#2,2097152,8,3.14108,8942
Thrust#2,2097152,8,3.14221,8928
Thrust#2,2097152,8,3.14108,10252
Thrust#2,2097152,8,3.14217,8885
Thrust#2,2097152,8,3.14164,8950
Thrust#2,2097152,8,3.14269,10020
Thrust#2,2097152,8,3.14266,9103
Thrust#2,2097152,8,3.14312,8905
Thrust#2,2097152,8,3.14207,10068
Thrust#2,2097152,8,3.14112,8997
Thrust#2,2097152,8,3.14201,8899
Thrust#2,2097152,8,3.14006,8886
Thrust#2,2097152,8,3.14198,8929
Thrust#2,2097152,8,3.14233,8933
Thrust#2,2097152,8,3.14215,10083
Thrust#2,2097152,8,3.14219,9116
Thrust#2,2097152,8,3.14066,8918
Thrust#2,2097152,8,3.14159,8925
Thrust#2,2097152,8,3.14122,10002
Thrust#2,2097152,8,3.14177,9088
Thrust#2,2097152,8,3.1423,8944
Thrust#2,2097152,8,3.14129,10044
Thrust#2,2097152,8,3.14247,9161
Thrust#2,2097152,8,3.13997,8899
Thrust#2,2097152,8,3.13951,8944
Thrust#2,2097152,8,3.14267,10013
Thrust#2,2097152,8,3.14197,9020
Thrust#2,2097152,8,3.14109,8890
Thrust#2,2097152,8,3.14087,9237
Thrust#2,2097152,8,3.14321,8951
Thrust#2,2097152,8,3.14013,10036
Thrust#2,2097152,8,3.14119,9112
Thrust#2,2097152,8,3.14149,8967
Thrust#2,2097152,8,3.14117,8919
Thrust#2,2097152,8,3.14211,10022
Thrust#2,2097152,8,3.14179,9111
Thrust#2,2097152,8,3.14044,8944
Thrust#2,2097152,8,3.14309,10013
Thrust#2,2097152,8,3.14009,9145
Thrust#2,2097152,8,3.14289,8920
Thrust#2,2097152,8,3.13987,8917
Thrust#2,2097152,8,3.14023,10033
Thrust#2,2097152,8,3.14143,9096
Thrust#2,2097152,8,3.14179,8888
Thrust#2,2097152,8,3.14218,10050
Thrust#2,2097152,8,3.13841,9029
Thrust#2,2097152,8,3.14026,8927
Thrust#2,2097152,8,3.14348,8899
Thrust#2,2097152,8,3.14183,8940
Thrust#2,2097152,8,3.14056,8915
Thrust#2,2097152,8,3.14158,10059
Thrust#2,2097152,8,3.14099,9110
Thrust#2,2097152,8,3.14284,8963
Thrust#2,2097152,8,3.14248,8920
Thrust#2,2097152,8,3.14151,10057
Thrust#2,2097152,8,3.14275,9098
Thrust#2,2097152,8,3.14092,8933
Thrust#2,2097152,8,3.14124,10062
Thrust#2,2097152,16,3.14275,6634
Thrust#2,2097152,16,3.141,6500
Thrust#2,2097152,16,3.1399,6508
Thrust#2,2097152,16,3.14228,6542
Thrust#2,2097152,16,3.14109,7689
Thrust#2,2097152,16,3.14435,6705
Thrust#2,2097152,16,3.14363,6509
Thrust#2,2097152,16,3.14162,6510
Thrust#2,2097152,16,3.1422,6542
Thrust#2,2097152,16,3.14169,6529
Thrust#2,2097152,16,3.14047,6534
Thrust#2,2097152,16,3.14063,6516
Thrust#2,2097152,16,3.14063,7625
Thrust#2,2097152,16,3.1424,6760
Thrust#2,2097152,16,3.14081,6573
Thrust#2,2097152,16,3.14161,6510
Thrust#2,2097152,16,3.1416,7673
Thrust#2,2097152,16,3.1422,6713
Thrust#2,2097152,16,3.14099,6508
Thrust#2,2097152,16,3.13917,6538
Thrust#2,2097152,16,3.14245,6531
Thrust#2,2097152,16,3.14189,7638
Thrust#2,2097152,16,3.14159,6713
Thrust#2,2097152,16,3.14216,6517
Thrust#2,2097152,16,3.1403,6505
Thrust#2,2097152,16,3.14216,6548
Thrust#2,2097152,16,3.1438,7637
Thrust#2,2097152,16,3.14163,6765
Thrust#2,2097152,16,3.14165,6518
Thrust#2,2097152,16,3.14205,6501
Thrust#2,2097152,16,3.14069,6509
Thrust#2,2097152,16,3.13862,7630
Thrust#2,2097152,16,3.14174,6641
Thrust#2,2097152,16,3.14249,6521
Thrust#2,2097152,16,3.1407,6509
Thrust#2,2097152,16,3.13988,6509
Thrust#2,2097152,16,3.14277,6543
Thrust#2,2097152,16,3.14157,6547
Thrust#2,2097152,16,3.14208,7664
Thrust#2,2097152,16,3.13999,6735
Thrust#2,2097152,16,3.14242,6502
Thrust#2,2097152,16,3.14163,6527
Thrust#2,2097152,16,3.14069,6519
Thrust#2,2097152,16,3.14275,7623
Thrust#2,2097152,16,3.14177,6724
Thrust#2,2097152,16,3.1413,6527
Thrust#2,2097152,16,3.14258,6517
Thrust#2,2097152,16,3.142,6550
Thrust#2,2097152,16,3.14134,7630
Thrust#2,2097152,16,3.1426,6757
Thrust#2,2097152,16,3.13997,6522
Thrust#2,2097152,16,3.14304,6519
Thrust#2,2097152,16,3.1403,6503
Thrust#2,2097152,16,3.1413,7650
Thrust#2,2097152,16,3.14159,6682
Thrust#2,2097152,16,3.14227,6532
Thrust#2,2097152,16,3.13946,6497
Thrust#2,2097152,16,3.14225,6503
Thrust#2,2097152,16,3.14104,6549
Thrust#2,2097152,16,3.1411,6529
Thrust#2,2097152,16,3.14214,6512
Thrust#2,2097152,16,3.14275,7656
Thrust#2,2097152,16,3.14301,6719
Thrust#2,2097152,16,3.13977,6532
Thrust#2,2097152,16,3.14263,6555
Thrust#2,2097152,16,3.14161,6527
Thrust#2,2097152,16,3.1392,7610
Thrust#2,2097152,16,3.14224,6724
Thrust#2,2097152,16,3.14173,6523
Thrust#2,2097152,16,3.14198,6548
Thrust#2,2097152,16,3.14179,6524
Thrust#2,2097152,16,3.14095,7663
Thrust#2,2097152,16,3.14191,6608
Thrust#2,2097152,16,3.14285,6540
Thrust#2,2097152,16,3.14095,6555
Thrust#2,2097152,16,3.13959,7778
Thrust#2,2097152,16,3.13991,6622
Thrust#2,2097152,16,3.1401,6521
Thrust#2,2097152,16,3.14116,6514
Thrust#2,2097152,16,3.14308,6527
Thrust#2,2097152,16,3.14075,6550
Thrust#2,2097152,16,3.14158,6513
Thrust#2,2097152,16,3.14269,6511
Thrust#2,2097152,16,3.14153,7612
Thrust#2,2097152,16,3.14155,6703
Thrust#2,2097152,16,3.14134,6523
Thrust#2,2097152,16,3.14182,6542
Thrust#2,2097152,16,3.1424,6531
Thrust#2,2097152,16,3.14075,7624
Thrust#2,2097152,16,3.14327,6732
Thrust#2,2097152,16,3.14097,6517
Thrust#2,2097152,16,3.14197,6512
Thrust#2,2097152,16,3.14174,6543
Thrust#2,2097152,16,3.14108,7609
Thrust#2,2097152,16,3.1409,6720
Thrust#2,2097152,16,3.14301,6514
Thrust#2,2097152,16,3.14134,6530
Thrust#2,2097152,16,3.13954,6521
Thrust#2,2097152,16,3.14193,6515
Thrust#2,2097152,16,3.14192,6526
Thrust#2,2097152,32,3.14094,6499
Thrust#2,2097152,32,3.14088,5571
Thrust#2,2097152,32,3.14352,5374
Thrust#2,2097152,32,3.14336,5311
Thrust#2,2097152,32,3.14132,5417
Thrust#2,2097152,32,3.14322,5369
Thrust#2,2097152,32,3.14348,6464
Thrust#2,2097152,32,3.14024,5558
Thrust#2,2097152,32,3.14229,5365
Thrust#2,2097152,32,3.14145,5642
Thrust#2,2097152,32,3.14174,5419
Thrust#2,2097152,32,3.13882,6511
Thrust#2,2097152,32,3.14181,5488
Thrust#2,2097152,32,3.1409,5349
Thrust#2,2097152,32,3.14228,5335
Thrust#2,2097152,32,3.14183,5354
Thrust#2,2097152,32,3.14094,5354
Thrust#2,2097152,32,3.14116,5344
Thrust#2,2097152,32,3.14258,5391
Thrust#2,2097152,32,3.14148,5360
Thrust#2,2097152,32,3.1403,5360
Thrust#2,2097152,32,3.14194,6528
Thrust#2,2097152,32,3.14054,5537
Thrust#2,2097152,32,3.14256,5356
Thrust#2,2097152,32,3.14429,5349
Thrust#2,2097152,32,3.14171,5391
Thrust#2,2097152,32,3.14196,5375
Thrust#2,2097152,32,3.14141,6454
Thrust#2,2097152,32,3.14141,5562
Thrust#2,2097152,32,3.14255,5341
Thrust#2,2097152,32,3.14247,5356
Thrust#2,2097152,32,3.14097,5360
Thrust#2,2097152,32,3.14282,5371
Thrust#2,2097152,32,3.14132,6453
Thrust#2,2097152,32,3.14526,5574
Thrust#2,2097152,32,3.14064,5342
Thrust#2,2097152,32,3.14015,5335
Thrust#2,2097152,32,3.14164,5349
Thrust#2,2097152,32,3.1398,5341
Thrust#2,2097152,32,3.1426,5395
Thrust#2,2097152,32,3.14238,5375
Thrust#2,2097152,32,3.14322,5370
Thrust#2,2097152,32,3.14123,6455
Thrust#2,2097152,32,3.14241,5563
Thrust#2,2097152,32,3.14164,5363
Thrust#2,2097152,32,3.14189,5352
Thrust#2,2097152,32,3.14056,5403
Thrust#2,2097152,32,3.14264,5363
Thrust#2,2097152,32,3.14216,6497
Thrust#2,2097152,32,3.14291,5560
Thrust#2,2097152,32,3.14389,5342
Thrust#2,2097152,32,3.14187,5334
Thrust#2,2097152,32,3.14104,5369
Thrust#2,2097152,32,3.14299,5367
Thrust#2,2097152,32,3.1414,6452
Thrust#2,2097152,32,3.14215,5565
Thrust#2,2097152,32,3.13945,5349
Thrust#2,2097152,32,3.14177,5323
Thrust#2,2097152,32,3.14381,5347
Thrust#2,2097152,32,3.1412,5339
Thrust#2,2097152,32,3.14272,5369
Thrust#2,2097152,32,3.14326,5368
Thrust#2,2097152,32,3.13923,5369
Thrust#2,2097152,32,3.14116,6522
Thrust#2,2097152,32,3.14093,5588
Thrust#2,2097152,32,3.1424,5359
Thrust#2,2097152,32,3.14162,5343
Thrust#2,2097152,32,3.14034,5384
Thrust#2,2097152,32,3.14125,5368
Thrust#2,2097152,32,3.14154,6431
Thrust#2,2097152,32,3.14076,5558
Thrust#2,2097152,32,3.14325,5357
Thrust#2,2097152,32,3.13991,5340
Thrust#2,2097152,32,3.14108,5325
Thrust#2,2097152,32,3.14035,5399
Thrust#2,2097152,32,3.14306,6466
Thrust#2,2097152,32,3.14237,5591
Thrust#2,2097152,32,3.14326,5344
Thrust#2,2097152,32,3.14109,5342
Thrust#2,2097152,32,3.1416,5338
Thrust#2,2097152,32,3.14122,5332
Thrust#2,2097152,32,3.14182,5370
Thrust#2,2097152,32,3.13855,5353
Thrust#2,2097152,32,3.1411,5328
Thrust#2,2097152,32,3.1433,6464
Thrust#2,2097152,32,3.13995,5568
Thrust#2,2097152,32,3.14232,5364
Thrust#2,2097152,32,3.14324,5343
Thrust#2,2097152,32,3.13855,5422
Thrust#2,2097152,32,3.13948,5405
Thrust#2,2097152,32,3.14063,6488
Thrust#2,2097152,32,3.14167,5560
Thrust#2,2097152,32,3.14277,5363
Thrust#2,2097152,32,3.13977,5371
Thrust#2,2097152,32,3.14013,5377
Thrust#2,2097152,32,3.14138,5392
Thrust#2,2097152,32,3.14199,6480
Thrust#2,2097152,32,3.14187,5562
Thrust#2,2097152,32,3.1427,5366
Thrust#2,2097152,32,3.14069,5345
Thrust#2,2097152,64,3.14231,4819
Thrust#2,2097152,64,3.14189,4846
Thrust#2,2097152,64,3.14152,4856
Thrust#2,2097152,64,3.14132,4869
Thrust#2,2097152,64,3.14317,4837
Thrust#2,2097152,64,3.13849,4833
Thrust#2,2097152,64,3.14111,6002
Thrust#2,2097152,64,3.14142,5034
Thrust#2,2097152,64,3.14135,4847
Thrust#2,2097152,64,3.14244,4891
Thrust#2,2097152,64,3.14142,4858
Thrust#2,2097152,64,3.14056,4846
Thrust#2,2097152,64,3.14017,5965
Thrust#2,2097152,64,3.1393,5044
Thrust#2,2097152,64,3.14047,4836
Thrust#2,2097152,64,3.14231,4835
Thrust#2,2097152,64,3.14182,4869
Thrust#2,2097152,64,3.1431,4882
Thrust#2,2097152,64,3.14374,4844
Thrust#2,2097152,64,3.14266,5949
Thrust#2,2097152,64,3.1406,5091
Thrust#2,2097152,64,3.14436,4883
Thrust#2,2097152,64,3.14166,4861
Thrust#2,2097152,64,3.14126,4861
Thrust#2,2097152,64,3.14123,4866
Thrust#2,2097152,64,3.14397,4852
Thrust#2,2097152,64,3.14319,5928
Thrust#2,2097152,64,3.14252,5058
Thrust#2,2097152,64,3.14328,4867
Thrust#2,2097152,64,3.14292,4827
Thrust#2,2097152,64,3.14248,4847
Thrust#2,2097152,64,3.14467,4878
Thrust#2,2097152,64,3.14028,5963
Thrust#2,2097152,64,3.14066,5049
Thrust#2,2097152,64,3.14023,4842
Thrust#2,2097152,64,3.14181,4825
Thrust#2,2097152,64,3.13901,4833
Thrust#2,2097152,64,3.14212,4831
Thrust#2,2097152,64,3.14295,4857
Thrust#2,2097152,64,3.14014,4887
Thrust#2,2097152,64,3.14202,4854
Thrust#2,2097152,64,3.14054,4875
Thrust#2,2097152,64,3.14187,6013
Thrust#2,2097152,64,3.14183,5127
Thrust#2,2097152,64,3.14061,4838
Thrust#2,2097152,64,3.14206,4827
Thrust#2,2097152,64,3.14207,4870
Thrust#2,2097152,64,3.14177,4860
Thrust#2,2097152,64,3.14106,4849
Thrust#2,2097152,64,3.13985,5945
Thrust#2,2097152,64,3.1414,5058
Thrust#2,2097152,64,3.13998,4835
Thrust#2,2097152,64,3.14173,4834
Thrust#2,2097152,64,3.1421,4832
Thrust#2,2097152,64,3.14101,4869
Thrust#2,2097152,64,3.13992,5963
Thrust#2,2097152,64,3.14015,5102
Thrust#2,2097152,64,3.14204,4849
Thrust#2,2097152,64,3.14063,4835
Thrust#2,2097152,64,3.1421,4867
Thrust#2,2097152,64,3.14318,4862
Thrust#2,2097152,64,3.14072,4859
Thrust#2,2097152,64,3.14125,5969
Thrust#2,2097152,64,3.1417,5050
Thrust#2,2097152,64,3.13941,4859
Thrust#2,2097152,64,3.14067,4854
Thrust#2,2097152,64,3.13984,4804
Thrust#2,2097152,64,3.14112,4866
Thrust#2,2097152,64,3.14132,4884
Thrust#2,2097152,64,3.14188,4867
Thrust#2,2097152,64,3.14178,4828
Thrust#2,2097152,64,3.14085,4832
Thrust#2,2097152,64,3.14234,5991
Thrust#2,2097152,64,3.14221,5068
Thrust#2,2097152,64,3.14139,4860
Thrust#2,2097152,64,3.14127,4871
Thrust#2,2097152,64,3.14023,4858
Thrust#2,2097152,64,3.1425,4849
Thrust#2,2097152,64,3.14253,5948
Thrust#2,2097152,64,3.14111,5053
Thrust#2,2097152,64,3.14117,4849
Thrust#2,2097152,64,3.13895,4849
Thrust#2,2097152,64,3.1421,4826
Thrust#2,2097152,64,3.1423,4878
Thrust#2,2097152,64,3.14086,4870
Thrust#2,2097152,64,3.14093,5960
Thrust#2,2097152,64,3.14017,5076
Thrust#2,2097152,64,3.14072,4855
Thrust#2,2097152,64,3.14248,4847
Thrust#2,2097152,64,3.13952,4823
Thrust#2,2097152,64,3.1441,4877
Thrust#2,2097152,64,3.14079,4828
Thrust#2,2097152,64,3.14091,5944
Thrust#2,2097152,64,3.14064,5068
Thrust#2,2097152,64,3.14325,4872
Thrust#2,2097152,64,3.14072,4843
Thrust#2,2097152,64,3.14237,4839
Thrust#2,2097152,64,3.14155,4876
Thrust#2,2097152,64,3.14025,6042
Thrust#2,2097152,64,3.14319,5068
Thrust#2,2097152,128,3.14184,4556
Thrust#2,2097152,128,3.14072,4570
Thrust#2,2097152,128,3.14126,4564
Thrust#2,2097152,128,3.14099,4550
Thrust#2,2097152,128,3.14354,4566
Thrust#2,2097152,128,3.14129,4624
Thrust#2,2097152,128,3.14186,4585
Thrust#2,2097152,128,3.14157,4575
Thrust#2,2097152,128,3.14354,4574
Thrust#2,2097152,128,3.14325,5755
Thrust#2,2097152,128,3.14094,4785
Thrust#2,2097152,128,3.13968,4580
Thrust#2,2097152,128,3.14157,4552
Thrust#2,2097152,128,3.1414,4577
Thrust#2,2097152,128,3.14398,4584
Thrust#2,2097152,128,3.14157,4569
Thrust#2,2097152,128,3.13958,5674
Thrust#2,2097152,128,3.14019,4794
Thrust#2,2097152,128,3.14188,4594
Thrust#2,2097152,128,3.14112,4566
Thrust#2,2097152,128,3.1417,4561
Thrust#2,2097152,128,3.14131,4619
Thrust#2,2097152,128,3.13945,4594
Thrust#2,2097152,128,3.14372,5677
Thrust#2,2097152,128,3.1426,4821
Thrust#2,2097152,128,3.14215,4573
Thrust#2,2097152,128,3.14179,4567
Thrust#2,2097152,128,3.14306,4854
Thrust#2,2097152,128,3.14247,4592
Thrust#2,2097152,128,3.14327,4611
Thrust#2,2097152,128,3.14086,5692
Thrust#2,2097152,128,3.14103,4766
Thrust#2,2097152,128,3.14342,4588
Thrust#2,2097152,128,3.14044,4568
Thrust#2,2097152,128,3.14325,4588
Thrust#2,2097152,128,3.14039,4580
Thrust#2,2097152,128,3.14091,4606
Thrust#2,2097152,128,3.14169,4584
Thrust#2,2097152,128,3.14107,4564
Thrust#2,2097152,128,3.14069,4558
Thrust#2,2097152,128,3.14206,5772
Thrust#2,2097152,128,3.13974,4790
Thrust#2,2097152,128,3.14163,4587
Thrust#2,2097152,128,3.14054,4566
Thrust#2,2097152,128,3.14289,4610
Thrust#2,2097152,128,3.14301,4600
Thrust#2,2097152,128,3.1415,4566
Thrust#2,2097152,128,3.14225,5700
Thrust#2,2097152,128,3.14263,4784
Thrust#2,2097152,128,3.14029,4573
Thrust#2,2097152,128,3.1417,4576
Thrust#2,2097152,128,3.14119,4591
Thrust#2,2097152,128,3.14078,4584
Thrust#2,2097152,128,3.14127,4604
Thrust#2,2097152,128,3.1426,5683
Thrust#2,2097152,128,3.14363,4839
Thrust#2,2097152,128,3.14285,4578
Thrust#2,2097152,128,3.14093,4566
Thrust#2,2097152,128,3.14187,4584
Thrust#2,2097152,128,3.14132,4577
Thrust#2,2097152,128,3.13968,4603
Thrust#2,2097152,128,3.14318,5708
Thrust#2,2097152,128,3.14116,4788
Thrust#2,2097152,128,3.14255,4571
Thrust#2,2097152,128,3.14164,4573
Thrust#2,2097152,128,3.14205,4587
Thrust#2,2097152,128,3.14099,4569
Thrust#2,2097152,128,3.1392,4566
Thrust#2,2097152,128,3.14198,4594
Thrust#2,2097152,128,3.14241,4586
Thrust#2,2097152,128,3.14084,4597
Thrust#2,2097152,128,3.14243,4567
Thrust#2,2097152,128,3.14283,5699
Thrust#2,2097152,128,3.14042,4784
Thrust#2,2097152,128,3.14213,4575
Thrust#2,2097152,128,3.14356,4577
Thrust#2,2097152,128,3.14043,4587
Thrust#2,2097152,128,3.14134,4584
Thrust#2,2097152,128,3.1437,4576
Thrust#2,2097152,128,3.14059,5705
Thrust#2,2097152,128,3.14038,4803
Thrust#2,2097152,128,3.14204,4566
Thrust#2,2097152,128,3.14074,4598
Thrust#2,2097152,128,3.14277,4564
Thrust#2,2097152,128,3.14102,4595
Thrust#2,2097152,128,3.14176,4586
Thrust#2,2097152,128,3.14201,5676
Thrust#2,2097152,128,3.14376,4823
Thrust#2,2097152,128,3.14134,4576
Thrust#2,2097152,128,3.14058,4571
Thrust#2,2097152,128,3.14276,4596
Thrust#2,2097152,128,3.14181,4568
Thrust#2,2097152,128,3.14094,5702
Thrust#2,2097152,128,3.14157,4708
Thrust#2,2097152,128,3.14072,4600
Thrust#2,2097152,128,3.14003,4574
Thrust#2,2097152,128,3.14255,4582
Thrust#2,2097152,128,3.14118,4565
Thrust#2,2097152,128,3.14097,4579
Thrust#2,2097152,128,3.13926,4586
Thrust#2,2097152,256,3.14204,4653
Thrust#2,2097152,256,3.14159,4625
Thrust#2,2097152,256,3.1418,4624
Thrust#2,2097152,256,3.14012,5767
Thrust#2,2097152,256,3.14385,4811
Thrust#2,2097152,256,3.14269,4616
Thrust#2,2097152,256,3.14285,4616
Thrust#2,2097152,256,3.14278,4613
Thrust#2,2097152,256,3.14246,4638
Thrust#2,2097152,256,3.14253,4628
Thrust#2,2097152,256,3.14195,5711
Thrust#2,2097152,256,3.1403,4851
Thrust#2,2097152,256,3.14185,4619
Thrust#2,2097152,256,3.14181,4625
Thrust#2,2097152,256,3.14047,4614
Thrust#2,2097152,256,3.14042,4629
Thrust#2,2097152,256,3.14084,4638
Thrust#2,2097152,256,3.14154,5710
Thrust#2,2097152,256,3.1426,4878
Thrust#2,2097152,256,3.14224,4626
Thrust#2,2097152,256,3.14138,4603
Thrust#2,2097152,256,3.14175,4635
Thrust#2,2097152,256,3.14155,4615
Thrust#2,2097152,256,3.14032,4650
Thrust#2,2097152,256,3.14282,5717
Thrust#2,2097152,256,3.14103,4836
Thrust#2,2097152,256,3.14202,4633
Thrust#2,2097152,256,3.1409,4594
Thrust#2,2097152,256,3.14093,4635
Thrust#2,2097152,256,3.13927,4600
Thrust#2,2097152,256,3.1428,4604
Thrust#2,2097152,256,3.14107,4666
Thrust#2,2097152,256,3.14057,4646
Thrust#2,2097152,256,3.14118,4625
Thrust#2,2097152,256,3.14108,5733
Thrust#2,2097152,256,3.14183,4824
Thrust#2,2097152,256,3.141,4605
Thrust#2,2097152,256,3.14191,4616
Thrust#2,2097152,256,3.14034,4599
Thrust#2,2097152,256,3.14203,4631
Thrust#2,2097152,256,3.14128,4623
Thrust#2,2097152,256,3.14205,5689
Thrust#2,2097152,256,3.14228,4876
Thrust#2,2097152,256,3.14262,4640
Thrust#2,2097152,256,3.14162,4636
Thrust#2,2097152,256,3.14128,4598
Thrust#2,2097152,256,3.1417,4602
Thrust#2,2097152,256,3.14174,4633
Thrust#2,2097152,256,3.14092,5728
Thrust#2,2097152,256,3.14143,4858
Thrust#2,2097152,256,3.14015,4627
Thrust#2,2097152,256,3.14281,4616
Thrust#2,2097152,256,3.14095,4605
Thrust#2,2097152,256,3.14286,4613
Thrust#2,2097152,256,3.14055,4623
Thrust#2,2097152,256,3.1426,4660
Thrust#2,2097152,256,3.14087,4633
Thrust#2,2097152,256,3.1402,4619
Thrust#2,2097152,256,3.14066,4620
Thrust#2,2097152,256,3.14198,5702
Thrust#2,2097152,256,3.14227,4823
Thrust#2,2097152,256,3.14145,4602
Thrust#2,2097152,256,3.14143,4636
Thrust#2,2097152,256,3.13981,4638
Thrust#2,2097152,256,3.14026,4631
Thrust#2,2097152,256,3.14237,4610
Thrust#2,2097152,256,3.14202,5747
Thrust#2,2097152,256,3.14225,4830
Thrust#2,2097152,256,3.14214,4603
Thrust#2,2097152,256,3.14147,4602
Thrust#2,2097152,256,3.14094,4632
Thrust#2,2097152,256,3.14117,4614
Thrust#2,2097152,256,3.1443,4604
Thrust#2,2097152,256,3.1418,5723
Thrust#2,2097152,256,3.14393,4844
Thrust#2,2097152,256,3.14244,4640
Thrust#2,2097152,256,3.14226,4592
Thrust#2,2097152,256,3.14173,4626
Thrust#2,2097152,256,3.14137,4649
Thrust#2,2097152,256,3.14162,4630
Thrust#2,2097152,256,3.14067,5726
Thrust#2,2097152,256,3.14241,4864
Thrust#2,2097152,256,3.13993,4620
Thrust#2,2097152,256,3.14331,4612
Thrust#2,2097152,256,3.14148,4624
Thrust#2,2097152,256,3.14297,4640
Thrust#2,2097152,256,3.14042,5758
Thrust#2,2097152,256,3.14191,4764
Thrust#2,2097152,256,3.14178,4613
Thrust#2,2097152,256,3.14213,4625
Thrust#2,2097152,256,3.14002,4619
Thrust#2,2097152,256,3.14152,4612
Thrust#2,2097152,256,3.14056,4596
Thrust#2,2097152,256,3.14158,4638
Thrust#2,2097152,256,3.14369,4632
Thrust#2,2097152,256,3.14166,4621
Thrust#2,2097152,256,3.14199,4623
Thrust#2,2097152,256,3.14218,5757
Thrust#2,2097152,256,3.14094,4814
Thrust#2,2097152,256,3.14067,4605
Thrust#2,2097152,512,3.14107,4732
Thrust#2,2097152,512,3.1422,4751
Thrust#2,2097152,512,3.14106,4736
Thrust#2,2097152,512,3.14089,4714
Thrust#2,2097152,512,3.1425,5813
Thrust#2,2097152,512,3.14044,4920
Thrust#2,2097152,512,3.14223,4734
Thrust#2,2097152,512,3.14189,5036
Thrust#2,2097152,512,3.14309,4847
Thrust#2,2097152,512,3.14092,5838
Thrust#2,2097152,512,3.14106,4929
Thrust#2,2097152,512,3.14287,4734
Thrust#2,2097152,512,3.14248,4734
Thrust#2,2097152,512,3.14075,4703
Thrust#2,2097152,512,3.14446,4720
Thrust#2,2097152,512,3.14074,4712
Thrust#2,2097152,512,3.14155,4726
Thrust#2,2097152,512,3.14083,5910
Thrust#2,2097152,512,3.14339,4927
Thrust#2,2097152,512,3.1427,4732
Thrust#2,2097152,512,3.14117,4723
Thrust#2,2097152,512,3.14269,4728
Thrust#2,2097152,512,3.14263,4733
Thrust#2,2097152,512,3.14009,4725
Thrust#2,2097152,512,3.14301,4748
Thrust#2,2097152,512,3.14219,4723
Thrust#2,2097152,512,3.14126,4700
Thrust#2,2097152,512,3.14055,4744
Thrust#2,2097152,512,3.14248,5806
Thrust#2,2097152,512,3.14359,4942
Thrust#2,2097152,512,3.14186,4757
Thrust#2,2097152,512,3.14221,4786
Thrust#2,2097152,512,3.14297,4731
Thrust#2,2097152,512,3.14182,4704
Thrust#2,2097152,512,3.14201,5859
Thrust#2,2097152,512,3.14306,4939
Thrust#2,2097152,512,3.13906,4732
Thrust#2,2097152,512,3.14285,4723
Thrust#2,2097152,512,3.14115,4745
Thrust#2,2097152,512,3.14296,4745
Thrust#2,2097152,512,3.14491,4707
Thrust#2,2097152,512,3.14168,5794
Thrust#2,2097152,512,3.13885,4918
Thrust#2,2097152,512,3.14061,4733
Thrust#2,2097152,512,3.14286,4737
Thrust#2,2097152,512,3.14181,4737
Thrust#2,2097152,512,3.14153,4743
Thrust#2,2097152,512,3.14,4741
Thrust#2,2097152,512,3.14116,5817
Thrust#2,2097152,512,3.14049,4976
Thrust#2,2097152,512,3.14054,4744
Thrust#2,2097152,512,3.14005,4710
Thrust#2,2097152,512,3.1416,4701
Thrust#2,2097152,512,3.1423,4746
Thrust#2,2097152,512,3.1422,5841
Thrust#2,2097152,512,3.14305,4874
Thrust#2,2097152,512,3.14049,4741
Thrust#2,2097152,512,3.1432,4752
Thrust#2,2097152,512,3.1419,4721
Thrust#2,2097152,512,3.14092,4716
Thrust#2,2097152,512,3.14094,4736
Thrust#2,2097152,512,3.1424,4763
Thrust#2,2097152,512,3.14025,4751
Thrust#2,2097152,512,3.14102,4731
Thrust#2,2097152,512,3.14178,4753
Thrust#2,2097152,512,3.14266,5891
Thrust#2,2097152,512,3.14094,4933
Thrust#2,2097152,512,3.14386,4714
Thrust#2,2097152,512,3.14007,4761
Thrust#2,2097152,512,3.14235,4741
Thrust#2,2097152,512,3.14418,4719
Thrust#2,2097152,512,3.14427,5828
Thrust#2,2097152,512,3.13963,4931
Thrust#2,2097152,512,3.14191,4728
Thrust#2,2097152,512,3.14156,4729
Thrust#2,2097152,512,3.14114,4723
Thrust#2,2097152,512,3.14133,4733
Thrust#2,2097152,512,3.14299,4723
Thrust#2,2097152,512,3.14188,5814
Thrust#2,2097152,512,3.14005,4933
Thrust#2,2097152,512,3.14167,4729
Thrust#2,2097152,512,3.1404,4718
Thrust#2,2097152,512,3.14311,4736
Thrust#2,2097152,512,3.14152,4741
Thrust#2,2097152,512,3.14184,4747
Thrust#2,2097152,512,3.14082,5874
Thrust#2,2097152,512,3.14179,4931
Thrust#2,2097152,512,3.14138,4746
Thrust#2,2097152,512,3.14273,4706
Thrust#2,2097152,512,3.14172,4710
Thrust#2,2097152,512,3.14065,4749
Thrust#2,2097152,512,3.14165,4782
Thrust#2,2097152,512,3.14084,4725
Thrust#2,2097152,512,3.13912,4716
Thrust#2,2097152,512,3.1405,4728
Thrust#2,2097152,512,3.14055,5832
Thrust#2,2097152,512,3.14308,4954
Thrust#2,2097152,512,3.14158,4720
Thrust#2,2097152,512,3.14219,4740
Thrust#2,2097152,512,3.14196,4741
Thrust#2,2097152,1024,3.14141,5511
Thrust#2,2097152,1024,3.14236,5522
Thrust#2,2097152,1024,3.1405,6677
Thrust#2,2097152,1024,3.14128,5700
Thrust#2,2097152,1024,3.1429,5516
Thrust#2,2097152,1024,3.14254,5539
Thrust#2,2097152,1024,3.14153,5550
Thrust#2,2097152,1024,3.14072,6701
Thrust#2,2097152,1024,3.14131,5746
Thrust#2,2097152,1024,3.14318,5535
Thrust#2,2097152,1024,3.14154,5544
Thrust#2,2097152,1024,3.1408,5536
Thrust#2,2097152,1024,3.14112,5521
Thrust#2,2097152,1024,3.13943,6630
Thrust#2,2097152,1024,3.14048,5906
Thrust#2,2097152,1024,3.14128,5539
Thrust#2,2097152,1024,3.14062,5537
Thrust#2,2097152,1024,3.14285,5535
Thrust#2,2097152,1024,3.14212,5566
Thrust#2,2097152,1024,3.14058,6741
Thrust#2,2097152,1024,3.14058,5731
Thrust#2,2097152,1024,3.14218,5591
Thrust#2,2097152,1024,3.1414,5539
Thrust#2,2097152,1024,3.14096,5515
Thrust#2,2097152,1024,3.13929,5559
Thrust#2,2097152,1024,3.14264,5552
Thrust#2,2097152,1024,3.14172,5587
Thrust#2,2097152,1024,3.14265,5527
Thrust#2,2097152,1024,3.14044,6671
Thrust#2,2097152,1024,3.14185,5734
Thrust#2,2097152,1024,3.14114,5565
Thrust#2,2097152,1024,3.14103,5535
Thrust#2,2097152,1024,3.14087,5499
Thrust#2,2097152,1024,3.14214,6665
Thrust#2,2097152,1024,3.14141,5756
Thrust#2,2097152,1024,3.13842,5528
Thrust#2,2097152,1024,3.14082,5491
Thrust#2,2097152,1024,3.1426,5584
Thrust#2,2097152,1024,3.14222,5547
Thrust#2,2097152,1024,3.14153,6665
Thrust#2,2097152,1024,3.14078,5767
Thrust#2,2097152,1024,3.14017,5554
Thrust#2,2097152,1024,3.14011,5535
Thrust#2,2097152,1024,3.14188,5537
Thrust#2,2097152,1024,3.14188,5600
Thrust#2,2097152,1024,3.14038,6634
Thrust#2,2097152,1024,3.14017,5733
Thrust#2,2097152,1024,3.14224,5543
Thrust#2,2097152,1024,3.14184,5502
Thrust#2,2097152,1024,3.14236,5509
Thrust#2,2097152,1024,3.14224,5571
Thrust#2,2097152,1024,3.14053,5548
Thrust#2,2097152,1024,3.14196,5500
Thrust#2,2097152,1024,3.14158,5558
Thrust#2,2097152,1024,3.14155,6652
Thrust#2,2097152,1024,3.14114,5754
Thrust#2,2097152,1024,3.1403,5563
Thrust#2,2097152,1024,3.14275,5597
Thrust#2,2097152,1024,3.14222,5550
Thrust#2,2097152,1024,3.14193,6711
Thrust#2,2097152,1024,3.14108,5718
Thrust#2,2097152,1024,3.14014,5489
Thrust#2,2097152,1024,3.14221,5526
Thrust#2,2097152,1024,3.14159,5539
Thrust#2,2097152,1024,3.13972,5545
Thrust#2,2097152,1024,3.14122,6665
Thrust#2,2097152,1024,3.14116,5749
Thrust#2,2097152,1024,3.14072,5512
Thrust#2,2097152,1024,3.14269,5516
Thrust#2,2097152,1024,3.1434,5536
Thrust#2,2097152,1024,3.14089,5569
Thrust#2,2097152,1024,3.14092,6668
Thrust#2,2097152,1024,3.14113,5796
Thrust#2,2097152,1024,3.14223,5527
Thrust#2,2097152,1024,3.1422,5517
Thrust#2,2097152,1024,3.14115,5516
Thrust#2,2097152,1024,3.14026,5556
Thrust#2,2097152,1024,3.14085,5503
Thrust#2,2097152,1024,3.14177,5581
Thrust#2,2097152,1024,3.14126,5591
Thrust#2,2097152,1024,3.1415,6628
Thrust#2,2097152,1024,3.14103,5772
Thrust#2,2097152,1024,3.14111,5500
Thrust#2,2097152,1024,3.14182,5613
Thrust#2,2097152,1024,3.14488,5534
Thrust#2,2097152,1024,3.1419,5545
Thrust#2,2097152,1024,3.14234,6655
Thrust#2,2097152,1024,3.14132,5734
Thrust#2,2097152,1024,3.14121,5588
Thrust#2,2097152,1024,3.14348,5552
Thrust#2,2097152,1024,3.14184,5532
Thrust#2,2097152,1024,3.14103,6632
Thrust#2,2097152,1024,3.14188,5738
Thrust#2,2097152,1024,3.14361,5505
Thrust#2,2097152,1024,3.13989,5839
Thrust#2,2097152,1024,3.14187,5628
Thrust#2,2097152,1024,3.14187,5550
Thrust#2,2097152,1024,3.1417,6674
Thrust#2,2097152,1024,3.14267,5755
Thrust#2,2097152,1024,3.14173,5540
Thrust#2,2097152,2048,3.14115,8148
Thrust#2,2097152,2048,3.14119,8171
Thrust#2,2097152,2048,3.14029,8163
Thrust#2,2097152,2048,3.14253,8142
Thrust#2,2097152,2048,3.14353,8144
Thrust#2,2097152,2048,3.14201,9337
Thrust#2,2097152,2048,3.14119,8201
Thrust#2,2097152,2048,3.14167,8155
Thrust#2,2097152,2048,3.14346,8128
Thrust#2,2097152,2048,3.14445,9297
Thrust#2,2097152,2048,3.14199,8183
Thrust#2,2097152,2048,3.14341,8176
Thrust#2,2097152,2048,3.14141,8157
Thrust#2,2097152,2048,3.14347,9463
Thrust#2,2097152,2048,3.14272,8178
Thrust#2,2097152,2048,3.14209,8211
Thrust#2,2097152,2048,3.14138,9249
Thrust#2,2097152,2048,3.13988,8256
Thrust#2,2097152,2048,3.14169,8190
Thrust#2,2097152,2048,3.14061,8159
Thrust#2,2097152,2048,3.14243,8168
Thrust#2,2097152,2048,3.14226,8196
Thrust#2,2097152,2048,3.14308,9434
Thrust#2,2097152,2048,3.14153,8181
Thrust#2,2097152,2048,3.14056,8195
Thrust#2,2097152,2048,3.14093,8158
Thrust#2,2097152,2048,3.14301,9340
Thrust#2,2097152,2048,3.14195,8228
Thrust#2,2097152,2048,3.14138,8153
Thrust#2,2097152,2048,3.14235,8186
Thrust#2,2097152,2048,3.14317,9314
Thrust#2,2097152,2048,3.13988,8180
Thrust#2,2097152,2048,3.14006,8147
Thrust#2,2097152,2048,3.1417,8138
Thrust#2,2097152,2048,3.14251,8167
Thrust#2,2097152,2048,3.14254,8193
Thrust#2,2097152,2048,3.14097,9371
Thrust#2,2097152,2048,3.14141,8179
Thrust#2,2097152,2048,3.14349,8171
Thrust#2,2097152,2048,3.14013,8157
Thrust#2,2097152,2048,3.14204,9328
Thrust#2,2097152,2048,3.14124,8188
Thrust#2,2097152,2048,3.14105,8196
Thrust#2,2097152,2048,3.14137,8170
Thrust#2,2097152,2048,3.14172,9396
Thrust#2,2097152,2048,3.14127,8178
Thrust#2,2097152,2048,3.13854,8157
Thrust#2,2097152,2048,3.14113,8187
Thrust#2,2097152,2048,3.14253,8153
Thrust#2,2097152,2048,3.14141,8164
Thrust#2,2097152,2048,3.14139,9351
Thrust#2,2097152,2048,3.14115,8184
Thrust#2,2097152,2048,3.14267,8192
Thrust#2,2097152,2048,3.14236,8158
Thrust#2,2097152,2048,3.14144,9358
Thrust#2,2097152,2048,3.14146,8170
Thrust#2,2097152,2048,3.1435,8137
Thrust#2,2097152,2048,3.14153,8162
Thrust#2,2097152,2048,3.14135,9301
Thrust#2,2097152,2048,3.14197,8188
Thrust#2,2097152,2048,3.14105,8127
Thrust#2,2097152,2048,3.13996,8169
Thrust#2,2097152,2048,3.13932,8150
Thrust#2,2097152,2048,3.14162,8173
Thrust#2,2097152,2048,3.1424,9387
Thrust#2,2097152,2048,3.14322,8197
Thrust#2,2097152,2048,3.14249,8181
Thrust#2,2097152,2048,3.14093,8165
Thrust#2,2097152,2048,3.14092,9346
Thrust#2,2097152,2048,3.13992,8196
Thrust#2,2097152,2048,3.14204,8153
Thrust#2,2097152,2048,3.14213,8175
Thrust#2,2097152,2048,3.14087,8173
Thrust#2,2097152,2048,3.14133,8137
Thrust#2,2097152,2048,3.14157,9362
Thrust#2,2097152,2048,3.14043,8191
Thrust#2,2097152,2048,3.14091,8184
Thrust#2,2097152,2048,3.14209,8175
Thrust#2,2097152,2048,3.14072,9320
Thrust#2,2097152,2048,3.13922,8197
Thrust#2,2097152,2048,3.14077,8151
Thrust#2,2097152,2048,3.14145,8164
Thrust#2,2097152,2048,3.14077,8158
Thrust#2,2097152,2048,3.14215,8136
Thrust#2,2097152,2048,3.14067,9365
Thrust#2,2097152,2048,3.14236,8222
Thrust#2,2097152,2048,3.14273,8159
Thrust#2,2097152,2048,3.14323,8148
Thrust#2,2097152,2048,3.14163,9333
Thrust#2,2097152,2048,3.14209,8198
Thrust#2,2097152,2048,3.14112,8170
Thrust#2,2097152,2048,3.13923,8183
Thrust#2,2097152,2048,3.14107,9420
Thrust#2,2097152,2048,3.14347,8174
Thrust#2,2097152,2048,3.14219,8181
Thrust#2,2097152,2048,3.13952,8177
Thrust#2,2097152,2048,3.14075,8179
Thrust#2,2097152,2048,3.14079,8492
Thrust#2,2097152,2048,3.14254,9333
Thrust#2,2097152,2048,3.13984,8243
Thrust#2,2097152,4096,3.14027,9249
Thrust#2,2097152,4096,3.14151,10514
Thrust#2,2097152,4096,3.14196,9267
Thrust#2,2097152,4096,3.14082,9259
Thrust#2,2097152,4096,3.14143,9236
Thrust#2,2097152,4096,3.14127,10439
Thrust#2,2097152,4096,3.14269,9266
Thrust#2,2097152,4096,3.14167,9281
Thrust#2,2097152,4096,3.14433,9249
Thrust#2,2097152,4096,3.13931,9213
Thrust#2,2097152,4096,3.14253,10465
Thrust#2,2097152,4096,3.13884,9367
Thrust#2,2097152,4096,3.14133,9245
Thrust#2,2097152,4096,3.14132,9246
Thrust#2,2097152,4096,3.14162,10505
Thrust#2,2097152,4096,3.13969,9368
Thrust#2,2097152,4096,3.14206,9298
Thrust#2,2097152,4096,3.14128,10492
Thrust#2,2097152,4096,3.14084,9324
Thrust#2,2097152,4096,3.14236,9327
Thrust#2,2097152,4096,3.14154,9297
Thrust#2,2097152,4096,3.14402,9009
Thrust#2,2097152,4096,3.14055,10453
Thrust#2,2097152,4096,3.14188,9314
Thrust#2,2097152,4096,3.14118,9250
Thrust#2,2097152,4096,3.13957,9231
Thrust#2,2097152,4096,3.14256,10262
Thrust#2,2097152,4096,3.14198,9371
Thrust#2,2097152,4096,3.1404,9260
Thrust#2,2097152,4096,3.14231,10428
Thrust#2,2097152,4096,3.14052,9279
Thrust#2,2097152,4096,3.14213,9311
Thrust#2,2097152,4096,3.14232,9325
Thrust#2,2097152,4096,3.14102,10526
Thrust#2,2097152,4096,3.14145,9262
Thrust#2,2097152,4096,3.14049,9328
Thrust#2,2097152,4096,3.14088,9237
Thrust#2,2097152,4096,3.14229,9255
Thrust#2,2097152,4096,3.14337,10096
Thrust#2,2097152,4096,3.14114,9286
Thrust#2,2097152,4096,3.14098,9307
Thrust#2,2097152,4096,3.14362,10494
Thrust#2,2097152,4096,3.14153,9268
Thrust#2,2097152,4096,3.14081,9256
Thrust#2,2097152,4096,3.1423,9242
Thrust#2,2097152,4096,3.14181,10421
Thrust#2,2097152,4096,3.14233,9333
Thrust#2,2097152,4096,3.14325,9261
Thrust#2,2097152,4096,3.14249,9231
Thrust#2,2097152,4096,3.14166,9228
Thrust#2,2097152,4096,3.1414,10267
Thrust#2,2097152,4096,3.14181,9292
Thrust#2,2097152,4096,3.14084,9302
Thrust#2,2097152,4096,3.14176,9249
Thrust#2,2097152,4096,3.14329,10482
Thrust#2,2097152,4096,3.14146,9321
Thrust#2,2097152,4096,3.14148,9247
Thrust#2,2097152,4096,3.1424,10488
Thrust#2,2097152,4096,3.14144,9252
Thrust#2,2097152,4096,3.14255,9238
Thrust#2,2097152,4096,3.14132,9230
Thrust#2,2097152,4096,3.14058,10102
Thrust#2,2097152,4096,3.14284,9302
Thrust#2,2097152,4096,3.14311,9075
Thrust#2,2097152,4096,3.14176,9242
Thrust#2,2097152,4096,3.14398,9243
Thrust#2,2097152,4096,3.14222,10402
Thrust#2,2097152,4096,3.14113,9304
Thrust#2,2097152,4096,3.14092,9135
Thrust#2,2097152,4096,3.14088,10407
Thrust#2,2097152,4096,3.14223,9319
Thrust#2,2097152,4096,3.13804,9273
Thrust#2,2097152,4096,3.14185,9035
Thrust#2,2097152,4096,3.13975,10512
Thrust#2,2097152,4096,3.14391,9261
Thrust#2,2097152,4096,3.14276,9265
Thrust#2,2097152,4096,3.14192,9307
Thrust#2,2097152,4096,3.14023,9251
Thrust#2,2097152,4096,3.14202,10431
Thrust#2,2097152,4096,3.14343,9298
Thrust#2,2097152,4096,3.1408,9247
Thrust#2,2097152,4096,3.14272,8908
Thrust#2,2097152,4096,3.14077,10271
Thrust#2,2097152,4096,3.14188,9311
Thrust#2,2097152,4096,3.14369,9248
Thrust#2,2097152,4096,3.14277,10428
Thrust#2,2097152,4096,3.14171,9262
Thrust#2,2097152,4096,3.14134,9324
Thrust#2,2097152,4096,3.14126,9305
Thrust#2,2097152,4096,3.14246,10514
Thrust#2,2097152,4096,3.14095,9288
Thrust#2,2097152,4096,3.14197,9266
Thrust#2,2097152,4096,3.14218,9243
Thrust#2,2097152,4096,3.14099,9264
Thrust#2,2097152,4096,3.14368,10427
Thrust#2,2097152,4096,3.14021,9277
Thrust#2,2097152,4096,3.14034,9240
Thrust#2,2097152,4096,3.14227,10458
Thrust#2,2097152,4096,3.13938,9262
Thrust#2,2097152,4096,3.14163,9288
Thrust#2,2097152,8192,3.14125,14114
Thrust#2,2097152,8192,3.14044,15289
Thrust#2,2097152,8192,3.14149,14157
Thrust#2,2097152,8192,3.14188,14106
Thrust#2,2097152,8192,3.14148,15315
Thrust#2,2097152,8192,3.14063,14169
Thrust#2,2097152,8192,3.1441,15226
Thrust#2,2097152,8192,3.14146,14143
Thrust#2,2097152,8192,3.14113,14149
Thrust#2,2097152,8192,3.14301,14133
Thrust#2,2097152,8192,3.14208,15362
Thrust#2,2097152,8192,3.14198,14183
Thrust#2,2097152,8192,3.14347,15328
Thrust#2,2097152,8192,3.14152,14163
Thrust#2,2097152,8192,3.14354,14116
Thrust#2,2097152,8192,3.14076,14121
Thrust#2,2097152,8192,3.14198,15277
Thrust#2,2097152,8192,3.14377,14177
Thrust#2,2097152,8192,3.14145,14133
Thrust#2,2097152,8192,3.14201,15314
Thrust#2,2097152,8192,3.14501,14284
Thrust#2,2097152,8192,3.1411,15492
Thrust#2,2097152,8192,3.14089,14249
Thrust#2,2097152,8192,3.14203,14139
Thrust#2,2097152,8192,3.14126,14131
Thrust#2,2097152,8192,3.14092,15482
Thrust#2,2097152,8192,3.14046,14276
Thrust#2,2097152,8192,3.14058,14134
Thrust#2,2097152,8192,3.14019,15291
Thrust#2,2097152,8192,3.14108,14174
Thrust#2,2097152,8192,3.14284,15313
Thrust#2,2097152,8192,3.14001,14133
Thrust#2,2097152,8192,3.14178,14141
Thrust#2,2097152,8192,3.14202,14136
Thrust#2,2097152,8192,3.14217,15364
Thrust#2,2097152,8192,3.14241,14170
Thrust#2,2097152,8192,3.14281,15349
Thrust#2,2097152,8192,3.14148,14254
Thrust#2,2097152,8192,3.14211,14128
Thrust#2,2097152,8192,3.14105,14113
Thrust#2,2097152,8192,3.14268,15365
Thrust#2,2097152,8192,3.13998,14167
Thrust#2,2097152,8192,3.14049,14142
Thrust#2,2097152,8192,3.1424,15239
Thrust#2,2097152,8192,3.14181,14303
Thrust#2,2097152,8192,3.1424,15327
Thrust#2,2097152,8192,3.14283,14135
Thrust#2,2097152,8192,3.13862,14159
Thrust#2,2097152,8192,3.13984,14121
Thrust#2,2097152,8192,3.1406,15274
Thrust#2,2097152,8192,3.1415,14179
Thrust#2,2097152,8192,3.14332,14112
Thrust#2,2097152,8192,3.14065,15447
Thrust#2,2097152,8192,3.14212,14162
Thrust#2,2097152,8192,3.14158,15320
Thrust#2,2097152,8192,3.14066,14124
Thrust#2,2097152,8192,3.14231,14140
Thrust#2,2097152,8192,3.14226,14123
Thrust#2,2097152,8192,3.14008,15339
Thrust#2,2097152,8192,3.1418,14182
Thrust#2,2097152,8192,3.14202,15322
Thrust#2,2097152,8192,3.1409,14123
Thrust#2,2097152,8192,3.1418,14117
Thrust#2,2097152,8192,3.13984,14124
Thrust#2,2097152,8192,3.14181,15332
Thrust#2,2097152,8192,3.14022,14179
Thrust#2,2097152,8192,3.14103,14121
Thrust#2,2097152,8192,3.14241,15300
Thrust#2,2097152,8192,3.14132,14176
Thrust#2,2097152,8192,3.14153,15285
Thrust#2,2097152,8192,3.14157,14145
Thrust#2,2097152,8192,3.14082,14144
Thrust#2,2097152,8192,3.14017,14132
Thrust#2,2097152,8192,3.14008,15398
Thrust#2,2097152,8192,3.1404,14171
Thrust#2,2097152,8192,3.14335,14133
Thrust#2,2097152,8192,3.14214,15336
Thrust#2,2097152,8192,3.1431,14176
Thrust#2,2097152,8192,3.14379,14119
Thrust#2,2097152,8192,3.14286,15286
Thrust#2,2097152,8192,3.14117,14175
Thrust#2,2097152,8192,3.14371,14294
Thrust#2,2097152,8192,3.14298,15069
Thrust#2,2097152,8192,3.141,14313
Thrust#2,2097152,8192,3.14163,15079
Thrust#2,2097152,8192,3.14319,14213
Thrust#2,2097152,8192,3.14214,14188
Thrust#2,2097152,8192,3.1416,14147
Thrust#2,2097152,8192,3.14181,15367
Thrust#2,2097152,8192,3.14239,14170
Thrust#2,2097152,8192,3.14244,14175
Thrust#2,2097152,8192,3.14369,15316
Thrust#2,2097152,8192,3.1405,14177
Thrust#2,2097152,8192,3.14213,15316
Thrust#2,2097152,8192,3.14053,14135
Thrust#2,2097152,8192,3.13952,14131
Thrust#2,2097152,8192,3.14,14125
Thrust#2,2097152,8192,3.14135,15349
Thrust#2,2097152,8192,3.14159,14169
Thrust#2,2097152,8192,3.14099,15265
Thrust#2,2097152,16384,3.1413,26887
Thrust#2,2097152,16384,3.14221,26831
Thrust#2,2097152,16384,3.14241,28176
Thrust#2,2097152,16384,3.13997,27735
Thrust#2,2097152,16384,3.14109,26984
Thrust#2,2097152,16384,3.14006,28058
Thrust#2,2097152,16384,3.14162,26876
Thrust#2,2097152,16384,3.1415,27945
Thrust#2,2097152,16384,3.14044,26859
Thrust#2,2097152,16384,3.14121,27995
Thrust#2,2097152,16384,3.14016,26905
Thrust#2,2097152,16384,3.14213,27959
Thrust#2,2097152,16384,3.14162,26866
Thrust#2,2097152,16384,3.14167,27936
Thrust#2,2097152,16384,3.13933,26892
Thrust#2,2097152,16384,3.14184,28058
Thrust#2,2097152,16384,3.14166,26891
Thrust#2,2097152,16384,3.14173,28046
Thrust#2,2097152,16384,3.14206,26869
Thrust#2,2097152,16384,3.14373,27956
Thrust#2,2097152,16384,3.14045,26877
Thrust#2,2097152,16384,3.14198,28007
Thrust#2,2097152,16384,3.14141,26878
Thrust#2,2097152,16384,3.1407,28038
Thrust#2,2097152,16384,3.13915,26870
Thrust#2,2097152,16384,3.14063,27954
Thrust#2,2097152,16384,3.14105,27031
Thrust#2,2097152,16384,3.14114,27943
Thrust#2,2097152,16384,3.14028,27021
Thrust#2,2097152,16384,3.1409,28044
Thrust#2,2097152,16384,3.14107,26868
Thrust#2,2097152,16384,3.14293,27957
Thrust#2,2097152,16384,3.14256,26876
Thrust#2,2097152,16384,3.14153,28004
Thrust#2,2097152,16384,3.14007,26878
Thrust#2,2097152,16384,3.1396,28033
Thrust#2,2097152,16384,3.14326,26867
Thrust#2,2097152,16384,3.14102,27956
Thrust#2,2097152,16384,3.14128,26879
Thrust#2,2097152,16384,3.14156,27980
Thrust#2,2097152,16384,3.14026,26879
Thrust#2,2097152,16384,3.14186,28058
Thrust#2,2097152,16384,3.14241,26869
Thrust#2,2097152,16384,3.14051,27952
Thrust#2,2097152,16384,3.14108,26858
Thrust#2,2097152,16384,3.14086,27963
Thrust#2,2097152,16384,3.14036,26872
Thrust#2,2097152,16384,3.14153,28022
Thrust#2,2097152,16384,3.14148,26875
Thrust#2,2097152,16384,3.1438,27960
Thrust#2,2097152,16384,3.14089,26879
Thrust#2,2097152,16384,3.14115,28003
Thrust#2,2097152,16384,3.1417,26877
Thrust#2,2097152,16384,3.14248,28047
Thrust#2,2097152,16384,3.13834,26875
Thrust#2,2097152,16384,3.1431,27946
Thrust#2,2097152,16384,3.14127,26869
Thrust#2,2097152,16384,3.14175,27986
Thrust#2,2097152,16384,3.14237,26873
Thrust#2,2097152,16384,3.14205,28009
Thrust#2,2097152,16384,3.14125,26868
Thrust#2,2097152,16384,3.14048,27958
Thrust#2,2097152,16384,3.14308,26884
Thrust#2,2097152,16384,3.14089,27848
Thrust#2,2097152,16384,3.14292,26970
Thrust#2,2097152,16384,3.13919,27764
Thrust#2,2097152,16384,3.14223,27090
Thrust#2,2097152,16384,3.14169,27757
Thrust#2,2097152,16384,3.14374,26939
Thrust#2,2097152,16384,3.14402,27761
Thrust#2,2097152,16384,3.14152,27140
Thrust#2,2097152,16384,3.14125,27648
Thrust#2,2097152,16384,3.14108,26951
Thrust#2,2097152,16384,3.1403,27797
Thrust#2,2097152,16384,3.14333,27080
Thrust#2,2097152,16384,3.14183,27731
Thrust#2,2097152,16384,3.1409,26931
Thrust#2,2097152,16384,3.13995,27779
Thrust#2,2097152,16384,3.14151,27059
Thrust#2,2097152,16384,3.14039,27719
Thrust#2,2097152,16384,3.14231,26963
Thrust#2,2097152,16384,3.14371,27785
Thrust#2,2097152,16384,3.13975,27074
Thrust#2,2097152,16384,3.14248,27737
Thrust#2,2097152,16384,3.14283,26960
Thrust#2,2097152,16384,3.1428,27774
Thrust#2,2097152,16384,3.14207,27090
Thrust#2,2097152,16384,3.14233,27723
Thrust#2,2097152,16384,3.14199,26952
Thrust#2,2097152,16384,3.14295,27804
Thrust#2,2097152,16384,3.14182,27029
Thrust#2,2097152,16384,3.14286,27911
Thrust#2,2097152,16384,3.14447,26891
Thrust#2,2097152,16384,3.14053,27979
Thrust#2,2097152,16384,3.14249,26879
Thrust#2,2097152,16384,3.14018,28080
Thrust#2,2097152,16384,3.13969,26909
Thrust#2,2097152,16384,3.14153,27954
Thrust#2,2097152,16384,3.13951,26892
Thrust#2,2097152,16384,3.14097,28071
Thrust#2,2097152,32768,3.14173,53545
Thrust#2,2097152,32768,3.14146,54701
Thrust#2,2097152,32768,3.14,54399
Thrust#2,2097152,32768,3.14316,54767
Thrust#2,2097152,32768,3.14272,53611
Thrust#2,2097152,32768,3.14161,54480
Thrust#2,2097152,32768,3.14375,54934
Thrust#2,2097152,32768,3.14228,54393
Thrust#2,2097152,32768,3.14164,54687
Thrust#2,2097152,32768,3.14314,53655
Thrust#2,2097152,32768,3.142,54478
Thrust#2,2097152,32768,3.13954,54736
Thrust#2,2097152,32768,3.14195,53621
Thrust#2,2097152,32768,3.14226,54501
Thrust#2,2097152,32768,3.14383,54670
Thrust#2,2097152,32768,3.14171,53656
Thrust#2,2097152,32768,3.14025,54457
Thrust#2,2097152,32768,3.1434,54786
Thrust#2,2097152,32768,3.14229,53563
Thrust#2,2097152,32768,3.14047,54590
Thrust#2,2097152,32768,3.14358,54662
Thrust#2,2097152,32768,3.14131,53643
Thrust#2,2097152,32768,3.14237,54808
Thrust#2,2097152,32768,3.14152,54405
Thrust#2,2097152,32768,3.14151,54997
Thrust#2,2097152,32768,3.14036,53564
Thrust#2,2097152,32768,3.1398,54841
Thrust#2,2097152,32768,3.14212,54397
Thrust#2,2097152,32768,3.14113,54618
Thrust#2,2097152,32768,3.1405,53677
Thrust#2,2097152,32768,3.14269,54471
Thrust#2,2097152,32768,3.14172,54743
Thrust#2,2097152,32768,3.14121,53608
Thrust#2,2097152,32768,3.14169,54487
Thrust#2,2097152,32768,3.14102,54641
Thrust#2,2097152,32768,3.1412,53626
Thrust#2,2097152,32768,3.14185,54468
Thrust#2,2097152,32768,3.14341,54813
Thrust#2,2097152,32768,3.14196,53588
Thrust#2,2097152,32768,3.14159,54520
Thrust#2,2097152,32768,3.14063,54617
Thrust#2,2097152,32768,3.14093,53623
Thrust#2,2097152,32768,3.14221,54467
Thrust#2,2097152,32768,3.14119,54715
Thrust#2,2097152,32768,3.14033,53603
Thrust#2,2097152,32768,3.1422,54514
Thrust#2,2097152,32768,3.14165,54674
Thrust#2,2097152,32768,3.14185,53652
Thrust#2,2097152,32768,3.14069,54459
Thrust#2,2097152,32768,3.14284,54726
Thrust#2,2097152,32768,3.14221,53586
Thrust#2,2097152,32768,3.14195,54497
Thrust#2,2097152,32768,3.14239,54614
Thrust#2,2097152,32768,3.14166,53631
Thrust#2,2097152,32768,3.14067,54461
Thrust#2,2097152,32768,3.14058,54836
Thrust#2,2097152,32768,3.14178,53598
Thrust#2,2097152,32768,3.14059,54777
Thrust#2,2097152,32768,3.14019,54464
Thrust#2,2097152,32768,3.13967,54777
Thrust#2,2097152,32768,3.14149,53606
Thrust#2,2097152,32768,3.14072,54498
Thrust#2,2097152,32768,3.14148,54653
Thrust#2,2097152,32768,3.14118,53657
Thrust#2,2097152,32768,3.1437,54435
Thrust#2,2097152,32768,3.14408,54717
Thrust#2,2097152,32768,3.14239,53584
Thrust#2,2097152,32768,3.14269,54489
Thrust#2,2097152,32768,3.14311,55009
Thrust#2,2097152,32768,3.14178,53560
Thrust#2,2097152,32768,3.14114,54455
Thrust#2,2097152,32768,3.13946,54716
Thrust#2,2097152,32768,3.14239,53609
Thrust#2,2097152,32768,3.14282,54498
Thrust#2,2097152,32768,3.14099,53989
Thrust#2,2097152,32768,3.14025,53495
Thrust#2,2097152,32768,3.14241,54475
Thrust#2,2097152,32768,3.14305,54731
Thrust#2,2097152,32768,3.14054,53573
Thrust#2,2097152,32768,3.14132,54499
Thrust#2,2097152,32768,3.13922,55044
Thrust#2,2097152,32768,3.14156,53574
Thrust#2,2097152,32768,3.14141,54444
Thrust#2,2097152,32768,3.1412,54709
Thrust#2,2097152,32768,3.142,53601
Thrust#2,2097152,32768,3.14227,54510
Thrust#2,2097152,32768,3.14274,54653
Thrust#2,2097152,32768,3.14289,53598
Thrust#2,2097152,32768,3.14274,54784
Thrust#2,2097152,32768,3.14019,54441
Thrust#2,2097152,32768,3.14278,54662
Thrust#2,2097152,32768,3.1419,53666
Thrust#2,2097152,32768,3.1402,54741
Thrust#2,2097152,32768,3.14231,53620
Thrust#2,2097152,32768,3.14314,54477
Thrust#2,2097152,32768,3.14269,54751
Thrust#2,2097152,32768,3.14148,54608
Thrust#2,2097152,32768,3.14198,53648
Thrust#2,2097152,32768,3.14307,54815
Thrust#2,2097152,32768,3.14193,54381
Thrust#2,4194304,1,3.14157,96453
Thrust#2,4194304,1,3.14146,96128
Thrust#2,4194304,1,3.14212,96181
Thrust#2,4194304,1,3.14102,96262
Thrust#2,4194304,1,3.14165,96273
Thrust#2,4194304,1,3.14181,96225
Thrust#2,4194304,1,3.14119,95583
Thrust#2,4194304,1,3.14204,96171
Thrust#2,4194304,1,3.14317,96197
Thrust#2,4194304,1,3.14119,96190
Thrust#2,4194304,1,3.1421,96334
Thrust#2,4194304,1,3.1419,96245
Thrust#2,4194304,1,3.14166,96259
Thrust#2,4194304,1,3.14189,96213
Thrust#2,4194304,1,3.1421,96291
Thrust#2,4194304,1,3.14091,96228
Thrust#2,4194304,1,3.14179,95541
Thrust#2,4194304,1,3.14084,96137
Thrust#2,4194304,1,3.14368,96123
Thrust#2,4194304,1,3.14053,96235
Thrust#2,4194304,1,3.14165,96320
Thrust#2,4194304,1,3.14231,96152
Thrust#2,4194304,1,3.14061,96293
Thrust#2,4194304,1,3.14226,96255
Thrust#2,4194304,1,3.14243,96243
Thrust#2,4194304,1,3.1424,96240
Thrust#2,4194304,1,3.1415,96164
Thrust#2,4194304,1,3.14233,95646
Thrust#2,4194304,1,3.14161,96137
Thrust#2,4194304,1,3.14094,96205
Thrust#2,4194304,1,3.14088,96227
Thrust#2,4194304,1,3.14353,96241
Thrust#2,4194304,1,3.14151,96250
Thrust#2,4194304,1,3.14285,96249
Thrust#2,4194304,1,3.1428,96229
Thrust#2,4194304,1,3.14215,96270
Thrust#2,4194304,1,3.14181,96232
Thrust#2,4194304,1,3.14231,95578
Thrust#2,4194304,1,3.14136,96149
Thrust#2,4194304,1,3.14217,96149
Thrust#2,4194304,1,3.14071,96296
Thrust#2,4194304,1,3.14187,96241
Thrust#2,4194304,1,3.14332,96329
Thrust#2,4194304,1,3.14119,96186
Thrust#2,4194304,1,3.1432,96245
Thrust#2,4194304,1,3.14252,96247
Thrust#2,4194304,1,3.14075,96233
Thrust#2,4194304,1,3.1414,96366
Thrust#2,4194304,1,3.141,96249
Thrust#2,4194304,1,3.14163,96215
Thrust#2,4194304,1,3.14135,96166
Thrust#2,4194304,1,3.1398,96216
Thrust#2,4194304,1,3.1414,96242
Thrust#2,4194304,1,3.14175,96143
Thrust#2,4194304,1,3.14113,96256
Thrust#2,4194304,1,3.14339,96229
Thrust#2,4194304,1,3.141,96213
Thrust#2,4194304,1,3.14069,96200
Thrust#2,4194304,1,3.14072,95516
Thrust#2,4194304,1,3.14235,96109
Thrust#2,4194304,1,3.14186,96131
Thrust#2,4194304,1,3.14308,96270
Thrust#2,4194304,1,3.14052,96270
Thrust#2,4194304,1,3.14087,96203
Thrust#2,4194304,1,3.14198,96257
Thrust#2,4194304,1,3.14193,96210
Thrust#2,4194304,1,3.14065,96249
Thrust#2,4194304,1,3.14108,96288
Thrust#2,4194304,1,3.14236,95505
Thrust#2,4194304,1,3.14167,96058
Thrust#2,4194304,1,3.14154,96200
Thrust#2,4194304,1,3.14286,96248
Thrust#2,4194304,1,3.13984,96247
Thrust#2,4194304,1,3.14013,96229
Thrust#2,4194304,1,3.14219,96254
Thrust#2,4194304,1,3.1413,96202
Thrust#2,4194304,1,3.14256,96223
Thrust#2,4194304,1,3.14004,96241
Thrust#2,4194304,1,3.1413,96304
Thrust#2,4194304,1,3.14242,95517
Thrust#2,4194304,1,3.14115,96123
Thrust#2,4194304,1,3.14203,96180
Thrust#2,4194304,1,3.14292,96271
Thrust#2,4194304,1,3.14029,96283
Thrust#2,4194304,1,3.14262,96235
Thrust#2,4194304,1,3.14174,96282
Thrust#2,4194304,1,3.14103,96226
Thrust#2,4194304,1,3.14103,96281
Thrust#2,4194304,1,3.14112,96240
Thrust#2,4194304,1,3.14254,95556
Thrust#2,4194304,1,3.14052,96195
Thrust#2,4194304,1,3.14199,96117
Thrust#2,4194304,1,3.14213,96285
Thrust#2,4194304,1,3.1421,96204
Thrust#2,4194304,1,3.14211,96232
Thrust#2,4194304,1,3.14244,96291
Thrust#2,4194304,1,3.13995,96241
Thrust#2,4194304,1,3.14135,96321
Thrust#2,4194304,1,3.14005,96184
Thrust#2,4194304,1,3.14141,96285
Thrust#2,4194304,2,3.14256,51981
Thrust#2,4194304,2,3.14175,51775
Thrust#2,4194304,2,3.14201,51906
Thrust#2,4194304,2,3.14293,51798
Thrust#2,4194304,2,3.14097,51741
Thrust#2,4194304,2,3.14243,51802
Thrust#2,4194304,2,3.14076,51788
Thrust#2,4194304,2,3.14058,51766
Thrust#2,4194304,2,3.13994,51786
Thrust#2,4194304,2,3.1429,51798
Thrust#2,4194304,2,3.14226,51785
Thrust#2,4194304,2,3.14156,51800
Thrust#2,4194304,2,3.14196,51754
Thrust#2,4194304,2,3.14286,51838
Thrust#2,4194304,2,3.14291,51759
Thrust#2,4194304,2,3.14291,51786
Thrust#2,4194304,2,3.14163,51757
Thrust#2,4194304,2,3.14102,51772
Thrust#2,4194304,2,3.14131,51003
Thrust#2,4194304,2,3.1412,51649
Thrust#2,4194304,2,3.14046,51776
Thrust#2,4194304,2,3.14097,51776
Thrust#2,4194304,2,3.14151,51874
Thrust#2,4194304,2,3.14146,51768
Thrust#2,4194304,2,3.1423,51711
Thrust#2,4194304,2,3.14133,51770
Thrust#2,4194304,2,3.14251,51756
Thrust#2,4194304,2,3.14096,51831
Thrust#2,4194304,2,3.14096,51789
Thrust#2,4194304,2,3.14181,51805
Thrust#2,4194304,2,3.14231,51789
Thrust#2,4194304,2,3.14123,51057
Thrust#2,4194304,2,3.14202,51620
Thrust#2,4194304,2,3.14144,51772
Thrust#2,4194304,2,3.14122,51850
Thrust#2,4194304,2,3.14048,51817
Thrust#2,4194304,2,3.1428,51700
Thrust#2,4194304,2,3.14127,51020
Thrust#2,4194304,2,3.14091,51689
Thrust#2,4194304,2,3.14025,51751
Thrust#2,4194304,2,3.141,51902
Thrust#2,4194304,2,3.14262,51797
Thrust#2,4194304,2,3.14097,51782
Thrust#2,4194304,2,3.14143,51741
Thrust#2,4194304,2,3.14174,51805
Thrust#2,4194304,2,3.14106,51840
Thrust#2,4194304,2,3.14109,51820
Thrust#2,4194304,2,3.14184,51836
Thrust#2,4194304,2,3.14128,51774
Thrust#2,4194304,2,3.14076,51772
Thrust#2,4194304,2,3.14089,51702
Thrust#2,4194304,2,3.14151,51812
Thrust#2,4194304,2,3.13964,51725
Thrust#2,4194304,2,3.14127,51786
Thrust#2,4194304,2,3.14107,51815
Thrust#2,4194304,2,3.14238,51782
Thrust#2,4194304,2,3.14234,51766
Thrust#2,4194304,2,3.14222,51098
Thrust#2,4194304,2,3.14161,51673
Thrust#2,4194304,2,3.14195,51771
Thrust#2,4194304,2,3.14063,51863
Thrust#2,4194304,2,3.14204,51791
Thrust#2,4194304,2,3.14148,51765
Thrust#2,4194304,2,3.1405,51794
Thrust#2,4194304,2,3.14263,51782
Thrust#2,4194304,2,3.14057,51778
Thrust#2,4194304,2,3.1415,51778
Thrust#2,4194304,2,3.14213,51810
Thrust#2,4194304,2,3.14056,51741
Thrust#2,4194304,2,3.14178,51776
Thrust#2,4194304,2,3.14077,51779
Thrust#2,4194304,2,3.14055,51773
Thrust#2,4194304,2,3.14296,51782
Thrust#2,4194304,2,3.13994,51808
Thrust#2,4194304,2,3.14274,51741
Thrust#2,4194304,2,3.14115,51837
Thrust#2,4194304,2,3.14101,51053
Thrust#2,4194304,2,3.14187,51719
Thrust#2,4194304,2,3.14237,51801
Thrust#2,4194304,2,3.14093,51833
Thrust#2,4194304,2,3.14189,51793
Thrust#2,4194304,2,3.14184,51838
Thrust#2,4194304,2,3.14092,51759
Thrust#2,4194304,2,3.14239,51787
Thrust#2,4194304,2,3.14089,51751
Thrust#2,4194304,2,3.14155,51822
Thrust#2,4194304,2,3.14111,51777
Thrust#2,4194304,2,3.14236,51762
Thrust#2,4194304,2,3.1408,51745
Thrust#2,4194304,2,3.14294,51806
Thrust#2,4194304,2,3.14134,51814
Thrust#2,4194304,2,3.14163,51872
Thrust#2,4194304,2,3.14163,51706
Thrust#2,4194304,2,3.14242,51816
Thrust#2,4194304,2,3.14214,51761
Thrust#2,4194304,2,3.14037,50991
Thrust#2,4194304,2,3.14066,51754
Thrust#2,4194304,2,3.14159,51784
Thrust#2,4194304,2,3.14209,51764
Thrust#2,4194304,2,3.14335,51758
Thrust#2,4194304,4,3.13995,29532
Thrust#2,4194304,4,3.14066,29547
Thrust#2,4194304,4,3.14184,28457
Thrust#2,4194304,4,3.14115,29430
Thrust#2,4194304,4,3.14098,28389
Thrust#2,4194304,4,3.14114,29396
Thrust#2,4194304,4,3.1403,28431
Thrust#2,4194304,4,3.14276,29471
Thrust#2,4194304,4,3.14213,28393
Thrust#2,4194304,4,3.14227,29435
Thrust#2,4194304,4,3.14144,28441
Thrust#2,4194304,4,3.14274,29491
Thrust#2,4194304,4,3.14171,28381
Thrust#2,4194304,4,3.14295,29405
Thrust#2,4194304,4,3.14161,28390
Thrust#2,4194304,4,3.14164,29426
Thrust#2,4194304,4,3.14329,28403
Thrust#2,4194304,4,3.14077,29452
Thrust#2,4194304,4,3.14288,28418
Thrust#2,4194304,4,3.1411,29488
Thrust#2,4194304,4,3.14107,28417
Thrust#2,4194304,4,3.14195,29420
Thrust#2,4194304,4,3.14062,28394
Thrust#2,4194304,4,3.14097,29477
Thrust#2,4194304,4,3.14174,28422
Thrust#2,4194304,4,3.14023,29514
Thrust#2,4194304,4,3.14098,28436
Thrust#2,4194304,4,3.1411,29490
Thrust#2,4194304,4,3.1429,28406
Thrust#2,4194304,4,3.14241,29459
Thrust#2,4194304,4,3.14123,28382
Thrust#2,4194304,4,3.14178,29517
Thrust#2,4194304,4,3.14238,28407
Thrust#2,4194304,4,3.14066,29414
Thrust#2,4194304,4,3.14147,28408
Thrust#2,4194304,4,3.14101,29423
Thrust#2,4194304,4,3.14013,28448
Thrust#2,4194304,4,3.14151,29418
Thrust#2,4194304,4,3.14249,28412
Thrust#2,4194304,4,3.14233,29467
Thrust#2,4194304,4,3.14138,28440
Thrust#2,4194304,4,3.14117,29420
Thrust#2,4194304,4,3.14169,28381
Thrust#2,4194304,4,3.1422,29482
Thrust#2,4194304,4,3.14031,28423
Thrust#2,4194304,4,3.14235,29453
Thrust#2,4194304,4,3.14121,28437
Thrust#2,4194304,4,3.14214,29467
Thrust#2,4194304,4,3.14239,28420
Thrust#2,4194304,4,3.1417,29449
Thrust#2,4194304,4,3.14118,28398
Thrust#2,4194304,4,3.14051,29489
Thrust#2,4194304,4,3.14233,28379
Thrust#2,4194304,4,3.1413,29453
Thrust#2,4194304,4,3.14093,28359
Thrust#2,4194304,4,3.14224,29473
Thrust#2,4194304,4,3.14209,28420
Thrust#2,4194304,4,3.14118,29410
Thrust#2,4194304,4,3.14157,28384
Thrust#2,4194304,4,3.14242,29460
Thrust#2,4194304,4,3.14112,28773
Thrust#2,4194304,4,3.14136,29470
Thrust#2,4194304,4,3.14196,28404
Thrust#2,4194304,4,3.14247,29521
Thrust#2,4194304,4,3.14162,28420
Thrust#2,4194304,4,3.14145,29430
Thrust#2,4194304,4,3.14145,28427
Thrust#2,4194304,4,3.14213,29445
Thrust#2,4194304,4,3.14121,28407
Thrust#2,4194304,4,3.14256,29466
Thrust#2,4194304,4,3.14189,28417
Thrust#2,4194304,4,3.14307,29446
Thrust#2,4194304,4,3.14093,28401
Thrust#2,4194304,4,3.14241,29402
Thrust#2,4194304,4,3.14192,28392
Thrust#2,4194304,4,3.14182,29473
Thrust#2,4194304,4,3.14129,28418
Thrust#2,4194304,4,3.14079,29455
Thrust#2,4194304,4,3.14125,28433
Thrust#2,4194304,4,3.13992,29458
Thrust#2,4194304,4,3.14254,28401
Thrust#2,4194304,4,3.14205,29430
Thrust#2,4194304,4,3.14162,28443
Thrust#2,4194304,4,3.13989,29480
Thrust#2,4194304,4,3.14167,28457
Thrust#2,4194304,4,3.14201,29421
Thrust#2,4194304,4,3.14273,28420
Thrust#2,4194304,4,3.14155,29470
Thrust#2,4194304,4,3.14117,28448
Thrust#2,4194304,4,3.14294,29380
Thrust#2,4194304,4,3.1429,28442
Thrust#2,4194304,4,3.14197,29494
Thrust#2,4194304,4,3.1416,28445
Thrust#2,4194304,4,3.14212,29455
Thrust#2,4194304,4,3.14347,28785
Thrust#2,4194304,4,3.14127,29511
Thrust#2,4194304,4,3.14057,28380
Thrust#2,4194304,4,3.1416,29469
Thrust#2,4194304,4,3.1425,28392
Thrust#2,4194304,4,3.14026,29422
Thrust#2,4194304,8,3.1416,18170
Thrust#2,4194304,8,3.14093,18068
Thrust#2,4194304,8,3.14162,19211
Thrust#2,4194304,8,3.14191,18235
Thrust#2,4194304,8,3.14083,19155
Thrust#2,4194304,8,3.14079,18318
Thrust#2,4194304,8,3.14198,19163
Thrust#2,4194304,8,3.14184,18229
Thrust#2,4194304,8,3.1416,19170
Thrust#2,4194304,8,3.14178,18236
Thrust#2,4194304,8,3.142,19191
Thrust#2,4194304,8,3.14203,18255
Thrust#2,4194304,8,3.14116,19141
Thrust#2,4194304,8,3.13994,18253
Thrust#2,4194304,8,3.1426,19187
Thrust#2,4194304,8,3.14256,18262
Thrust#2,4194304,8,3.14136,19131
Thrust#2,4194304,8,3.14128,18256
Thrust#2,4194304,8,3.14209,19184
Thrust#2,4194304,8,3.14125,18239
Thrust#2,4194304,8,3.14037,19155
Thrust#2,4194304,8,3.14138,18254
Thrust#2,4194304,8,3.14107,19201
Thrust#2,4194304,8,3.14167,18271
Thrust#2,4194304,8,3.14202,19135
Thrust#2,4194304,8,3.14205,18280
Thrust#2,4194304,8,3.14123,19169
Thrust#2,4194304,8,3.14202,18306
Thrust#2,4194304,8,3.14031,19173
Thrust#2,4194304,8,3.14172,18256
Thrust#2,4194304,8,3.14212,19213
Thrust#2,4194304,8,3.14141,18262
Thrust#2,4194304,8,3.1412,19181
Thrust#2,4194304,8,3.14163,18246
Thrust#2,4194304,8,3.14043,19184
Thrust#2,4194304,8,3.14151,18264
Thrust#2,4194304,8,3.14209,19144
Thrust#2,4194304,8,3.14173,18273
Thrust#2,4194304,8,3.1407,19188
Thrust#2,4194304,8,3.14167,18263
Thrust#2,4194304,8,3.13987,19165
Thrust#2,4194304,8,3.14056,18252
Thrust#2,4194304,8,3.14178,19176
Thrust#2,4194304,8,3.14167,18259
Thrust#2,4194304,8,3.14233,19150
Thrust#2,4194304,8,3.14202,18528
Thrust#2,4194304,8,3.14301,19242
Thrust#2,4194304,8,3.14201,18269
Thrust#2,4194304,8,3.14109,19163
Thrust#2,4194304,8,3.14242,18231
Thrust#2,4194304,8,3.14057,19181
Thrust#2,4194304,8,3.14116,18265
Thrust#2,4194304,8,3.14294,19171
Thrust#2,4194304,8,3.14194,18255
Thrust#2,4194304,8,3.14089,19190
Thrust#2,4194304,8,3.14102,18321
Thrust#2,4194304,8,3.14239,19197
Thrust#2,4194304,8,3.14245,18262
Thrust#2,4194304,8,3.14236,19192
Thrust#2,4194304,8,3.14125,18277
Thrust#2,4194304,8,3.1409,19169
Thrust#2,4194304,8,3.14185,18284
Thrust#2,4194304,8,3.14114,19192
Thrust#2,4194304,8,3.14149,18267
Thrust#2,4194304,8,3.14175,19143
Thrust#2,4194304,8,3.14237,18270
Thrust#2,4194304,8,3.14146,19179
Thrust#2,4194304,8,3.14315,18288
Thrust#2,4194304,8,3.14261,19144
Thrust#2,4194304,8,3.1414,18299
Thrust#2,4194304,8,3.14139,19174
Thrust#2,4194304,8,3.1408,18303
Thrust#2,4194304,8,3.14175,19133
Thrust#2,4194304,8,3.14193,18272
Thrust#2,4194304,8,3.14148,19228
Thrust#2,4194304,8,3.14141,18227
Thrust#2,4194304,8,3.14156,19146
Thrust#2,4194304,8,3.1413,18283
Thrust#2,4194304,8,3.1429,19189
Thrust#2,4194304,8,3.14217,18283
Thrust#2,4194304,8,3.14237,19121
Thrust#2,4194304,8,3.14216,18284
Thrust#2,4194304,8,3.1414,19177
Thrust#2,4194304,8,3.14119,18233
Thrust#2,4194304,8,3.14087,19150
Thrust#2,4194304,8,3.14067,18257
Thrust#2,4194304,8,3.14267,19232
Thrust#2,4194304,8,3.14162,18293
Thrust#2,4194304,8,3.14094,19148
Thrust#2,4194304,8,3.14214,18274
Thrust#2,4194304,8,3.14044,19195
Thrust#2,4194304,8,3.14205,18263
Thrust#2,4194304,8,3.14189,19141
Thrust#2,4194304,8,3.14255,18257
Thrust#2,4194304,8,3.14163,19362
Thrust#2,4194304,8,3.1407,19267
Thrust#2,4194304,8,3.14194,18168
Thrust#2,4194304,8,3.14181,18051
Thrust#2,4194304,8,3.14115,19260
Thrust#2,4194304,8,3.14289,18236
Thrust#2,4194304,16,3.1411,14201
Thrust#2,4194304,16,3.14166,13094
Thrust#2,4194304,16,3.14182,13058
Thrust#2,4194304,16,3.14302,14167
Thrust#2,4194304,16,3.14134,13238
Thrust#2,4194304,16,3.14221,13060
Thrust#2,4194304,16,3.14227,14132
Thrust#2,4194304,16,3.14036,13230
Thrust#2,4194304,16,3.14326,13045
Thrust#2,4194304,16,3.14186,14177
Thrust#2,4194304,16,3.14063,13251
Thrust#2,4194304,16,3.14097,13034
Thrust#2,4194304,16,3.14239,13069
Thrust#2,4194304,16,3.14326,14132
Thrust#2,4194304,16,3.14139,13276
Thrust#2,4194304,16,3.14244,14186
Thrust#2,4194304,16,3.14236,13236
Thrust#2,4194304,16,3.14245,14148
Thrust#2,4194304,16,3.14265,13160
Thrust#2,4194304,16,3.14259,13018
Thrust#2,4194304,16,3.14031,13046
Thrust#2,4194304,16,3.14267,14196
Thrust#2,4194304,16,3.14198,13200
Thrust#2,4194304,16,3.14196,13071
Thrust#2,4194304,16,3.14432,14148
Thrust#2,4194304,16,3.14239,13245
Thrust#2,4194304,16,3.14008,13058
Thrust#2,4194304,16,3.14051,14185
Thrust#2,4194304,16,3.14193,13232
Thrust#2,4194304,16,3.14147,13071
Thrust#2,4194304,16,3.1397,14162
Thrust#2,4194304,16,3.1408,13245
Thrust#2,4194304,16,3.13976,13048
Thrust#2,4194304,16,3.14136,13067
Thrust#2,4194304,16,3.14155,14430
Thrust#2,4194304,16,3.14071,13059
Thrust#2,4194304,16,3.14046,14148
Thrust#2,4194304,16,3.14209,13246
Thrust#2,4194304,16,3.14293,14165
Thrust#2,4194304,16,3.14221,13136
Thrust#2,4194304,16,3.14116,13024
Thrust#2,4194304,16,3.14196,13060
Thrust#2,4194304,16,3.1413,14190
Thrust#2,4194304,16,3.14196,13251
Thrust#2,4194304,16,3.14165,13065
Thrust#2,4194304,16,3.1421,14141
Thrust#2,4194304,16,3.14036,13247
Thrust#2,4194304,16,3.1416,13042
Thrust#2,4194304,16,3.14206,14217
Thrust#2,4194304,16,3.14176,13252
Thrust#2,4194304,16,3.14247,13066
Thrust#2,4194304,16,3.14233,14135
Thrust#2,4194304,16,3.14067,13266
Thrust#2,4194304,16,3.14246,13071
Thrust#2,4194304,16,3.14224,14235
Thrust#2,4194304,16,3.14235,13213
Thrust#2,4194304,16,3.14098,13060
Thrust#2,4194304,16,3.14039,14155
Thrust#2,4194304,16,3.14154,13246
Thrust#2,4194304,16,3.14139,14175
Thrust#2,4194304,16,3.14091,13133
Thrust#2,4194304,16,3.1427,13037
Thrust#2,4194304,16,3.14121,13061
Thrust#2,4194304,16,3.1412,14187
Thrust#2,4194304,16,3.14148,13208
Thrust#2,4194304,16,3.14114,13054
Thrust#2,4194304,16,3.14335,14144
Thrust#2,4194304,16,3.142,13224
Thrust#2,4194304,16,3.14157,13063
Thrust#2,4194304,16,3.14146,14180
Thrust#2,4194304,16,3.14093,13215
Thrust#2,4194304,16,3.14164,13084
Thrust#2,4194304,16,3.14302,14224
Thrust#2,4194304,16,3.14107,13282
Thrust#2,4194304,16,3.14193,13052
Thrust#2,4194304,16,3.14136,14178
Thrust#2,4194304,16,3.14114,13242
Thrust#2,4194304,16,3.14079,13068
Thrust#2,4194304,16,3.14144,14153
Thrust#2,4194304,16,3.14122,13215
Thrust#2,4194304,16,3.14395,14176
Thrust#2,4194304,16,3.14141,13193
Thrust#2,4194304,16,3.14201,13020
Thrust#2,4194304,16,3.14185,13067
Thrust#2,4194304,16,3.14223,14178
Thrust#2,4194304,16,3.14133,13248
Thrust#2,4194304,16,3.14177,13065
Thrust#2,4194304,16,3.14117,14165
Thrust#2,4194304,16,3.14088,13243
Thrust#2,4194304,16,3.14222,13040
Thrust#2,4194304,16,3.14304,14205
Thrust#2,4194304,16,3.14103,13284
Thrust#2,4194304,16,3.14179,13060
Thrust#2,4194304,16,3.1418,14138
Thrust#2,4194304,16,3.14277,13235
Thrust#2,4194304,16,3.14218,13064
Thrust#2,4194304,16,3.14199,14177
Thrust#2,4194304,16,3.14209,13217
Thrust#2,4194304,16,3.14089,13065
Thrust#2,4194304,16,3.14053,14174
Thrust#2,4194304,32,3.14198,10822
Thrust#2,4194304,32,3.14157,10661
Thrust#2,4194304,32,3.14104,11758
Thrust#2,4194304,32,3.14198,10804
Thrust#2,4194304,32,3.14176,10628
Thrust#2,4194304,32,3.14195,10644
Thrust#2,4194304,32,3.14086,11726
Thrust#2,4194304,32,3.14018,10809
Thrust#2,4194304,32,3.13997,10598
Thrust#2,4194304,32,3.14168,11823
Thrust#2,4194304,32,3.14225,10736
Thrust#2,4194304,32,3.14235,10611
Thrust#2,4194304,32,3.14124,10615
Thrust#2,4194304,32,3.14206,10646
Thrust#2,4194304,32,3.14097,11760
Thrust#2,4194304,32,3.14182,10803
Thrust#2,4194304,32,3.14119,10595
Thrust#2,4194304,32,3.14093,11780
Thrust#2,4194304,32,3.14213,10744
Thrust#2,4194304,32,3.13952,10604
Thrust#2,4194304,32,3.14115,10613
Thrust#2,4194304,32,3.14224,10659
Thrust#2,4194304,32,3.14124,11718
Thrust#2,4194304,32,3.14149,10823
Thrust#2,4194304,32,3.14156,10621
Thrust#2,4194304,32,3.14072,10636
Thrust#2,4194304,32,3.14143,11821
Thrust#2,4194304,32,3.14146,10742
Thrust#2,4194304,32,3.14156,10617
Thrust#2,4194304,32,3.14062,11738
Thrust#2,4194304,32,3.14055,10761
Thrust#2,4194304,32,3.1417,10615
Thrust#2,4194304,32,3.14148,10621
Thrust#2,4194304,32,3.14154,10643
Thrust#2,4194304,32,3.14176,11836
Thrust#2,4194304,32,3.14222,10839
Thrust#2,4194304,32,3.14221,10639
Thrust#2,4194304,32,3.14226,10650
Thrust#2,4194304,32,3.1425,11730
Thrust#2,4194304,32,3.14152,10826
Thrust#2,4194304,32,3.14177,10632
Thrust#2,4194304,32,3.14271,11782
Thrust#2,4194304,32,3.14105,10765
Thrust#2,4194304,32,3.14129,10614
Thrust#2,4194304,32,3.14147,10626
Thrust#2,4194304,32,3.14122,10635
Thrust#2,4194304,32,3.14189,11714
Thrust#2,4194304,32,3.14205,10855
Thrust#2,4194304,32,3.14078,10617
Thrust#2,4194304,32,3.14155,10649
Thrust#2,4194304,32,3.14188,11777
Thrust#2,4194304,32,3.14017,10817
Thrust#2,4194304,32,3.14204,10633
Thrust#2,4194304,32,3.14212,11749
Thrust#2,4194304,32,3.14124,10735
Thrust#2,4194304,32,3.14093,10602
Thrust#2,4194304,32,3.14121,10814
Thrust#2,4194304,32,3.1413,10929
Thrust#2,4194304,32,3.14199,11716
Thrust#2,4194304,32,3.14116,10804
Thrust#2,4194304,32,3.14117,10621
Thrust#2,4194304,32,3.14058,11740
Thrust#2,4194304,32,3.14213,10756
Thrust#2,4194304,32,3.14124,10622
Thrust#2,4194304,32,3.14127,10620
Thrust#2,4194304,32,3.14036,10643
Thrust#2,4194304,32,3.14089,11824
Thrust#2,4194304,32,3.14189,10804
Thrust#2,4194304,32,3.14262,10627
Thrust#2,4194304,32,3.14176,10645
Thrust#2,4194304,32,3.1417,11744
Thrust#2,4194304,32,3.14151,10850
Thrust#2,4194304,32,3.14135,10629
Thrust#2,4194304,32,3.14274,11775
Thrust#2,4194304,32,3.14134,10747
Thrust#2,4194304,32,3.14076,10625
Thrust#2,4194304,32,3.14132,10610
Thrust#2,4194304,32,3.14186,10656
Thrust#2,4194304,32,3.14194,11728
Thrust#2,4194304,32,3.14223,10806
Thrust#2,4194304,32,3.14086,10629
Thrust#2,4194304,32,3.14122,10645
Thrust#2,4194304,32,3.14225,11782
Thrust#2,4194304,32,3.14191,10796
Thrust#2,4194304,32,3.14092,10629
Thrust#2,4194304,32,3.14063,11721
Thrust#2,4194304,32,3.14084,10716
Thrust#2,4194304,32,3.14122,10622
Thrust#2,4194304,32,3.14145,10616
Thrust#2,4194304,32,3.14193,10639
Thrust#2,4194304,32,3.14128,11756
Thrust#2,4194304,32,3.14216,10835
Thrust#2,4194304,32,3.14199,10620
Thrust#2,4194304,32,3.14235,11739
Thrust#2,4194304,32,3.14272,10727
Thrust#2,4194304,32,3.14161,10590
Thrust#2,4194304,32,3.14277,10636
Thrust#2,4194304,32,3.14015,10639
Thrust#2,4194304,32,3.1426,11805
Thrust#2,4194304,32,3.1423,10772
Thrust#2,4194304,64,3.14173,9478
Thrust#2,4194304,64,3.14095,9473
Thrust#2,4194304,64,3.14131,10583
Thrust#2,4194304,64,3.1406,9655
Thrust#2,4194304,64,3.14156,9461
Thrust#2,4194304,64,3.14217,9482
Thrust#2,4194304,64,3.14189,10615
Thrust#2,4194304,64,3.14144,9670
Thrust#2,4194304,64,3.14178,9470
Thrust#2,4194304,64,3.14071,9489
Thrust#2,4194304,64,3.14223,9489
Thrust#2,4194304,64,3.14228,10565
Thrust#2,4194304,64,3.14146,9692
Thrust#2,4194304,64,3.1405,9489
Thrust#2,4194304,64,3.14283,10596
Thrust#2,4194304,64,3.14019,9659
Thrust#2,4194304,64,3.14107,9450
Thrust#2,4194304,64,3.14159,9490
Thrust#2,4194304,64,3.1426,10582
Thrust#2,4194304,64,3.14221,9652
Thrust#2,4194304,64,3.14077,9483
Thrust#2,4194304,64,3.1409,9481
Thrust#2,4194304,64,3.14226,9444
Thrust#2,4194304,64,3.14087,10597
Thrust#2,4194304,64,3.14156,9656
Thrust#2,4194304,64,3.14165,9502
Thrust#2,4194304,64,3.14072,10567
Thrust#2,4194304,64,3.14232,9663
Thrust#2,4194304,64,3.14206,9452
Thrust#2,4194304,64,3.14178,9481
Thrust#2,4194304,64,3.14008,10589
Thrust#2,4194304,64,3.14144,9672
Thrust#2,4194304,64,3.14241,9445
Thrust#2,4194304,64,3.14139,9469
Thrust#2,4194304,64,3.14095,9461
Thrust#2,4194304,64,3.14114,10579
Thrust#2,4194304,64,3.14136,9681
Thrust#2,4194304,64,3.14198,9510
Thrust#2,4194304,64,3.14121,10574
Thrust#2,4194304,64,3.14232,9696
Thrust#2,4194304,64,3.14372,9451
Thrust#2,4194304,64,3.14059,10586
Thrust#2,4194304,64,3.14108,9576
Thrust#2,4194304,64,3.1424,9441
Thrust#2,4194304,64,3.14166,9467
Thrust#2,4194304,64,3.14065,9476
Thrust#2,4194304,64,3.14076,9484
Thrust#2,4194304,64,3.14183,10594
Thrust#2,4194304,64,3.14192,9679
Thrust#2,4194304,64,3.14356,9488
Thrust#2,4194304,64,3.14258,10576
Thrust#2,4194304,64,3.14235,9657
Thrust#2,4194304,64,3.14156,9469
Thrust#2,4194304,64,3.1405,10648
Thrust#2,4194304,64,3.14048,9577
Thrust#2,4194304,64,3.14126,9467
Thrust#2,4194304,64,3.14071,9443
Thrust#2,4194304,64,3.14134,9475
Thrust#2,4194304,64,3.14164,9455
Thrust#2,4194304,64,3.14146,10659
Thrust#2,4194304,64,3.14106,9686
Thrust#2,4194304,64,3.14249,9485
Thrust#2,4194304,64,3.14086,10577
Thrust#2,4194304,64,3.14082,9673
Thrust#2,4194304,64,3.14179,9471
Thrust#2,4194304,64,3.1407,9471
Thrust#2,4194304,64,3.14203,9478
Thrust#2,4194304,64,3.14203,10573
Thrust#2,4194304,64,3.14106,9659
Thrust#2,4194304,64,3.14246,9482
Thrust#2,4194304,64,3.14274,10572
Thrust#2,4194304,64,3.14154,9664
Thrust#2,4194304,64,3.14269,9474
Thrust#2,4194304,64,3.14142,9511
Thrust#2,4194304,64,3.14199,10599
Thrust#2,4194304,64,3.13987,9691
Thrust#2,4194304,64,3.14111,9457
Thrust#2,4194304,64,3.1428,9501
Thrust#2,4194304,64,3.14152,9453
Thrust#2,4194304,64,3.13983,10559
Thrust#2,4194304,64,3.14218,9655
Thrust#2,4194304,64,3.14065,9511
Thrust#2,4194304,64,3.14238,10566
Thrust#2,4194304,64,3.14053,9695
Thrust#2,4194304,64,3.14098,9441
Thrust#2,4194304,64,3.14067,9506
Thrust#2,4194304,64,3.14069,10608
Thrust#2,4194304,64,3.14229,9679
Thrust#2,4194304,64,3.14111,9470
Thrust#2,4194304,64,3.14111,9492
Thrust#2,4194304,64,3.14305,9476
Thrust#2,4194304,64,3.14211,10576
Thrust#2,4194304,64,3.14209,9660
Thrust#2,4194304,64,3.14266,9500
Thrust#2,4194304,64,3.13986,10584
Thrust#2,4194304,64,3.14248,9659
Thrust#2,4194304,64,3.13991,9457
Thrust#2,4194304,64,3.14229,9506
Thrust#2,4194304,64,3.14193,10699
Thrust#2,4194304,64,3.14217,9463
Thrust#2,4194304,128,3.14234,8959
Thrust#2,4194304,128,3.14145,8987
Thrust#2,4194304,128,3.14136,8985
Thrust#2,4194304,128,3.1416,10116
Thrust#2,4194304,128,3.14204,9165
Thrust#2,4194304,128,3.14261,9012
Thrust#2,4194304,128,3.1417,10062
Thrust#2,4194304,128,3.14119,9190
Thrust#2,4194304,128,3.14131,8956
Thrust#2,4194304,128,3.14079,9000
Thrust#2,4194304,128,3.14217,10074
Thrust#2,4194304,128,3.14207,9191
Thrust#2,4194304,128,3.14111,8972
Thrust#2,4194304,128,3.14156,8993
Thrust#2,4194304,128,3.14088,8959
Thrust#2,4194304,128,3.14211,10078
Thrust#2,4194304,128,3.14149,9188
Thrust#2,4194304,128,3.14067,8992
Thrust#2,4194304,128,3.14095,8965
Thrust#2,4194304,128,3.13981,10122
Thrust#2,4194304,128,3.14034,9168
Thrust#2,4194304,128,3.14144,9002
Thrust#2,4194304,128,3.14262,10079
Thrust#2,4194304,128,3.1418,9180
Thrust#2,4194304,128,3.14154,8977
Thrust#2,4194304,128,3.14261,9023
Thrust#2,4194304,128,3.14193,10069
Thrust#2,4194304,128,3.14152,9237
Thrust#2,4194304,128,3.14242,8972
Thrust#2,4194304,128,3.14186,10109
Thrust#2,4194304,128,3.14153,9082
Thrust#2,4194304,128,3.14239,8975
Thrust#2,4194304,128,3.14182,8986
Thrust#2,4194304,128,3.141,8967
Thrust#2,4194304,128,3.14176,8966
Thrust#2,4194304,128,3.14127,10104
Thrust#2,4194304,128,3.14132,9170
Thrust#2,4194304,128,3.14137,9005
Thrust#2,4194304,128,3.14232,8975
Thrust#2,4194304,128,3.14061,10084
Thrust#2,4194304,128,3.14165,9185
Thrust#2,4194304,128,3.14162,9020
Thrust#2,4194304,128,3.14125,10071
Thrust#2,4194304,128,3.14207,9187
Thrust#2,4194304,128,3.1411,8961
Thrust#2,4194304,128,3.1417,8996
Thrust#2,4194304,128,3.14302,10104
Thrust#2,4194304,128,3.14288,9214
Thrust#2,4194304,128,3.14059,8992
Thrust#2,4194304,128,3.14287,8988
Thrust#2,4194304,128,3.14212,8970
Thrust#2,4194304,128,3.14042,10131
Thrust#2,4194304,128,3.14191,9157
Thrust#2,4194304,128,3.14195,8987
Thrust#2,4194304,128,3.14186,8972
Thrust#2,4194304,128,3.13934,10079
Thrust#2,4194304,128,3.14199,9168
Thrust#2,4194304,128,3.14139,9020
Thrust#2,4194304,128,3.14211,10145
Thrust#2,4194304,128,3.14137,9210
Thrust#2,4194304,128,3.14066,8976
Thrust#2,4194304,128,3.14174,9010
Thrust#2,4194304,128,3.14244,10085
Thrust#2,4194304,128,3.14167,9157
Thrust#2,4194304,128,3.14164,8972
Thrust#2,4194304,128,3.14152,8979
Thrust#2,4194304,128,3.14123,8950
Thrust#2,4194304,128,3.14174,10121
Thrust#2,4194304,128,3.14288,9177
Thrust#2,4194304,128,3.1417,8988
Thrust#2,4194304,128,3.14155,8984
Thrust#2,4194304,128,3.14178,10079
Thrust#2,4194304,128,3.14139,9173
Thrust#2,4194304,128,3.14263,8997
Thrust#2,4194304,128,3.14234,10083
Thrust#2,4194304,128,3.14065,9203
Thrust#2,4194304,128,3.14143,8974
Thrust#2,4194304,128,3.1407,8988
Thrust#2,4194304,128,3.1432,10060
Thrust#2,4194304,128,3.1407,9161
Thrust#2,4194304,128,3.14112,8974
Thrust#2,4194304,128,3.14217,8995
Thrust#2,4194304,128,3.13968,8977
Thrust#2,4194304,128,3.14225,10127
Thrust#2,4194304,128,3.142,9194
Thrust#2,4194304,128,3.14181,9005
Thrust#2,4194304,128,3.14147,8968
Thrust#2,4194304,128,3.14193,10062
Thrust#2,4194304,128,3.14144,9162
Thrust#2,4194304,128,3.14107,8992
Thrust#2,4194304,128,3.14118,10086
Thrust#2,4194304,128,3.14304,9213
Thrust#2,4194304,128,3.14174,8969
Thrust#2,4194304,128,3.14309,8986
Thrust#2,4194304,128,3.14322,10062
Thrust#2,4194304,128,3.1416,9181
Thrust#2,4194304,128,3.14202,8967
Thrust#2,4194304,128,3.14201,10129
Thrust#2,4194304,128,3.14125,9120
Thrust#2,4194304,128,3.14319,8974
Thrust#2,4194304,256,3.14152,8728
Thrust#2,4194304,256,3.14335,8761
Thrust#2,4194304,256,3.14137,8738
Thrust#2,4194304,256,3.14332,9881
Thrust#2,4194304,256,3.14342,8927
Thrust#2,4194304,256,3.1406,8785
Thrust#2,4194304,256,3.14095,8738
Thrust#2,4194304,256,3.14107,9833
Thrust#2,4194304,256,3.14175,8953
Thrust#2,4194304,256,3.14127,8778
Thrust#2,4194304,256,3.13978,9836
Thrust#2,4194304,256,3.14101,8910
Thrust#2,4194304,256,3.14067,8721
Thrust#2,4194304,256,3.14159,8737
Thrust#2,4194304,256,3.14343,9925
Thrust#2,4194304,256,3.13999,8873
Thrust#2,4194304,256,3.14111,8732
Thrust#2,4194304,256,3.14103,8762
Thrust#2,4194304,256,3.14206,8740
Thrust#2,4194304,256,3.14198,8753
Thrust#2,4194304,256,3.14294,9842
Thrust#2,4194304,256,3.14079,8961
Thrust#2,4194304,256,3.14114,8774
Thrust#2,4194304,256,3.14164,9875
Thrust#2,4194304,256,3.14288,8949
Thrust#2,4194304,256,3.14125,8739
Thrust#2,4194304,256,3.14138,8756
Thrust#2,4194304,256,3.14177,9844
Thrust#2,4194304,256,3.14136,8920
Thrust#2,4194304,256,3.14168,8736
Thrust#2,4194304,256,3.14276,8790
Thrust#2,4194304,256,3.13952,9894
Thrust#2,4194304,256,3.1397,8928
Thrust#2,4194304,256,3.14161,8739
Thrust#2,4194304,256,3.14079,8769
Thrust#2,4194304,256,3.14284,8739
Thrust#2,4194304,256,3.13982,9846
Thrust#2,4194304,256,3.14148,8950
Thrust#2,4194304,256,3.14261,8809
Thrust#2,4194304,256,3.14135,8744
Thrust#2,4194304,256,3.14142,9871
Thrust#2,4194304,256,3.14229,8941
Thrust#2,4194304,256,3.14048,8785
Thrust#2,4194304,256,3.14193,9879
Thrust#2,4194304,256,3.14149,8916
Thrust#2,4194304,256,3.14151,8739
Thrust#2,4194304,256,3.14095,8777
Thrust#2,4194304,256,3.14069,9878
Thrust#2,4194304,256,3.14208,8859
Thrust#2,4194304,256,3.14049,8709
Thrust#2,4194304,256,3.1417,8768
Thrust#2,4194304,256,3.14196,8768
Thrust#2,4194304,256,3.14147,8744
Thrust#2,4194304,256,3.14215,9883
Thrust#2,4194304,256,3.14174,8928
Thrust#2,4194304,256,3.14061,8742
Thrust#2,4194304,256,3.14104,9859
Thrust#2,4194304,256,3.14029,8888
Thrust#2,4194304,256,3.14064,8777
Thrust#2,4194304,256,3.1423,8756
Thrust#2,4194304,256,3.14264,9881
Thrust#2,4194304,256,3.14219,8895
Thrust#2,4194304,256,3.1426,8784
Thrust#2,4194304,256,3.14272,8760
Thrust#2,4194304,256,3.14168,9909
Thrust#2,4194304,256,3.14249,8959
Thrust#2,4194304,256,3.14111,8798
Thrust#2,4194304,256,3.14056,9944
Thrust#2,4194304,256,3.1402,8941
Thrust#2,4194304,256,3.14284,8744
Thrust#2,4194304,256,3.14218,8734
Thrust#2,4194304,256,3.14162,8769
Thrust#2,4194304,256,3.14272,8753
Thrust#2,4194304,256,3.14286,9865
Thrust#2,4194304,256,3.14268,8944
Thrust#2,4194304,256,3.14353,8796
Thrust#2,4194304,256,3.14109,9854
Thrust#2,4194304,256,3.14092,8936
Thrust#2,4194304,256,3.14079,8739
Thrust#2,4194304,256,3.14102,8773
Thrust#2,4194304,256,3.14003,9878
Thrust#2,4194304,256,3.14205,8970
Thrust#2,4194304,256,3.14122,8730
Thrust#2,4194304,256,3.14111,8784
Thrust#2,4194304,256,3.14179,9878
Thrust#2,4194304,256,3.14075,8924
Thrust#2,4194304,256,3.14215,8761
Thrust#2,4194304,256,3.1414,8772
Thrust#2,4194304,256,3.14081,8737
Thrust#2,4194304,256,3.14133,9921
Thrust#2,4194304,256,3.14179,8937
Thrust#2,4194304,256,3.14103,8784
Thrust#2,4194304,256,3.14162,8754
Thrust#2,4194304,256,3.14137,9849
Thrust#2,4194304,256,3.1415,8943
Thrust#2,4194304,256,3.14096,8772
Thrust#2,4194304,256,3.14175,8762
Thrust#2,4194304,256,3.14114,9897
Thrust#2,4194304,256,3.14081,8955
Thrust#2,4194304,256,3.14027,8796
Thrust#2,4194304,512,3.14217,10083
Thrust#2,4194304,512,3.14118,9158
Thrust#2,4194304,512,3.14209,8964
Thrust#2,4194304,512,3.14252,9019
Thrust#2,4194304,512,3.14057,10063
Thrust#2,4194304,512,3.14142,9203
Thrust#2,4194304,512,3.14214,8961
Thrust#2,4194304,512,3.14126,9012
Thrust#2,4194304,512,3.1405,8979
Thrust#2,4194304,512,3.14022,10054
Thrust#2,4194304,512,3.14178,9165
Thrust#2,4194304,512,3.14037,8984
Thrust#2,4194304,512,3.14074,8960
Thrust#2,4194304,512,3.14085,10058
Thrust#2,4194304,512,3.14189,9139
Thrust#2,4194304,512,3.14284,8961
Thrust#2,4194304,512,3.14244,10068
Thrust#2,4194304,512,3.14125,9180
Thrust#2,4194304,512,3.14212,8965
Thrust#2,4194304,512,3.14076,8971
Thrust#2,4194304,512,3.14182,10062
Thrust#2,4194304,512,3.1417,9215
Thrust#2,4194304,512,3.14011,8968
Thrust#2,4194304,512,3.14198,8974
Thrust#2,4194304,512,3.14131,8966
Thrust#2,4194304,512,3.14172,10032
Thrust#2,4194304,512,3.14229,9158
Thrust#2,4194304,512,3.14085,8985
Thrust#2,4194304,512,3.14145,8959
Thrust#2,4194304,512,3.14045,10106
Thrust#2,4194304,512,3.1414,9151
Thrust#2,4194304,512,3.14298,8972
Thrust#2,4194304,512,3.13972,10083
Thrust#2,4194304,512,3.14289,9144
Thrust#2,4194304,512,3.14047,8949
Thrust#2,4194304,512,3.14117,8993
Thrust#2,4194304,512,3.14231,10073
Thrust#2,4194304,512,3.1419,9195
Thrust#2,4194304,512,3.14011,8946
Thrust#2,4194304,512,3.14202,8981
Thrust#2,4194304,512,3.14164,10089
Thrust#2,4194304,512,3.14099,9170
Thrust#2,4194304,512,3.14227,8979
Thrust#2,4194304,512,3.14088,9004
Thrust#2,4194304,512,3.14132,8951
Thrust#2,4194304,512,3.14091,10105
Thrust#2,4194304,512,3.14206,9153
Thrust#2,4194304,512,3.14127,8999
Thrust#2,4194304,512,3.14257,8931
Thrust#2,4194304,512,3.14073,10094
Thrust#2,4194304,512,3.14149,9153
Thrust#2,4194304,512,3.14044,8982
Thrust#2,4194304,512,3.14292,10054
Thrust#2,4194304,512,3.14237,9195
Thrust#2,4194304,512,3.14109,8968
Thrust#2,4194304,512,3.14054,8989
Thrust#2,4194304,512,3.14109,10048
Thrust#2,4194304,512,3.14152,9167
Thrust#2,4194304,512,3.14268,8934
Thrust#2,4194304,512,3.14151,8994
Thrust#2,4194304,512,3.14106,8957
Thrust#2,4194304,512,3.13999,10138
Thrust#2,4194304,512,3.14219,9202
Thrust#2,4194304,512,3.14128,9004
Thrust#2,4194304,512,3.14147,8953
Thrust#2,4194304,512,3.142,10048
Thrust#2,4194304,512,3.13974,9138
Thrust#2,4194304,512,3.14223,9008
Thrust#2,4194304,512,3.14228,10059
Thrust#2,4194304,512,3.1427,9172
Thrust#2,4194304,512,3.14133,8953
Thrust#2,4194304,512,3.14269,9032
Thrust#2,4194304,512,3.14189,10075
Thrust#2,4194304,512,3.14244,9051
Thrust#2,4194304,512,3.14247,8953
Thrust#2,4194304,512,3.14188,9264
Thrust#2,4194304,512,3.14262,9058
Thrust#2,4194304,512,3.14095,10126
Thrust#2,4194304,512,3.14247,9163
Thrust#2,4194304,512,3.1412,9002
Thrust#2,4194304,512,3.14128,8964
Thrust#2,4194304,512,3.14194,10068
Thrust#2,4194304,512,3.1413,9148
Thrust#2,4194304,512,3.14073,8993
Thrust#2,4194304,512,3.14246,10062
Thrust#2,4194304,512,3.14013,9226
Thrust#2,4194304,512,3.14152,8967
Thrust#2,4194304,512,3.14078,8993
Thrust#2,4194304,512,3.14326,10070
Thrust#2,4194304,512,3.14255,9145
Thrust#2,4194304,512,3.14136,8969
Thrust#2,4194304,512,3.14262,10086
Thrust#2,4194304,512,3.14261,9105
Thrust#2,4194304,512,3.14111,8960
Thrust#2,4194304,512,3.14152,8937
Thrust#2,4194304,512,3.14159,9019
Thrust#2,4194304,512,3.14028,8958
Thrust#2,4194304,512,3.14174,10081
Thrust#2,4194304,512,3.14227,9174
Thrust#2,4194304,512,3.14286,8961
Thrust#2,4194304,1024,3.14119,10382
Thrust#2,4194304,1024,3.14143,9442
Thrust#2,4194304,1024,3.14149,9219
Thrust#2,4194304,1024,3.13996,9285
Thrust#2,4194304,1024,3.1429,10371
Thrust#2,4194304,1024,3.1411,9489
Thrust#2,4194304,1024,3.14166,9233
Thrust#2,4194304,1024,3.14186,9260
Thrust#2,4194304,1024,3.14166,9256
Thrust#2,4194304,1024,3.14151,10358
Thrust#2,4194304,1024,3.14044,9445
Thrust#2,4194304,1024,3.14213,9281
Thrust#2,4194304,1024,3.14151,9230
Thrust#2,4194304,1024,3.14003,10368
Thrust#2,4194304,1024,3.14272,9434
Thrust#2,4194304,1024,3.1419,9269
Thrust#2,4194304,1024,3.141,10361
Thrust#2,4194304,1024,3.14128,9438
Thrust#2,4194304,1024,3.14214,9230
Thrust#2,4194304,1024,3.14089,9289
Thrust#2,4194304,1024,3.14126,10367
Thrust#2,4194304,1024,3.14229,9468
Thrust#2,4194304,1024,3.14212,9222
Thrust#2,4194304,1024,3.14135,9290
Thrust#2,4194304,1024,3.14139,9260
Thrust#2,4194304,1024,3.14122,10349
Thrust#2,4194304,1024,3.14216,9477
Thrust#2,4194304,1024,3.14092,9322
Thrust#2,4194304,1024,3.14178,10349
Thrust#2,4194304,1024,3.14243,9485
Thrust#2,4194304,1024,3.14268,9229
Thrust#2,4194304,1024,3.14146,9268
Thrust#2,4194304,1024,3.14171,10360
Thrust#2,4194304,1024,3.14231,9433
Thrust#2,4194304,1024,3.14197,9267
Thrust#2,4194304,1024,3.14152,9282
Thrust#2,4194304,1024,3.14117,9269
Thrust#2,4194304,1024,3.14123,10415
Thrust#2,4194304,1024,3.14031,9471
Thrust#2,4194304,1024,3.14218,9269
Thrust#2,4194304,1024,3.14246,10376
Thrust#2,4194304,1024,3.142,9447
Thrust#2,4194304,1024,3.13987,9234
Thrust#2,4194304,1024,3.14175,9254
Thrust#2,4194304,1024,3.14118,10337
Thrust#2,4194304,1024,3.14164,9465
Thrust#2,4194304,1024,3.14117,9257
Thrust#2,4194304,1024,3.1416,9303
Thrust#2,4194304,1024,3.14251,9263
Thrust#2,4194304,1024,3.14294,10448
Thrust#2,4194304,1024,3.14185,9528
Thrust#2,4194304,1024,3.14185,9287
Thrust#2,4194304,1024,3.14244,9262
Thrust#2,4194304,1024,3.14315,10380
Thrust#2,4194304,1024,3.14182,9452
Thrust#2,4194304,1024,3.14027,9282
Thrust#2,4194304,1024,3.14114,10361
Thrust#2,4194304,1024,3.14225,9448
Thrust#2,4194304,1024,3.13978,9256
Thrust#2,4194304,1024,3.14031,10399
Thrust#2,4194304,1024,3.14127,9384
Thrust#2,4194304,1024,3.14135,9262
Thrust#2,4194304,1024,3.14111,9257
Thrust#2,4194304,1024,3.14151,9288
Thrust#2,4194304,1024,3.14033,9218
Thrust#2,4194304,1024,3.14157,10431
Thrust#2,4194304,1024,3.14177,9460
Thrust#2,4194304,1024,3.14181,9286
Thrust#2,4194304,1024,3.14167,10365
Thrust#2,4194304,1024,3.14164,9427
Thrust#2,4194304,1024,3.1422,9256
Thrust#2,4194304,1024,3.14256,9287
Thrust#2,4194304,1024,3.14146,10345
Thrust#2,4194304,1024,3.13974,9509
Thrust#2,4194304,1024,3.1426,9275
Thrust#2,4194304,1024,3.14247,9263
Thrust#2,4194304,1024,3.14084,9240
Thrust#2,4194304,1024,3.14164,10357
Thrust#2,4194304,1024,3.1424,9481
Thrust#2,4194304,1024,3.14171,9294
Thrust#2,4194304,1024,3.14029,10453
Thrust#2,4194304,1024,3.1415,9518
Thrust#2,4194304,1024,3.14125,9232
Thrust#2,4194304,1024,3.14166,9277
Thrust#2,4194304,1024,3.14148,10367
Thrust#2,4194304,1024,3.14131,9487
Thrust#2,4194304,1024,3.1417,9241
Thrust#2,4194304,1024,3.142,9260
Thrust#2,4194304,1024,3.14072,9248
Thrust#2,4194304,1024,3.1423,10409
Thrust#2,4194304,1024,3.14192,9453
Thrust#2,4194304,1024,3.14148,9256
Thrust#2,4194304,1024,3.14162,9275
Thrust#2,4194304,1024,3.14238,10326
Thrust#2,4194304,1024,3.14072,9447
Thrust#2,4194304,1024,3.1417,9278
Thrust#2,4194304,1024,3.14246,10335
Thrust#2,4194304,1024,3.14189,9466
Thrust#2,4194304,1024,3.14194,9265
Thrust#2,4194304,1024,3.14197,9261
Thrust#2,4194304,2048,3.14098,10949
Thrust#2,4194304,2048,3.14104,12034
Thrust#2,4194304,2048,3.14279,11130
Thrust#2,4194304,2048,3.14174,10946
Thrust#2,4194304,2048,3.14135,12104
Thrust#2,4194304,2048,3.14272,11035
Thrust#2,4194304,2048,3.14172,10859
Thrust#2,4194304,2048,3.14166,10959
Thrust#2,4194304,2048,3.14231,12038
Thrust#2,4194304,2048,3.1418,11095
Thrust#2,4194304,2048,3.14215,10904
Thrust#2,4194304,2048,3.14247,12082
Thrust#2,4194304,2048,3.14207,11104
Thrust#2,4194304,2048,3.14102,10944
Thrust#2,4194304,2048,3.14106,12071
Thrust#2,4194304,2048,3.14185,10993
Thrust#2,4194304,2048,3.14166,10932
Thrust#2,4194304,2048,3.14353,11994
Thrust#2,4194304,2048,3.14164,11045
Thrust#2,4194304,2048,3.14129,10918
Thrust#2,4194304,2048,3.14124,10899
Thrust#2,4194304,2048,3.1409,10948
Thrust#2,4194304,2048,3.14158,12151
Thrust#2,4194304,2048,3.14119,11045
Thrust#2,4194304,2048,3.14208,10880
Thrust#2,4194304,2048,3.14181,10933
Thrust#2,4194304,2048,3.14391,11974
Thrust#2,4194304,2048,3.14243,11066
Thrust#2,4194304,2048,3.14224,10953
Thrust#2,4194304,2048,3.14106,12078
Thrust#2,4194304,2048,3.14073,11134
Thrust#2,4194304,2048,3.14248,10805
Thrust#2,4194304,2048,3.1418,11971
Thrust#2,4194304,2048,3.1414,11049
Thrust#2,4194304,2048,3.14173,10852
Thrust#2,4194304,2048,3.14051,10869
Thrust#2,4194304,2048,3.14147,12038
Thrust#2,4194304,2048,3.1431,11041
Thrust#2,4194304,2048,3.14158,10943
Thrust#2,4194304,2048,3.14181,10850
Thrust#2,4194304,2048,3.14124,10930
Thrust#2,4194304,2048,3.14155,12021
Thrust#2,4194304,2048,3.14058,11168
Thrust#2,4194304,2048,3.14113,10959
Thrust#2,4194304,2048,3.14103,10945
Thrust#2,4194304,2048,3.1428,12004
Thrust#2,4194304,2048,3.14098,11028
Thrust#2,4194304,2048,3.14065,10878
Thrust#2,4194304,2048,3.14247,12060
Thrust#2,4194304,2048,3.14111,11258
Thrust#2,4194304,2048,3.14157,10883
Thrust#2,4194304,2048,3.14187,12054
Thrust#2,4194304,2048,3.14263,11166
Thrust#2,4194304,2048,3.14162,10866
Thrust#2,4194304,2048,3.14078,11984
Thrust#2,4194304,2048,3.14248,11060
Thrust#2,4194304,2048,3.14162,10842
Thrust#2,4194304,2048,3.1403,10885
Thrust#2,4194304,2048,3.14305,10890
Thrust#2,4194304,2048,3.14,12094
Thrust#2,4194304,2048,3.14158,11100
Thrust#2,4194304,2048,3.14121,10819
Thrust#2,4194304,2048,3.14161,10899
Thrust#2,4194304,2048,3.14309,12051
Thrust#2,4194304,2048,3.14111,11071
Thrust#2,4194304,2048,3.14219,10881
Thrust#2,4194304,2048,3.14301,12077
Thrust#2,4194304,2048,3.14028,11015
Thrust#2,4194304,2048,3.14307,10932
Thrust#2,4194304,2048,3.14217,10944
Thrust#2,4194304,2048,3.14066,12087
Thrust#2,4194304,2048,3.1406,11315
Thrust#2,4194304,2048,3.14235,11004
Thrust#2,4194304,2048,3.14369,12057
Thrust#2,4194304,2048,3.14077,10999
Thrust#2,4194304,2048,3.14287,10909
Thrust#2,4194304,2048,3.14223,11936
Thrust#2,4194304,2048,3.14159,10944
Thrust#2,4194304,2048,3.14229,10948
Thrust#2,4194304,2048,3.14221,10937
Thrust#2,4194304,2048,3.1406,10891
Thrust#2,4194304,2048,3.14234,12047
Thrust#2,4194304,2048,3.14064,11078
Thrust#2,4194304,2048,3.14197,10942
Thrust#2,4194304,2048,3.14395,10840
Thrust#2,4194304,2048,3.14132,12080
Thrust#2,4194304,2048,3.14025,10998
Thrust#2,4194304,2048,3.14062,10942
Thrust#2,4194304,2048,3.14199,12124
Thrust#2,4194304,2048,3.14133,11031
Thrust#2,4194304,2048,3.14113,10874
Thrust#2,4194304,2048,3.14026,12029
Thrust#2,4194304,2048,3.14062,11054
Thrust#2,4194304,2048,3.14069,10904
Thrust#2,4194304,2048,3.14184,10864
Thrust#2,4194304,2048,3.14092,10934
Thrust#2,4194304,2048,3.1409,12103
Thrust#2,4194304,2048,3.14234,11055
Thrust#2,4194304,2048,3.14338,11011
Thrust#2,4194304,2048,3.14279,10939
Thrust#2,4194304,4096,3.14277,16142
Thrust#2,4194304,4096,3.14081,17332
Thrust#2,4194304,4096,3.14128,16188
Thrust#2,4194304,4096,3.14177,17350
Thrust#2,4194304,4096,3.14116,16220
Thrust#2,4194304,4096,3.14173,17234
Thrust#2,4194304,4096,3.14131,16168
Thrust#2,4194304,4096,3.14198,16152
Thrust#2,4194304,4096,3.14205,17305
Thrust#2,4194304,4096,3.14164,16197
Thrust#2,4194304,4096,3.1421,16162
Thrust#2,4194304,4096,3.13994,17266
Thrust#2,4194304,4096,3.14195,16166
Thrust#2,4194304,4096,3.14215,16153
Thrust#2,4194304,4096,3.14282,17326
Thrust#2,4194304,4096,3.14105,16166
Thrust#2,4194304,4096,3.14095,16158
Thrust#2,4194304,4096,3.14248,17273
Thrust#2,4194304,4096,3.14119,16178
Thrust#2,4194304,4096,3.14035,16155
Thrust#2,4194304,4096,3.14258,17319
Thrust#2,4194304,4096,3.1411,16175
Thrust#2,4194304,4096,3.14035,16150
Thrust#2,4194304,4096,3.14118,17289
Thrust#2,4194304,4096,3.14124,16166
Thrust#2,4194304,4096,3.143,16163
Thrust#2,4194304,4096,3.14131,17305
Thrust#2,4194304,4096,3.14214,16182
Thrust#2,4194304,4096,3.14136,16159
Thrust#2,4194304,4096,3.14091,17266
Thrust#2,4194304,4096,3.14149,16155
Thrust#2,4194304,4096,3.14234,16161
Thrust#2,4194304,4096,3.14124,17320
Thrust#2,4194304,4096,3.14209,16167
Thrust#2,4194304,4096,3.14125,16159
Thrust#2,4194304,4096,3.14136,17296
Thrust#2,4194304,4096,3.14036,16145
Thrust#2,4194304,4096,3.14164,16157
Thrust#2,4194304,4096,3.14098,17326
Thrust#2,4194304,4096,3.14324,16168
Thrust#2,4194304,4096,3.1416,16159
Thrust#2,4194304,4096,3.14227,17229
Thrust#2,4194304,4096,3.14108,16361
Thrust#2,4194304,4096,3.14272,17279
Thrust#2,4194304,4096,3.14135,16313
Thrust#2,4194304,4096,3.14108,16160
Thrust#2,4194304,4096,3.14118,17291
Thrust#2,4194304,4096,3.14016,16161
Thrust#2,4194304,4096,3.14236,16145
Thrust#2,4194304,4096,3.14231,17314
Thrust#2,4194304,4096,3.14087,16174
Thrust#2,4194304,4096,3.14184,16165
Thrust#2,4194304,4096,3.14177,17292
Thrust#2,4194304,4096,3.1418,16172
Thrust#2,4194304,4096,3.14171,16158
Thrust#2,4194304,4096,3.14208,17306
Thrust#2,4194304,4096,3.14269,16156
Thrust#2,4194304,4096,3.14042,16169
Thrust#2,4194304,4096,3.14064,17249
Thrust#2,4194304,4096,3.1424,16175
Thrust#2,4194304,4096,3.14232,16159
Thrust#2,4194304,4096,3.14194,17298
Thrust#2,4194304,4096,3.1416,16166
Thrust#2,4194304,4096,3.14238,16156
Thrust#2,4194304,4096,3.14115,17263
Thrust#2,4194304,4096,3.14196,16176
Thrust#2,4194304,4096,3.14076,16160
Thrust#2,4194304,4096,3.14116,17310
Thrust#2,4194304,4096,3.1406,16168
Thrust#2,4194304,4096,3.14154,16165
Thrust#2,4194304,4096,3.14181,17267
Thrust#2,4194304,4096,3.14145,16158
Thrust#2,4194304,4096,3.14122,16146
Thrust#2,4194304,4096,3.14245,17309
Thrust#2,4194304,4096,3.14155,16176
Thrust#2,4194304,4096,3.14139,16172
Thrust#2,4194304,4096,3.14086,17251
Thrust#2,4194304,4096,3.14181,16180
Thrust#2,4194304,4096,3.14181,16146
Thrust#2,4194304,4096,3.13931,17329
Thrust#2,4194304,4096,3.14088,16183
Thrust#2,4194304,4096,3.14194,16146
Thrust#2,4194304,4096,3.14179,17304
Thrust#2,4194304,4096,3.14174,16167
Thrust#2,4194304,4096,3.14122,16155
Thrust#2,4194304,4096,3.14054,17315
Thrust#2,4194304,4096,3.14105,16156
Thrust#2,4194304,4096,3.14161,16157
Thrust#2,4194304,4096,3.14117,17293
Thrust#2,4194304,4096,3.14075,16170
Thrust#2,4194304,4096,3.14021,16156
Thrust#2,4194304,4096,3.14176,17335
Thrust#2,4194304,4096,3.14222,16168
Thrust#2,4194304,4096,3.14145,16172
Thrust#2,4194304,4096,3.14197,17268
Thrust#2,4194304,4096,3.14104,16173
Thrust#2,4194304,4096,3.1426,16154
Thrust#2,4194304,4096,3.14191,17322
Thrust#2,4194304,4096,3.14226,16168
Thrust#2,4194304,4096,3.14175,16171
Thrust#2,4194304,8192,3.14222,19452
Thrust#2,4194304,8192,3.14115,18502
Thrust#2,4194304,8192,3.14209,18534
Thrust#2,4194304,8192,3.14161,19358
Thrust#2,4194304,8192,3.14095,18451
Thrust#2,4194304,8192,3.14245,19441
Thrust#2,4194304,8192,3.14171,18497
Thrust#2,4194304,8192,3.14065,19165
Thrust#2,4194304,8192,3.14172,18452
Thrust#2,4194304,8192,3.14091,19709
Thrust#2,4194304,8192,3.14064,18462
Thrust#2,4194304,8192,3.14256,19497
Thrust#2,4194304,8192,3.14261,18485
Thrust#2,4194304,8192,3.14109,19636
Thrust#2,4194304,8192,3.14095,19300
Thrust#2,4194304,8192,3.14166,17963
Thrust#2,4194304,8192,3.14137,18440
Thrust#2,4194304,8192,3.14174,19618
Thrust#2,4194304,8192,3.14084,18371
Thrust#2,4194304,8192,3.14103,19510
Thrust#2,4194304,8192,3.14079,18497
Thrust#2,4194304,8192,3.14136,19732
Thrust#2,4194304,8192,3.14156,18348
Thrust#2,4194304,8192,3.14117,19491
Thrust#2,4194304,8192,3.14096,18379
Thrust#2,4194304,8192,3.14097,19719
Thrust#2,4194304,8192,3.14103,18505
Thrust#2,4194304,8192,3.14306,19670
Thrust#2,4194304,8192,3.14135,19203
Thrust#2,4194304,8192,3.14163,18105
Thrust#2,4194304,8192,3.14127,18336
Thrust#2,4194304,8192,3.14117,19632
Thrust#2,4194304,8192,3.14267,18340
Thrust#2,4194304,8192,3.14155,19624
Thrust#2,4194304,8192,3.14171,18386
Thrust#2,4194304,8192,3.14136,19659
Thrust#2,4194304,8192,3.14246,19238
Thrust#2,4194304,8192,3.14207,18614
Thrust#2,4194304,8192,3.1416,18348
Thrust#2,4194304,8192,3.14088,19081
Thrust#2,4194304,8192,3.14151,18344
Thrust#2,4194304,8192,3.14202,19601
Thrust#2,4194304,8192,3.14221,18355
Thrust#2,4194304,8192,3.1418,19647
Thrust#2,4194304,8192,3.14045,18469
Thrust#2,4194304,8192,3.14092,19597
Thrust#2,4194304,8192,3.14123,18339
Thrust#2,4194304,8192,3.14114,19570
Thrust#2,4194304,8192,3.14169,18495
Thrust#2,4194304,8192,3.14155,19644
Thrust#2,4194304,8192,3.14228,19251
Thrust#2,4194304,8192,3.14255,18558
Thrust#2,4194304,8192,3.14201,18474
Thrust#2,4194304,8192,3.14283,19631
Thrust#2,4194304,8192,3.14167,18526
Thrust#2,4194304,8192,3.14297,19667
Thrust#2,4194304,8192,3.14001,18492
Thrust#2,4194304,8192,3.14215,19606
Thrust#2,4194304,8192,3.14212,18362
Thrust#2,4194304,8192,3.14203,19521
Thrust#2,4194304,8192,3.14171,18467
Thrust#2,4194304,8192,3.14002,19596
Thrust#2,4194304,8192,3.14113,18382
Thrust#2,4194304,8192,3.14046,19541
Thrust#2,4194304,8192,3.14244,19202
Thrust#2,4194304,8192,3.14269,18646
Thrust#2,4194304,8192,3.14259,18364
Thrust#2,4194304,8192,3.14109,19616
Thrust#2,4194304,8192,3.14204,18393
Thrust#2,4194304,8192,3.14081,19204
Thrust#2,4194304,8192,3.14268,18476
Thrust#2,4194304,8192,3.14243,19491
Thrust#2,4194304,8192,3.14152,18396
Thrust#2,4194304,8192,3.14143,19645
Thrust#2,4194304,8192,3.14262,18467
Thrust#2,4194304,8192,3.14098,19632
Thrust#2,4194304,8192,3.1414,18471
Thrust#2,4194304,8192,3.14139,19592
Thrust#2,4194304,8192,3.14277,18397
Thrust#2,4194304,8192,3.14162,19584
Thrust#2,4194304,8192,3.14176,18482
Thrust#2,4194304,8192,3.14043,19594
Thrust#2,4194304,8192,3.14225,18475
Thrust#2,4194304,8192,3.14002,19651
Thrust#2,4194304,8192,3.14126,18355
Thrust#2,4194304,8192,3.14065,19672
Thrust#2,4194304,8192,3.14028,18384
Thrust#2,4194304,8192,3.14214,19634
Thrust#2,4194304,8192,3.14161,18387
Thrust#2,4194304,8192,3.14196,19596
Thrust#2,4194304,8192,3.14025,18343
Thrust#2,4194304,8192,3.14136,19563
Thrust#2,4194304,8192,3.14268,18453
Thrust#2,4194304,8192,3.14106,19463
Thrust#2,4194304,8192,3.14106,18475
Thrust#2,4194304,8192,3.14165,19510
Thrust#2,4194304,8192,3.14143,18385
Thrust#2,4194304,8192,3.14135,19710
Thrust#2,4194304,8192,3.14061,18417
Thrust#2,4194304,8192,3.14224,19513
Thrust#2,4194304,16384,3.14135,28536
Thrust#2,4194304,16384,3.14093,29539
Thrust#2,4194304,16384,3.14166,29138
Thrust#2,4194304,16384,3.14162,28652
Thrust#2,4194304,16384,3.14015,29429
Thrust#2,4194304,16384,3.14084,29004
Thrust#2,4194304,16384,3.14091,28557
Thrust#2,4194304,16384,3.14163,29298
Thrust#2,4194304,16384,3.14309,29730
Thrust#2,4194304,16384,3.14254,28693
Thrust#2,4194304,16384,3.14158,29742
Thrust#2,4194304,16384,3.14203,28551
Thrust#2,4194304,16384,3.14124,29644
Thrust#2,4194304,16384,3.14091,28556
Thrust#2,4194304,16384,3.14131,29674
Thrust#2,4194304,16384,3.14125,28549
Thrust#2,4194304,16384,3.14145,29745
Thrust#2,4194304,16384,3.14147,28555
Thrust#2,4194304,16384,3.14141,29643
Thrust#2,4194304,16384,3.14147,28595
Thrust#2,4194304,16384,3.14237,29662
Thrust#2,4194304,16384,3.14148,28559
Thrust#2,4194304,16384,3.14076,29759
Thrust#2,4194304,16384,3.14148,28551
Thrust#2,4194304,16384,3.14079,29647
Thrust#2,4194304,16384,3.14128,28554
Thrust#2,4194304,16384,3.14209,29686
Thrust#2,4194304,16384,3.14173,28557
Thrust#2,4194304,16384,3.14226,29742
Thrust#2,4194304,16384,3.14248,28554
Thrust#2,4194304,16384,3.14209,29636
Thrust#2,4194304,16384,3.14198,28568
Thrust#2,4194304,16384,3.14077,29642
Thrust#2,4194304,16384,3.14187,28554
Thrust#2,4194304,16384,3.13981,29737
Thrust#2,4194304,16384,3.1414,28539
Thrust#2,4194304,16384,3.14254,29637
Thrust#2,4194304,16384,3.14178,28556
Thrust#2,4194304,16384,3.14046,29678
Thrust#2,4194304,16384,3.14192,28720
Thrust#2,4194304,16384,3.14075,29657
Thrust#2,4194304,16384,3.14225,28747
Thrust#2,4194304,16384,3.14091,29631
Thrust#2,4194304,16384,3.14124,28557
Thrust#2,4194304,16384,3.14111,29681
Thrust#2,4194304,16384,3.14084,28549
Thrust#2,4194304,16384,3.14171,29705
Thrust#2,4194304,16384,3.14124,28547
Thrust#2,4194304,16384,3.14054,29644
Thrust#2,4194304,16384,3.14277,28555
Thrust#2,4194304,16384,3.14182,29670
Thrust#2,4194304,16384,3.14291,28556
Thrust#2,4194304,16384,3.14319,29736
Thrust#2,4194304,16384,3.13979,28600
Thrust#2,4194304,16384,3.14207,29604
Thrust#2,4194304,16384,3.13997,28556
Thrust#2,4194304,16384,3.14208,29682
Thrust#2,4194304,16384,3.14245,28537
Thrust#2,4194304,16384,3.14234,29410
Thrust#2,4194304,16384,3.1406,28564
Thrust#2,4194304,16384,3.14249,29597
Thrust#2,4194304,16384,3.14094,28558
Thrust#2,4194304,16384,3.14219,29732
Thrust#2,4194304,16384,3.14125,28561
Thrust#2,4194304,16384,3.14169,29295
Thrust#2,4194304,16384,3.14204,28550
Thrust#2,4194304,16384,3.14192,29346
Thrust#2,4194304,16384,3.14151,28549
Thrust#2,4194304,16384,3.14094,29683
Thrust#2,4194304,16384,3.13998,28885
Thrust#2,4194304,16384,3.1425,29725
Thrust#2,4194304,16384,3.1418,28549
Thrust#2,4194304,16384,3.14198,29677
Thrust#2,4194304,16384,3.14113,28562
Thrust#2,4194304,16384,3.14069,28691
Thrust#2,4194304,16384,3.14236,29514
Thrust#2,4194304,16384,3.14249,29688
Thrust#2,4194304,16384,3.14197,28744
Thrust#2,4194304,16384,3.14091,29643
Thrust#2,4194304,16384,3.14036,28553
Thrust#2,4194304,16384,3.14102,29698
Thrust#2,4194304,16384,3.14188,28565
Thrust#2,4194304,16384,3.14242,29719
Thrust#2,4194304,16384,3.1417,28586
Thrust#2,4194304,16384,3.14108,29625
Thrust#2,4194304,16384,3.14169,28574
Thrust#2,4194304,16384,3.14166,29681
Thrust#2,4194304,16384,3.1419,28562
Thrust#2,4194304,16384,3.14228,29727
Thrust#2,4194304,16384,3.14131,28565
Thrust#2,4194304,16384,3.14206,29594
Thrust#2,4194304,16384,3.14174,28561
Thrust#2,4194304,16384,3.14193,29680
Thrust#2,4194304,16384,3.14111,28567
Thrust#2,4194304,16384,3.14213,29698
Thrust#2,4194304,16384,3.14082,28602
Thrust#2,4194304,16384,3.14095,29634
Thrust#2,4194304,16384,3.14146,28560
Thrust#2,4194304,16384,3.14322,29712
Thrust#2,4194304,16384,3.14063,28599
Thrust#2,4194304,32768,3.14205,54778
Thrust#2,4194304,32768,3.14158,54411
Thrust#2,4194304,32768,3.14249,54656
Thrust#2,4194304,32768,3.14131,53668
Thrust#2,4194304,32768,3.14154,54457
Thrust#2,4194304,32768,3.14339,54024
Thrust#2,4194304,32768,3.14239,53553
Thrust#2,4194304,32768,3.14128,54479
Thrust#2,4194304,32768,3.1437,54682
Thrust#2,4194304,32768,3.14185,53662
Thrust#2,4194304,32768,3.14006,54433
Thrust#2,4194304,32768,3.14175,54718
Thrust#2,4194304,32768,3.14193,53601
Thrust#2,4194304,32768,3.14185,54503
Thrust#2,4194304,32768,3.13992,54653
Thrust#2,4194304,32768,3.14093,53636
Thrust#2,4194304,32768,3.14119,54446
Thrust#2,4194304,32768,3.14221,54742
Thrust#2,4194304,32768,3.14151,53588
Thrust#2,4194304,32768,3.14072,54714
Thrust#2,4194304,32768,3.14128,54455
Thrust#2,4194304,32768,3.1423,54766
Thrust#2,4194304,32768,3.14234,53597
Thrust#2,4194304,32768,3.14138,54486
Thrust#2,4194304,32768,3.14154,53984
Thrust#2,4194304,32768,3.14148,53519
Thrust#2,4194304,32768,3.14163,54469
Thrust#2,4194304,32768,3.14262,54684
Thrust#2,4194304,32768,3.14181,53592
Thrust#2,4194304,32768,3.14163,54731
Thrust#2,4194304,32768,3.14209,54386
Thrust#2,4194304,32768,3.14159,54756
Thrust#2,4194304,32768,3.14274,53595
Thrust#2,4194304,32768,3.14185,54500
Thrust#2,4194304,32768,3.14133,54654
Thrust#2,4194304,32768,3.14202,53664
Thrust#2,4194304,32768,3.14117,54417
Thrust#2,4194304,32768,3.14344,54733
Thrust#2,4194304,32768,3.14099,53594
Thrust#2,4194304,32768,3.14112,54506
Thrust#2,4194304,32768,3.14156,54694
Thrust#2,4194304,32768,3.13989,53645
Thrust#2,4194304,32768,3.14263,54493
Thrust#2,4194304,32768,3.14192,54771
Thrust#2,4194304,32768,3.14144,53598
Thrust#2,4194304,32768,3.14174,54499
Thrust#2,4194304,32768,3.14179,54675
Thrust#2,4194304,32768,3.14099,53647
Thrust#2,4194304,32768,3.14158,54466
Thrust#2,4194304,32768,3.14091,54694
Thrust#2,4194304,32768,3.1423,53617
Thrust#2,4194304,32768,3.14207,54503
Thrust#2,4194304,32768,3.14291,54649
Thrust#2,4194304,32768,3.14319,53609
Thrust#2,4194304,32768,3.14132,54788
Thrust#2,4194304,32768,3.14189,54404
Thrust#2,4194304,32768,3.14228,54655
Thrust#2,4194304,32768,3.14062,53630
Thrust#2,4194304,32768,3.14246,54780
Thrust#2,4194304,32768,3.1407,54401
Thrust#2,4194304,32768,3.14134,54724
Thrust#2,4194304,32768,3.14373,53638
Thrust#2,4194304,32768,3.14117,54440
Thrust#2,4194304,32768,3.14233,54752
Thrust#2,4194304,32768,3.14316,53603
Thrust#2,4194304,32768,3.13972,54522
Thrust#2,4194304,32768,3.14206,54613
Thrust#2,4194304,32768,3.14092,53660
Thrust#2,4194304,32768,3.14235,54457
Thrust#2,4194304,32768,3.14137,54731
Thrust#2,4194304,32768,3.14052,53620
Thrust#2,4194304,32768,3.14097,54492
Thrust#2,4194304,32768,3.14119,54642
Thrust#2,4194304,32768,3.14133,53618
Thrust#2,4194304,32768,3.14307,54462
Thrust#2,4194304,32768,3.13968,54717
Thrust#2,4194304,32768,3.14132,53610
Thrust#2,4194304,32768,3.14132,54731
Thrust#2,4194304,32768,3.14252,54435
Thrust#2,4194304,32768,3.14289,53988
Thrust#2,4194304,32768,3.14321,53521
Thrust#2,4194304,32768,3.14128,54711
Thrust#2,4194304,32768,3.14164,54467
Thrust#2,4194304,32768,3.14067,54742
Thrust#2,4194304,32768,3.14254,53613
Thrust#2,4194304,32768,3.1412,54680
Thrust#2,4194304,32768,3.14151,54488
Thrust#2,4194304,32768,3.14173,54663
Thrust#2,4194304,32768,3.14127,53602
Thrust#2,4194304,32768,3.14157,54475
Thrust#2,4194304,32768,3.14275,54639
Thrust#2,4194304,32768,3.13985,53622
Thrust#2,4194304,32768,3.13981,54476
Thrust#2,4194304,32768,3.14121,54732
Thrust#2,4194304,32768,3.14109,53626
Thrust#2,4194304,32768,3.14247,54523
Thrust#2,4194304,32768,3.14033,54596
Thrust#2,4194304,32768,3.14097,53684
Thrust#2,4194304,32768,3.14222,54547
Thrust#2,4194304,32768,3.14094,54744
